0;1;2;3;4;5;6;7;8;9;10;11;12;13;14;15;16;17;18;19;20;21;22;23;24;25;26;27;28;29;30;31;32;33;34;35;36;37;38;39;40;41;42;43;44;45;46;47;48;49;50;51;52;53;54;55;56;57;58;59;60;61;62;63;64;65;66;67;68;69;70;71;72;73;74;75;76;77;78;79;80;81;82;83;84;85;86;87;88;89;90;91;92;93;94
-0.05749257;-0.003047391;-0.004216403;0.00076127914;0.0002058411;0.00011206327;6.0500548e-05;-1.0866062e-06;-8.165624e-05;-0.0154277515;0.067832;-0.074982494;0.020921495;0.055970285;-0.06494201;2.0744952e-05;0.00015925118;-0.00024233884;-2.1742959e-05;0.16051482;4.2998876e-05;0.37767842;0.07774707;-0.04666104;0.51210165;-0.033760343;0.007685452;-0.03836117;0.00016457813;0.37548357;0.05654903;-0.056414776;0.54980785;0.0071785483;0.015560616;-0.09562942;4.4794302e-05;6.200113e-05;-0.00014791192;-0.34617817;0.034683514;-0.06819;0.41350624;0.031360082;0.0047731143;0.073524736;0.00014843074;-0.00019778693;-0.3454231;0.052378893;-0.10012387;0.38822636;-0.034140468;0.06973095;-0.001461367;-0.49444985;0.15262084;0.06524639;0.27020565;0.36617592;-0.1786192;0.38870892;0.46635327;0.35883188;-0.23927721;0.38941866;0.45683146;0.3591264;-0.020669235;0.48128715;0.50397843;0.32034603;0.04842465;0.4990355;0.4649673;-0.48297364;0.17775565;0.10503681;0.34684896;0.36026478;-0.2033465;0.45765102;0.4607242;0.46053416;-0.3303229;0.5309762;0.5208581;0.47906628;-0.015389078;0.5607862;0.49716383;0.41970715;0.16991264;0.5438111;0.44662914
-0.05893463;-0.0067854174;-0.0002856087;0.00055660616;0.00015681062;0.0009982114;-0.00051184976;-1.1558009e-06;-6.203922e-05;0.006099301;0.08285256;-0.19302282;0.058068946;0.07744001;-0.19758882;7.5858545e-05;0.00026067742;-0.00018436558;-3.264052e-05;0.21561877;2.3740438e-05;0.43487212;0.06713223;-0.051701717;0.68474567;-0.04751619;0.0026028468;-0.04756254;0.0001248479;0.44347706;0.054895;-0.05801047;0.69424856;0.04806101;0.0022825222;-0.11548951;7.63289e-05;4.727827e-05;-0.000113209586;-0.43226808;0.04028744;-0.12045856;0.5248045;0.040416475;0.073008224;0.1326936;0.00025251397;-0.00014833125;-0.36857876;0.075205356;-0.16301368;0.44702348;-0.08976422;0.11683219;0.014632551;-0.7922065;-0.15625167;-0.20707437;0.14925694;0.33532926;-0.26078254;0.2547021;0.45061687;0.124298304;-0.08388077;-0.11929649;0.32246143;0.10457566;-0.21759531;0.0912936;0.42572382;0.081723854;-0.2156628;0.1324638;0.34186274;-0.8030216;-0.21882418;-0.16665675;0.24372922;0.20033455;-0.16693705;0.21338499;0.27780288;0.31877917;-0.19698104;0.07662969;0.15996741;0.20902099;0.041271467;-0.05681364;0.16567439;0.075159624;0.33075014;0.054247905;0.097689606
-0.059583098;-0.011582861;0.0014536487;0.000372255;0.00011682893;0.0016364903;-0.0010461158;-9.409106e-07;-4.6695743e-05;-0.004697534;0.09211852;-0.23713644;0.05156102;0.08895624;-0.24260841;0.00011599156;0.00033860124;-0.00013505992;-4.377232e-05;0.24239682;1.0425381e-05;0.47264937;0.070827685;-0.057879224;0.79075557;-0.079351775;0.0046283137;-0.057381626;9.094893e-05;0.4926943;0.05260271;-0.060965672;0.77036315;0.09602977;0.0018377041;-0.12511596;0.00010104607;3.4403085e-05;-8.47391e-05;-0.49877405;0.06333709;-0.15228899;0.5709234;0.049451347;0.12907495;0.15663016;0.00034312834;-0.00010627543;-0.42877066;0.090800725;-0.18695077;0.5169075;-0.14692368;0.14313327;0.052784897;-0.912441;-0.3111204;-0.3609654;0.07105914;0.3371687;-0.36304557;0.19609462;0.48083696;0.035839472;-0.064832464;-0.32386166;0.2847225;0.018158;-0.3171322;-0.047864422;0.41661733;-0.002604892;-0.3298257;0.009213417;0.27328798;-0.93730927;-0.52671367;-0.34936544;0.17743011;0.0646309;-0.17033742;-0.034727897;0.11105012;0.25965756;-0.023710357;-0.28611466;-0.13447744;-0.03097084;-0.033167638;-0.55362856;-0.087219864;-0.20666228;0.4274795;-0.35710898;-0.18168902
-0.0596983;-0.014329571;0.0008477165;0.00022758025;8.696393e-05;0.0014827199;-0.001600806;-5.480622e-07;-3.569678e-05;-0.016248252;0.093542606;-0.25951615;0.036988437;0.092971064;-0.26207975;0.0001498383;0.00041660064;-9.785831e-05;-5.6731056e-05;0.24377999;5.7767247e-06;0.49518514;0.08140315;-0.062106527;0.8468369;-0.103677146;0.011831821;-0.07466351;6.493111e-05;0.52619356;0.052347515;-0.06585961;0.8154302;0.13720255;0.006560637;-0.12923774;0.00012640835;2.4325334e-05;-6.338688e-05;-0.5565853;0.095972866;-0.161385;0.5888902;0.029824413;0.18512936;0.1428494;0.00044028513;-7.402297e-05;-0.4737633;0.08559933;-0.18056189;0.56339866;-0.17485839;0.13505907;0.13452259;-0.9545758;-0.37580478;-0.4308951;0.027001755;0.32806462;-0.44471875;0.16829889;0.4830549;-0.005004345;-0.08461015;-0.39008623;0.24716774;-0.028644983;-0.39238575;-0.090861656;0.39806792;-0.054832567;-0.39255327;-0.051789626;0.22598904;-0.9750088;-0.7375205;-0.473644;0.12477446;-0.07384188;-0.19203022;-0.25867534;-0.03337131;0.15330139;0.1744826;-0.56637955;-0.37802485;-0.30425596;-0.18612589;-0.8149542;-0.27066228;-0.4937739;0.44398192;-0.6492065;-0.36864343
-0.060293596;-0.015594917;-0.0011896647;0.00012878387;6.728624e-05;0.0009913767;-0.001992174;-1.5064302e-07;-2.856474e-05;-0.01994999;0.08838275;-0.27482536;0.02862735;0.08999838;-0.27387863;0.00016820621;0.00047667543;-7.296467e-05;-6.6144064e-05;0.23728427;5.6640056e-06;0.511617;0.091763936;-0.06350956;0.87154216;-0.12431193;0.017604096;-0.08927722;4.741327e-05;0.5486722;0.051790252;-0.07071167;0.8476539;0.16033812;0.013362017;-0.1301301;0.00014513262;1.7413404e-05;-4.9157592e-05;-0.6048483;0.124122076;-0.16050056;0.60235435;0.005557427;0.21287769;0.1196799;0.0005180584;-5.236517e-05;-0.5047671;0.072111934;-0.15908882;0.58556265;-0.16439492;0.10566284;0.22924995;-0.9697889;-0.38017997;-0.42567977;0.031024417;0.33549267;-0.49577963;0.18232378;0.48770887;0.034059387;-0.147916;-0.3176192;0.26440006;-0.010274856;-0.4248478;-0.00924039;0.41162482;-0.051963694;-0.39443916;-0.0011602931;0.24677779;-0.98642373;-0.8345057;-0.5291731;0.09970348;-0.13713862;-0.22957161;-0.36244273;-0.07936066;0.1022686;0.30857888;-0.67383385;-0.48585007;-0.4613915;-0.34415293;-0.89398736;-0.320502;-0.64817053;0.41395774;-0.7563499;-0.4149843
-0.061309304;-0.01595016;-0.0027146263;6.1000814e-05;5.3535536e-05;0.0003975628;-0.002305136;1.8322226e-07;-2.376196e-05;-0.016124958;0.08335807;-0.29003248;0.028377427;0.08719083;-0.28824478;0.00017900209;0.0005340617;-5.5672892e-05;-7.3825606e-05;0.23208421;7.1227987e-06;0.5230879;0.0976917;-0.06317045;0.8820752;-0.13558204;0.023778873;-0.097347096;3.5170568e-05;0.5644835;0.052298706;-0.07380276;0.87377757;0.16772725;0.018240051;-0.12996234;0.00016207897;1.2630473e-05;-3.9078484e-05;-0.64197;0.14095944;-0.15713795;0.62344915;-0.019797565;0.22233845;0.098794006;0.00058935635;-3.7306338e-05;-0.5332413;0.058942366;-0.13810326;0.59810686;-0.13976802;0.07707581;0.30325547;-0.97697526;-0.3796806;-0.3952128;0.057261873;0.33248767;-0.518209;0.19815876;0.49000368;0.069548264;-0.1877446;-0.23918693;0.2858774;0.0004248693;-0.4532616;0.06372419;0.41872534;-0.063671835;-0.3999069;0.044602662;0.27497986;-0.99118805;-0.88781404;-0.55501205;0.08405951;-0.17237586;-0.2515867;-0.41950205;-0.0939465;0.063572906;0.43194556;-0.73327476;-0.5485323;-0.57174385;-0.49030128;-0.93023014;-0.33600703;-0.7441175;0.360504;-0.80677974;-0.4237233
-0.062353678;-0.015954668;-0.0034459801;1.9368716e-05;4.519713e-05;-0.00011766941;-0.0025499912;4.353268e-07;-2.1300075e-05;-0.008936781;0.08118369;-0.2996106;0.031980928;0.08656642;-0.29871842;0.00018412179;0.0005852655;-4.511699e-05;-7.963263e-05;0.22924471;8.776973e-06;0.52959263;0.09994623;-0.061889865;0.8837903;-0.14177543;0.03091428;-0.09875316;2.757863e-05;0.57333684;0.05315882;-0.07482829;0.891266;0.16518569;0.022083139;-0.12879688;0.00017643772;9.759882e-06;-3.2851138e-05;-0.6658623;0.14915875;-0.15148589;0.6423303;-0.04235608;0.22657892;0.086005524;0.00065001845;-2.8064343e-05;-0.5606298;0.048328567;-0.1213882;0.6060278;-0.10728745;0.054646146;0.34390467;-0.98099226;-0.3765563;-0.36245546;0.087658025;0.3193911;-0.52868164;0.21138811;0.48629072;0.090085246;-0.20751512;-0.1811378;0.30066514;-0.000943828;-0.48124066;0.1090171;0.41586226;-0.08461019;-0.4135877;0.07199784;0.2883467;-0.9934992;-0.9205358;-0.56223756;0.07606453;-0.19295256;-0.25427547;-0.4531395;-0.09542729;0.035036;0.5476446;-0.7700319;-0.59041977;-0.6519252;-0.61501694;-0.9497563;-0.33760315;-0.8028257;0.29990247;-0.8343271;-0.4288366
-0.06316079;-0.015771564;-0.0034938175;-3.236346e-06;4.1034742e-05;-0.0005239236;-0.0027331607;6.250017e-07;-2.0559295e-05;-0.0019432579;0.0816257;-0.30146053;0.035941985;0.08771354;-0.30198598;0.00018376263;0.00062730006;-3.9535866e-05;-8.322864e-05;0.22763468;1.0256441e-05;0.53238875;0.09986239;-0.060458925;0.88112855;-0.14447525;0.03808928;-0.09577399;2.3437111e-05;0.576805;0.054541174;-0.07451628;0.901607;0.15738387;0.02489979;-0.12720002;0.00018755847;8.2861225e-06;-2.9634597e-05;-0.6788299;0.15072091;-0.14344709;0.6539107;-0.0625442;0.2303666;0.07955801;0.00069817336;-2.3147353e-05;-0.584547;0.041109722;-0.10772944;0.61013424;-0.07365653;0.037082538;0.34976745;-0.98351926;-0.36999014;-0.33283493;0.11645732;0.30180937;-0.5349404;0.22386552;0.47656018;0.09949;-0.21583341;-0.13968189;0.30931786;-0.0077440897;-0.5070944;0.13545217;0.40543053;-0.10724203;-0.43067998;0.087385066;0.2823106;-0.9947287;-0.9408074;-0.55647147;0.07440255;-0.20058352;-0.24217346;-0.46934757;-0.090037435;0.01849082;0.64428836;-0.7914921;-0.6183117;-0.7056501;-0.71190333;-0.960198;-0.32927957;-0.8366129;0.2388738;-0.848747;-0.4330019
-0.063677296;-0.015468974;-0.003107473;-1.41864875e-05;3.9368068e-05;-0.000837003;-0.0028653338;7.707232e-07;-2.0734267e-05;0.0031664711;0.0837701;-0.2968338;0.038616;0.08983528;-0.298601;0.00017838631;0.00065983355;-3.6892627e-05;-8.448377e-05;0.2263471;1.1446282e-05;0.53286904;0.09871071;-0.05940444;0.87728906;-0.14407882;0.044350665;-0.090615675;2.136083e-05;0.57700807;0.05652958;-0.073634885;0.9071714;0.14771974;0.026657682;-0.12594746;0.00019566494;7.637835e-06;-2.8246868e-05;-0.68444276;0.14763182;-0.13413861;0.6586884;-0.080516644;0.23469745;0.077445865;0.00073477795;-2.0849984e-05;-0.60334617;0.0372404;-0.09522552;0.6092031;-0.0440735;0.022169372;0.3278389;-0.9852549;-0.3631161;-0.3064689;0.14260934;0.28410712;-0.5404914;0.23556171;0.46216363;0.10235998;-0.21809402;-0.11086726;0.31164917;-0.016075362;-0.53022027;0.14794949;0.38769644;-0.12851734;-0.44851285;0.09424567;0.25874686;-0.9954371;-0.9535415;-0.54406965;0.07528719;-0.19892174;-0.21986741;-0.47276565;-0.0825134;0.0095732035;0.71759737;-0.8045118;-0.6374757;-0.7394181;-0.7815635;-0.9658842;-0.31628868;-0.85507685;0.18179479;-0.8552294;-0.43498126
-0.0639556;-0.015098186;-0.0025394508;-1.8856605e-05;3.8902406e-05;-0.0010836493;-0.0029568826;8.865644e-07;-2.1245178e-05;0.0063989777;0.08659872;-0.2878699;0.03993141;0.09213876;-0.29029936;0.00016975866;0.0006831825;-3.571433e-05;-8.377576e-05;0.22483829;1.2366447e-05;0.5320258;0.09729324;-0.058867507;0.87403965;-0.14117303;0.049184572;-0.08471455;2.0339983e-05;0.57567394;0.05890185;-0.07271656;0.90989125;0.13842271;0.027351774;-0.12548552;0.00020116905;7.405317e-06;-2.7765636e-05;-0.685632;0.14159119;-0.12484806;0.6590097;-0.09588968;0.23875396;0.07841683;0.0007612553;-1.9913976e-05;-0.6165214;0.035990126;-0.082763284;0.60254097;-0.020464348;0.0076230667;0.28790024;-0.9865256;-0.3588479;-0.2825023;0.1662226;0.26872838;-0.546487;0.24571344;0.44484824;0.10233801;-0.2175999;-0.09282398;0.30742228;-0.02423144;-0.55128604;0.14890596;0.3637414;-0.14716928;-0.46583727;0.094084725;0.2228626;-0.99588084;-0.9617627;-0.5299494;0.07596881;-0.19170743;-0.19216155;-0.46752718;-0.07549501;0.004304736;0.76953536;-0.8133623;-0.6512463;-0.7594482;-0.82910776;-0.9691096;-0.30235648;-0.8641413;0.13190168;-0.8568001;-0.43396837
-0.0640738;-0.014694138;-0.0019361805;-2.0590494e-05;3.8844373e-05;-0.0012912077;-0.0030170423;9.837312e-07;-2.1771906e-05;0.008290446;0.089479946;-0.2763241;0.040280152;0.09420503;-0.2787026;0.00016025802;0.0006979409;-3.513298e-05;-8.182872e-05;0.22282916;1.31286215e-05;0.5304055;0.09591736;-0.058792364;0.8721712;-0.13638303;0.05253999;-0.0788722;1.9769228e-05;0.5739221;0.0613689;-0.07199078;0.9111169;0.13024628;0.027127545;-0.12580976;0.00020444984;7.3446427e-06;-2.7618371e-05;-0.6844141;0.13382012;-0.11636393;0.6571529;-0.108372785;0.24118868;0.081171334;0.0007790149;-1.9564002e-05;-0.624638;0.03633691;-0.07010044;0.5909227;-0.0018711216;-0.008038209;0.23925196;-0.9875225;-0.35822827;-0.25996402;0.18758701;0.25602782;-0.552395;0.25356612;0.4263936;0.10087417;-0.21515377;-0.08504034;0.29721236;-0.032129128;-0.5716515;0.14013599;0.33558494;-0.16346063;-0.4828994;0.08756609;0.1801152;-0.9961888;-0.9672274;-0.51641214;0.07579896;-0.1818263;-0.16329876;-0.45731845;-0.0703052;0.000575397;0.8048643;-0.8199775;-0.66126966;-0.77062523;-0.86075544;-0.97103614;-0.28937912;-0.86753863;0.09059764;-0.8553501;-0.42996228
-0.064097956;-0.014267784;-0.0013535465;-2.1179789e-05;3.8793165e-05;-0.0014799198;-0.0030539497;1.0700686e-06;-2.2176428e-05;0.009038984;0.092215024;-0.26340517;0.039717957;0.09598201;-0.265091;0.0001515028;0.0007055606;-3.4717872e-05;-7.932344e-05;0.22026491;1.3843583e-05;0.52828175;0.094640724;-0.059064418;0.8718897;-0.13023469;0.054562207;-0.07355236;1.9341547e-05;0.5723471;0.06373517;-0.071485765;0.911702;0.122912854;0.026247965;-0.12670143;0.00020595908;7.331335e-06;-2.750926e-05;-0.6821269;0.12524614;-0.108828254;0.654458;-0.11808346;0.24113989;0.08452393;0.0007898661;-1.939389e-05;-0.6287501;0.03733475;-0.057438087;0.5758876;0.014025646;-0.025221666;0.18893875;-0.98837173;-0.36097986;-0.23810554;0.20696591;0.2450912;-0.55752707;0.25891307;0.4083996;0.0978466;-0.21016464;-0.086946435;0.28232646;-0.040460944;-0.5924884;0.123350255;0.30533576;-0.1783865;-0.5005858;0.07516828;0.13482115;-0.99642694;-0.9709395;-0.5037586;0.07535005;-0.17107207;-0.1361499;-0.44511673;-0.06738916;-0.0024893566;0.8285958;-0.8250301;-0.66809744;-0.7763838;-0.88179237;-0.9722586;-0.27817437;-0.8677394;0.057414994;-0.8521419;-0.42348048
-0.06407239;-0.0138123715;-0.0008095314;-2.1437067e-05;3.8584127e-05;-0.001661081;-0.0030742353;1.1499031e-06;-2.2413296e-05;0.008521297;0.09478012;-0.2499842;0.038018946;0.097540155;-0.25049844;0.00014399065;0.00070816925;-3.4282042e-05;-7.669247e-05;0.21723291;1.4572404e-05;0.5258187;0.09345234;-0.059568863;0.87307894;-0.12311414;0.055427775;-0.06904434;1.8923121e-05;0.57120633;0.06593114;-0.071171656;0.9121523;0.11593881;0.024931984;-0.12793928;0.00020622692;7.3107003e-06;-2.7312039e-05;-0.67965376;0.1166008;-0.10200629;0.65137094;-0.12544923;0.23851539;0.087695085;0.000795928;-1.9222323e-05;-0.629854;0.03832403;-0.04502804;0.5588654;0.02938241;-0.043593656;0.14126928;-0.9891474;-0.36625746;-0.21657667;0.22451456;0.23476815;-0.56169;0.2621336;0.39212394;0.09274037;-0.20211637;-0.09716276;0.26436943;-0.049903624;-0.61422265;0.10029179;0.27475598;-0.19288209;-0.51950824;0.05755144;0.0901206;-0.9966271;-0.97348726;-0.49148446;0.07543645;-0.16031012;-0.11231685;-0.4330112;-0.06648937;-0.005268171;0.8447392;-0.8288;-0.6718207;-0.7789362;-0.8959542;-0.97309136;-0.26902667;-0.8663498;0.030912718;-0.848015;-0.41514766
-0.06402262;-0.01331757;-0.0003116876;-2.1649408e-05;3.816854e-05;-0.0018390416;-0.0030826146;1.2247593e-06;-2.2476546e-05;0.006590516;0.09713317;-0.23668034;0.034978494;0.098898895;-0.23572013;0.00013755183;0.0007078544;-3.3752032e-05;-7.413913e-05;0.21386279;1.5330486e-05;0.5231445;0.092336;-0.060219932;0.8754828;-0.1152579;0.05530203;-0.065518335;1.8463106e-05;0.5705657;0.06797006;-0.07102278;0.91274685;0.10904018;0.023293413;-0.12937176;0.00020574569;7.262781e-06;-2.6985857e-05;-0.67752117;0.10841445;-0.09552959;0.6478412;-0.13099256;0.233741;0.09028804;0.0007991175;-1.898149e-05;-0.6287134;0.038947966;-0.03302847;0.5408786;0.045512088;-0.06252409;0.09831166;-0.989882;-0.3731114;-0.1954006;0.24022205;0.2242307;-0.5650372;0.26389864;0.37835282;0.0852585;-0.19113424;-0.11370534;0.24486922;-0.060803786;-0.63651353;0.07270487;0.24513148;-0.20751606;-0.53966725;0.035702325;0.048198193;-0.9968039;-0.9752282;-0.47907743;0.07664308;-0.14984274;-0.09247595;-0.42226976;-0.06693454;-0.008076174;0.8560805;-0.83157825;-0.67251265;-0.77964497;-0.90564066;-0.9737092;-0.26196325;-0.86437774;0.0094913775;-0.84350914;-0.40549675
-0.06396124;-0.012778924;0.00013565086;-2.1838583e-05;3.755762e-05;-0.002013747;-0.0030820658;1.2943996e-06;-2.2381297e-05;0.0032158976;0.09916696;-0.22387733;0.030542394;0.0999894;-0.22129302;0.00013183744;0.00070618896;-3.3114455e-05;-7.173153e-05;0.21026663;1.610758e-05;0.5203647;0.09128232;-0.060965795;0.8787972;-0.10678167;0.054330435;-0.06304584;1.7953556e-05;0.57037795;0.069895044;-0.07102125;0.9136052;0.10213907;0.02137914;-0.13091213;0.00020488352;7.185452e-06;-2.6535054e-05;-0.67595446;0.10102469;-0.0889964;0.6436255;-0.1352131;0.22744599;0.09213575;0.00080081343;-1.8661842e-05;-0.6258978;0.039084982;-0.021528792;0.5226332;0.06285355;-0.08136663;0.06066836;-0.9905798;-0.38074717;-0.17485605;0.25393254;0.21308655;-0.56780165;0.26488468;0.3673883;0.07542339;-0.17783384;-0.13447134;0.22508733;-0.07319415;-0.6585569;0.042214565;0.21726876;-0.22249806;-0.5605307;0.010860402;0.010387637;-0.99696296;-0.9763811;-0.46627337;0.0792414;-0.13971283;-0.076610975;-0.41355428;-0.0680079;-0.011218664;0.86439884;-0.8336902;-0.6703521;-0.7793207;-0.9123365;-0.9742097;-0.25686008;-0.86242455;-0.008265396;-0.8389599;-0.3949172
-0.06389309;-0.012201413;0.00052945537;-2.1897606e-05;3.6797646e-05;-0.002182665;-0.0030744132;1.3577213e-06;-2.2157e-05;-0.0015190678;0.100742236;-0.21178827;0.024791721;0.10069542;-0.20754902;0.00012657384;0.0007041441;-3.2394077e-05;-6.9481415e-05;0.20652841;1.6881186e-05;0.5175628;0.09028984;-0.061776046;0.8827092;-0.09773762;0.052640337;-0.061613396;1.7412225e-05;0.570527;0.07174526;-0.07114943;0.9147349;0.09527691;0.019222265;-0.13251169;0.00020387207;7.0862734e-06;-2.5990317e-05;-0.67494386;0.09461082;-0.08202187;0.63845557;-0.13855831;0.22028486;0.093202494;0.00080182846;-1.828617e-05;-0.62187093;0.038767014;-0.010607228;0.5046657;0.08118868;-0.099576175;0.028149586;-0.9912322;-0.38861805;-0.1553522;0.26543477;0.20130521;-0.5701485;0.2656278;0.35915458;0.06350779;-0.1629924;-0.1575714;0.2059838;-0.08688297;-0.6794393;0.010246131;0.19157973;-0.23776953;-0.5812711;-0.015649268;-0.022709262;-0.997105;-0.97708;-0.4530472;0.08325258;-0.12990579;-0.06422554;-0.4071733;-0.069201216;-0.01492575;0.8707648;-0.83540857;-0.66558856;-0.7784267;-0.9169571;-0.9746425;-0.25350553;-0.86082107;-0.023499735;-0.83456963;-0.38367313
-0.06381842;-0.011598724;0.0008668147;-2.166431e-05;3.595624e-05;-0.0023422688;-0.003060936;1.4133956e-06;-2.1841712e-05;-0.007455638;0.101739064;-0.20054343;0.017894123;0.10091115;-0.19469947;0.000121638106;0.0007022101;-3.1640753e-05;-6.7391025e-05;0.2027133;1.762488e-05;0.51480097;0.0893633;-0.06262588;0.88692087;-0.08818253;0.050356373;-0.06113417;1.6872582e-05;0.5708604;0.073540166;-0.0713856;0.9160737;0.08855147;0.016876264;-0.13413453;0.00020283618;6.977745e-06;-2.5398404e-05;-0.6743284;0.0892367;-0.074282266;0.6321305;-0.14141381;0.21285222;0.09356105;0.00080254284;-1.7895713e-05;-0.61704636;0.03809564;-0.00035299733;0.48741028;0.09992927;-0.11673947;0.00025753677;-0.99182636;-0.39640814;-0.13731304;0.27455223;0.18909891;-0.5721326;0.2664876;0.3533468;0.049952853;-0.14730456;-0.18145452;0.18825434;-0.10152488;-0.698389;-0.02198375;0.16821535;-0.25308666;-0.6009968;-0.042560734;-0.05103384;-0.9972285;-0.97740877;-0.43954685;0.088520736;-0.120464735;-0.054576766;-0.4032554;-0.07027241;-0.0193309;0.8757899;-0.83689517;-0.6584959;-0.7772253;-0.92006695;-0.9750273;-0.25166583;-0.8597238;-0.037043206;-0.83046085;-0.371952
-0.06373467;-0.010989718;0.0011444221;-2.0964188e-05;3.5111443e-05;-0.0024892497;-0.003042818;1.460331e-06;-2.1476102e-05;-0.014390701;0.102092884;-0.1902528;0.010065313;0.10058089;-0.1829011;0.00011704964;0.00070056797;-3.091665e-05;-6.547624e-05;0.19887856;1.8315033e-05;0.51211894;0.08851024;-0.06348545;0.8911649;-0.078232765;0.047618344;-0.06146181;1.6375852e-05;0.57122;0.07527813;-0.07170427;0.9175243;0.08208152;0.014423646;-0.13574225;0.000201833;6.8744994e-06;-2.4813693e-05;-0.67388076;0.084890865;-0.06555987;0.624567;-0.14408463;0.20562944;0.09339249;0.0008030755;-1.754021e-05;-0.61179286;0.037168816;0.009153047;0.47119159;0.118386105;-0.13257045;-0.023514865;-0.99235237;-0.4039684;-0.12108611;0.28119445;0.17681049;-0.5737179;0.2676593;0.34956476;0.035295982;-0.13129847;-0.20492585;0.1723721;-0.11668419;-0.7148816;-0.053449005;0.147207;-0.268102;-0.6189208;-0.068774655;-0.07484807;-0.99733174;-0.9774245;-0.42602932;0.094766326;-0.11152735;-0.046896417;-0.4018216;-0.07117334;-0.024490567;0.8798114;-0.83819383;-0.6493552;-0.7758785;-0.92201394;-0.9753664;-0.25113595;-0.8591799;-0.049399655;-0.8267053;-0.35992256
-0.063637555;-0.010394008;0.0013589696;-1.964462e-05;3.43399e-05;-0.0026213871;-0.0030213892;1.4979483e-06;-2.1098138e-05;-0.022096308;0.10180777;-0.18102178;0.001544258;0.09971343;-0.17227982;0.00011292925;0.00069924444;-3.0285766e-05;-6.377442e-05;0.195078;1.8936462e-05;0.50953615;0.08773696;-0.064317316;0.8952196;-0.06808697;0.0445876;-0.06241158;1.5963742e-05;0.5714714;0.07694388;-0.0720796;0.91898346;0.07598685;0.01196187;-0.1372924;0.00020088663;6.790804e-06;-2.4290406e-05;-0.67338014;0.081514925;-0.055780955;0.61581695;-0.14677861;0.1989502;0.09296563;0.00080343755;-1.7269049e-05;-0.6064139;0.036032517;0.017877925;0.45619807;0.13596052;-0.14688389;-0.043545626;-0.99280447;-0.41125113;-0.1068858;0.2853696;0.16482309;-0.5748277;0.26920074;0.34739497;0.020101575;-0.11537082;-0.22713985;0.15861163;-0.13189971;-0.7286388;-0.08331432;0.12856553;-0.2824486;-0.6344517;-0.09343907;-0.09454465;-0.9974131;-0.97716844;-0.41280228;0.10163089;-0.10329866;-0.040540975;-0.40279242;-0.071946;-0.030406052;0.88302124;-0.8392571;-0.6384596;-0.77450585;-0.9230133;-0.9756552;-0.25176576;-0.8591668;-0.060768273;-0.82333684;-0.34777814
-0.06352236;-0.00982844;0.0015081178;-1.7597806e-05;3.3706514e-05;-0.0027379233;-0.0029981895;1.5262598e-06;-2.073888e-05;-0.030337065;0.10094889;-0.17293254;-0.0074266884;0.098373674;-0.16291901;0.00010944593;0.0006982268;-2.9803079e-05;-6.234065e-05;0.19136146;1.948433e-05;0.5070551;0.0870463;-0.06508026;0.8989198;-0.05801363;0.041436724;-0.06378583;1.5671525e-05;0.5715222;0.07851846;-0.07248952;0.9203605;0.07037714;0.009579289;-0.13874476;0.00020001145;6.7385336e-06;-2.3874134e-05;-0.6726562;0.079021074;-0.0450303;0.60605216;-0.14960259;0.1929883;0.09259155;0.00080363266;-1.7123763e-05;-0.6011297;0.034668267;0.025868643;0.44247118;0.15223627;-0.15956235;-0.060073487;-0.99318326;-0.4182558;-0.09478371;0.28717658;0.1534973;-0.5753988;0.27106363;0.3464545;0.0048950105;-0.099864684;-0.2475862;0.14706726;-0.14674455;-0.73957366;-0.11095605;0.112321414;-0.295814;-0.64722407;-0.11599368;-0.11052206;-0.9974721;-0.9766747;-0.40016693;0.10872672;-0.09599681;-0.035056833;-0.40599024;-0.07265609;-0.037024997;0.885549;-0.839988;-0.62612355;-0.773209;-0.92320675;-0.9758882;-0.25345552;-0.85961705;-0.071109414;-0.820356;-0.33575344
-0.06338486;-0.009305374;0.0015915249;-1.4779391e-05;3.3255987e-05;-0.00283945;-0.0029748762;1.5457914e-06;-2.0420091e-05;-0.038886618;0.09962316;-0.16601655;-0.016619088;0.096662425;-0.15483728;0.000106767184;0.0006975234;-2.9506948e-05;-6.1238345e-05;0.1877731;1.996254e-05;0.5046703;0.086437196;-0.06573627;0.90215856;-0.048313513;0.03832892;-0.06539782;1.5522935e-05;0.57132983;0.07998648;-0.072918184;0.921587;0.06534428;0.0073378575;-0.14006914;0.00019922393;6.7256115e-06;-2.3596396e-05;-0.67160153;0.077302635;-0.033535108;0.59552246;-0.15257981;0.1877749;0.09257122;0.0008037091;-1.7132086e-05;-0.5960755;0.033011205;0.033255048;0.42992717;0.16698496;-0.17053378;-0.073262505;-0.99349296;-0.42498735;-0.08473431;0.28679243;0.14313324;-0.5754172;0.27313048;0.3464101;-0.009878921;-0.0851126;-0.26605082;0.13768525;-0.16086525;-0.7477322;-0.13597266;0.09851835;-0.30797756;-0.6570822;-0.13616425;-0.12312945;-0.99750954;-0.97597355;-0.38837016;0.115686595;-0.08980605;-0.030168055;-0.4111636;-0.07336984;-0.044230193;0.88750815;-0.8402758;-0.6126798;-0.77207214;-0.9226992;-0.9760616;-0.25613865;-0.86043656;-0.080233805;-0.8177371;-0.32411167
-0.06322204;-0.008832792;0.001611615;-1.12080015e-05;3.3009797e-05;-0.0029274626;-0.0029530674;1.5574027e-06;-2.0154228e-05;-0.047542278;0.09795733;-0.16023758;-0.025832126;0.094694816;-0.1479779;0.00010501969;0.0006971855;-2.9415358e-05;-6.0527662e-05;0.18435016;2.037987e-05;0.502377;0.08590609;-0.06625663;0.90488285;-0.039277032;0.035399314;-0.06708853;1.5527898e-05;0.57089657;0.081338204;-0.0733554;0.9226177;0.060957447;0.0052681374;-0.14124899;0.00019854549;6.755414e-06;-2.3471657e-05;-0.6701614;0.07624287;-0.021622121;0.58450603;-0.15567347;0.18323413;0.09315496;0.0008037655;-1.7305661e-05;-0.59131444;0.0309825;0.040227287;0.4183945;0.18012433;-0.17976682;-0.08328427;-0.9937413;-0.43143177;-0.07661604;0.28445968;0.13395269;-0.5749289;0.2752523;0.34698763;-0.02386882;-0.071431324;-0.28254467;0.13031134;-0.17399327;-0.7532509;-0.15817204;0.087182306;-0.31881288;-0.6640426;-0.15390995;-0.13266167;-0.9975269;-0.9750937;-0.37757832;0.12220123;-0.084855326;-0.02572537;-0.4180291;-0.07415821;-0.051835604;0.8890094;-0.84001964;-0.598464;-0.7711556;-0.9215782;-0.9761751;-0.25976437;-0.8615218;-0.08788379;-0.81543773;-0.31311348
-0.0630324;-0.008415412;0.0015737347;-6.957678e-06;3.2967626e-05;-0.0030038569;-0.0029341718;1.5621273e-06;-1.9944964e-05;-0.056134194;0.09608164;-0.15549597;-0.034900308;0.092585035;-0.14221497;0.0001042668;0.0006972968;-2.952636e-05;-6.025547e-05;0.18112244;2.0745592e-05;0.5001782;0.085448824;-0.066625185;0.90708244;-0.031149961;0.032745387;-0.06873556;1.5683181e-05;0.570257;0.08256909;-0.07379488;0.92342657;0.057259884;0.0033764206;-0.14228012;0.00019799956;6.8269655e-06;-2.3498476e-05;-0.66831386;0.0757226;-0.009665434;0.57327026;-0.15881045;0.17922546;0.0945213;0.00080393406;-1.764056e-05;-0.5868581;0.028517215;0.04699838;0.4076552;0.19166416;-0.18727991;-0.090379044;-0.99393606;-0.43754682;-0.07026942;0.28047425;0.12609819;-0.57402974;0.27727643;0.3479732;-0.036808114;-0.059088595;-0.29721665;0.12474505;-0.18593964;-0.7563282;-0.17752911;0.07829335;-0.3282696;-0.6682492;-0.16934381;-0.13937548;-0.9975269;-0.97406286;-0.36787176;0.12803966;-0.08121928;-0.021657355;-0.42631385;-0.07510308;-0.059590023;0.8901556;-0.8391394;-0.5837942;-0.7704872;-0.919918;-0.97623104;-0.2642869;-0.8627767;-0.09379104;-0.8134132;-0.30297986
-0.062815756;-0.008056048;0.001485908;-2.1395972e-06;3.311294e-05;-0.0030704956;-0.002919231;1.5610332e-06;-1.9789804e-05;-0.064528115;0.09412232;-0.15163915;-0.043695454;0.0904407;-0.13736692;0.000104500505;0.0006979488;-2.9823015e-05;-6.0448197e-05;0.17811261;2.1066917e-05;0.49808577;0.08506289;-0.06683865;0.9087754;-0.024116712;0.03042779;-0.07025496;1.5975602e-05;0.5694633;0.08367815;-0.074231714;0.92400044;0.054269023;0.0016547836;-0.14316732;0.00019760535;6.9361777e-06;-2.366383e-05;-0.6660522;0.07562618;0.0019595362;0.562047;-0.16189761;0.17557657;0.09677188;0.00080434815;-1.8121878e-05;-0.5826818;0.025576063;0.053770717;0.3974741;0.2016654;-0.19315778;-0.094878815;-0.9940854;-0.44325984;-0.065521516;0.27516755;0.119645335;-0.5728503;0.27906796;0.34920567;-0.048495326;-0.048280377;-0.31027183;0.12078477;-0.19657513;-0.75720096;-0.19413343;0.071770966;-0.33634996;-0.669927;-0.18265486;-0.14351048;-0.9975123;-0.97290885;-0.35925978;0.13305233;-0.07892987;-0.017941292;-0.43578562;-0.076300435;-0.06720185;0.89102846;-0.83757716;-0.5689491;-0.7700623;-0.9177743;-0.9762348;-0.26966044;-0.86412174;-0.097703874;-0.8116295;-0.29386318
-0.06257273;-0.0077566872;0.0013580741;3.1209784e-06;3.342051e-05;-0.0031289607;-0.0029088126;1.5551499e-06;-1.9682382e-05;-0.07262417;0.09220147;-0.14847858;-0.052124538;0.08836406;-0.13321331;0.00010564539;0.00069920975;-3.0280207e-05;-6.11078e-05;0.17533568;2.1348162e-05;0.4961162;0.08474897;-0.06690355;0.90998995;-0.018299742;0.028479218;-0.071599;1.6387028e-05;0.56857073;0.08466788;-0.074660964;0.9243318;0.05197809;9.154901e-05;-0.14391986;0.00019737153;7.0773167e-06;-2.3948203e-05;-0.6633742;0.07584466;0.012907089;0.5510262;-0.16483264;0.17210287;0.09993706;0.0008051121;-1.872849e-05;-0.578735;0.022139596;0.06071561;0.3876135;0.210216;-0.19756562;-0.09719122;-0.994196;-0.44847363;-0.062201027;0.26888722;0.11462296;-0.5715394;0.28052452;0.35056537;-0.058768976;-0.039139856;-0.3219068;0.11826222;-0.20580606;-0.75612396;-0.20812951;0.0674834;-0.3430847;-0.6693429;-0.19404095;-0.14529257;-0.99748623;-0.9716596;-0.35170105;0.13716768;-0.07799117;-0.014599878;-0.44626907;-0.07785426;-0.07436733;0.8916744;-0.8352986;-0.5541588;-0.76984423;-0.9151789;-0.97619313;-0.27583522;-0.8654974;-0.099390775;-0.81006974;-0.2858312
-0.062304106;-0.0075190132;0.0012009565;8.702744e-06;3.386417e-05;-0.0031804624;-0.0029029667;1.5454358e-06;-1.9615065e-05;-0.08035262;0.090440445;-0.14580311;-0.060125493;0.0864568;-0.1295079;0.00010757102;0.0007010974;-3.087282e-05;-6.221095e-05;0.17279898;2.1592059e-05;0.4942833;0.0845109;-0.066831484;0.9107524;-0.01377071;0.026917761;-0.07275024;1.6898965e-05;0.56762606;0.085545465;-0.075077444;0.9244119;0.05035911;-0.0013214544;-0.14454876;0.00019729076;7.244824e-06;-2.4331413e-05;-0.6602788;0.076277316;0.022877598;0.54036176;-0.16751656;0.16861516;0.103989914;0.000806274;-1.9439787e-05;-0.5749396;0.01819094;0.067967296;0.37783056;0.21742585;-0.20075738;-0.09775709;-0.9942737;-0.4530734;-0.060146336;0.2619741;0.111040376;-0.570255;0.28158587;0.35196427;-0.06748212;-0.031771023;-0.3322639;0.11706207;-0.21354663;-0.7533476;-0.21966454;0.0652788;-0.34851095;-0.66676533;-0.20365946;-0.14492048;-0.99745226;-0.9703412;-0.3451257;0.14038259;-0.07839179;-0.011710465;-0.4576452;-0.079864286;-0.0808024;0.8920945;-0.8322923;-0.5396018;-0.769771;-0.9121319;-0.97611445;-0.2827539;-0.8668578;-0.09863108;-0.8087373;-0.2788648
-0.06200994;-0.0073444187;0.0010248017;1.4505815e-05;3.4422497e-05;-0.0032259075;-0.0029012628;1.5327606e-06;-1.9580635e-05;-0.08766843;0.088963285;-0.143392;-0.06766161;0.084824406;-0.12599356;0.00011011079;0.00070356036;-3.158109e-05;-6.371247e-05;0.17050213;2.1801694e-05;0.4925908;0.08435484;-0.066634126;0.911076;-0.01056664;0.025758838;-0.07371492;1.7497005e-05;0.56665987;0.08632513;-0.075476296;0.9242261;0.049366005;-0.0025848649;-0.14506468;0.0001973373;7.4345007e-06;-2.4797017e-05;-0.656769;0.07683288;0.03162247;0.5301809;-0.16986692;0.16492341;0.108858295;0.00080781;-2.0240026e-05;-0.57118493;0.013692762;0.075626604;0.36786506;0.22342908;-0.20307158;-0.096990556;-0.9943224;-0.45694053;-0.05921322;0.25473717;0.108909525;-0.5691572;0.28223947;0.35333666;-0.07447936;-0.026294194;-0.34140965;0.1171301;-0.21969615;-0.7490956;-0.22884685;0.06502754;-0.35265258;-0.6624327;-0.21159525;-0.14253546;-0.99741304;-0.968978;-0.33945578;0.1427526;-0.080114715;-0.009410937;-0.46983972;-0.082405195;-0.08627443;0.89224374;-0.8285741;-0.52541566;-0.7697649;-0.9085971;-0.97600794;-0.2903476;-0.8681636;-0.0952019;-0.80765253;-0.27286884
-0.061688934;-0.0072335494;0.00083828083;2.0458945e-05;3.508266e-05;-0.0032660011;-0.002902892;1.5178986e-06;-1.9573316e-05;-0.09454514;0.08789673;-0.14103234;-0.07471508;0.08357705;-0.12242005;0.00011308928;0.00070647075;-3.239527e-05;-6.55521e-05;0.16843912;2.198316e-05;0.49102768;0.08428608;-0.06631892;0.910959;-0.008702142;0.025023106;-0.07451342;1.8173174e-05;0.56568617;0.0870302;-0.07585416;0.92375267;0.048936807;-0.003691837;-0.14547786;0.0001974673;7.6444485e-06;-2.5334797e-05;-0.65285724;0.077432364;0.03894727;0.5205952;-0.17183244;0.16084133;0.11444046;0.0008096217;-2.1121057e-05;-0.5673198;0.008570164;0.08376268;0.35742593;0.22838432;-0.20490795;-0.09521651;-0.9943452;-0.4599714;-0.059281226;0.24742731;0.10826339;-0.5683997;0.28252035;0.35463646;-0.079589024;-0.022870667;-0.3493353;0.11846592;-0.22412851;-0.74354786;-0.23572569;0.06665757;-0.35550767;-0.6565321;-0.21784998;-0.13819546;-0.99737084;-0.9675912;-0.33461788;0.1443793;-0.08314264;-0.007892422;-0.48279443;-0.085498825;-0.0906325;0.8920371;-0.8241946;-0.5117157;-0.7697515;-0.90450317;-0.9758831;-0.29852685;-0.86938053;-0.08887682;-0.80685323;-0.26769158
-0.061338242;-0.007185466;0.0006479098;2.6521506e-05;3.5841047e-05;-0.0033013825;-0.0029068212;1.5015108e-06;-1.9589403e-05;-0.1009683;0.08736373;-0.13854086;-0.081279404;0.08282539;-0.11857184;0.00011635685;0.00070962706;-3.3316377e-05;-6.76647e-05;0.16660093;2.2147746e-05;0.4895656;0.08430465;-0.06588768;0.91039133;-0.008171378;0.024738701;-0.075171016;1.8926235e-05;0.5647045;0.08769295;-0.07621015;0.92296636;0.0489966;-0.004631696;-0.14579794;0.00019762342;7.875249e-06;-2.5941583e-05;-0.64857423;0.07801787;0.04471872;0.5117071;-0.17340818;0.15619875;0.1206181;0.0008115404;-2.208323e-05;-0.5631544;0.0027078637;0.092402615;0.34619248;0.2324671;-0.20667854;-0.09261671;-0.9943441;-0.4621079;-0.06025906;0.24020906;0.10915776;-0.5681084;0.28249922;0.35583633;-0.082640566;-0.021686012;-0.35598856;0.12109288;-0.22670268;-0.7368332;-0.24030018;0.070159435;-0.35705194;-0.6491984;-0.22235462;-0.131875;-0.997327;-0.9661998;-0.33055475;0.14538936;-0.08745598;-0.007372565;-0.49642253;-0.08907871;-0.093839325;0.8913595;-0.81925;-0.49862126;-0.7696885;-0.89974415;-0.9757503;-0.3071736;-0.87048495;-0.07944406;-0.8063948;-0.26314986
-0.060954213;-0.007196734;0.00045825343;3.2677897e-05;3.6702477e-05;-0.0033326927;-0.0029119744;1.4841254e-06;-1.9627405e-05;-0.106929585;0.08747147;-0.13579637;-0.08735182;0.082671076;-0.114307545;0.000119828386;0.000712766;-3.4354307e-05;-6.999116e-05;0.16497913;2.2313427e-05;0.48815975;0.08439985;-0.0653384;0.9093701;-0.008937427;0.024936719;-0.075708516;1.9760613e-05;0.56370795;0.08835162;-0.07654613;0.92184794;0.049459703;-0.005396807;-0.14603324;0.00019774208;8.129471e-06;-2.6620663e-05;-0.6439744;0.07856429;0.048878342;0.50361407;-0.1746498;0.15085801;0.12726994;0.00081334705;-2.3133412e-05;-0.5584711;-0.00403597;0.10150161;0.33383718;0.23584732;-0.20873953;-0.08919278;-0.9943208;-0.46337333;-0.062084027;0.23313698;0.11165474;-0.5683429;0.2822569;0.3569268;-0.083510585;-0.022873413;-0.36132345;0.12501095;-0.22729808;-0.7290438;-0.24256074;0.07554649;-0.35726193;-0.6405423;-0.22500588;-0.123505905;-0.9972825;-0.96482176;-0.32723022;0.14590564;-0.09302225;-0.008048308;-0.5105552;-0.09295605;-0.09599996;0.89007884;-0.81389266;-0.48627925;-0.7696014;-0.89418554;-0.97562176;-0.31612402;-0.8714798;-0.06675527;-0.8063513;-0.25905782
-0.060533766;-0.0072606867;0.00027270522;3.8929982e-05;3.7677513e-05;-0.0033606451;-0.002917411;1.4661181e-06;-1.9688036e-05;-0.11242444;0.08829739;-0.13276856;-0.092929535;0.083195366;-0.10959847;0.00012351276;0.0007155935;-3.5525474e-05;-7.248689e-05;0.16356924;2.250493e-05;0.48675293;0.08454645;-0.06466916;0.9079147;-0.010918762;0.025644653;-0.07613494;2.0684165e-05;0.562689;0.089045025;-0.07686579;0.92039496;0.050233256;-0.005987864;-0.14618872;0.0001977653;8.411131e-06;-2.7379792e-05;-0.63914025;0.07909015;0.05145167;0.4964111;-0.17568155;0.14473568;0.1342817;0.00081480586;-2.4282112e-05;-0.55304617;-0.011801705;0.11090608;0.32007065;0.23866501;-0.21132681;-0.08475924;-0.9942765;-0.4638983;-0.06471404;0.22615343;0.11578606;-0.56905043;0.28184694;0.35790938;-0.08218284;-0.026393075;-0.36535275;0.1301494;-0.22586374;-0.7202694;-0.24254417;0.08278664;-0.3561515;-0.6307048;-0.22571363;-0.11303945;-0.9972373;-0.963477;-0.3246366;0.14601316;-0.09977659;-0.010043864;-0.5248934;-0.09679257;-0.09737484;0.88805646;-0.8083353;-0.47488144;-0.7696083;-0.8876714;-0.9755106;-0.32516018;-0.8724116;-0.05079607;-0.806815;-0.2552605
-0.060076267;-0.0073676454;9.412225e-05;4.5286608e-05;3.878023e-05;-0.0033860984;-0.0029224607;1.4477163e-06;-1.9774357e-05;-0.11745222;0.08988126;-0.1295294;-0.09801046;0.084451295;-0.10454555;0.0001275118;0.0007178364;-3.6849524e-05;-7.512364e-05;0.16237302;2.2751956e-05;0.48528084;0.08470462;-0.06388132;0.90607375;-0.013988235;0.02688146;-0.07644161;2.1706554e-05;0.5616419;0.08980646;-0.07717272;0.9186236;0.051224504;-0.006412501;-0.14626181;0.00019765444;8.724921e-06;-2.8229158e-05;-0.6341788;0.07965309;0.0525392;0.49020037;-0.17668997;0.13782474;0.1415437;0.000815713;-2.5540678e-05;-0.5466679;-0.020703198;0.120337665;0.30469117;0.24101567;-0.21452661;-0.078979075;-0.9942117;-0.46391323;-0.06811364;0.21911827;0.121507615;-0.5700352;0.28125778;0.35877812;-0.07878553;-0.031933416;-0.36815822;0.13635002;-0.22245614;-0.7106383;-0.24036765;0.09175031;-0.35379973;-0.6199098;-0.22443262;-0.10048693;-0.99719083;-0.96218896;-0.32280234;0.1457326;-0.10760398;-0.013368829;-0.53899175;-0.10009601;-0.09835465;0.88515633;-0.80284077;-0.46467006;-0.76991165;-0.88003993;-0.9754316;-0.33401063;-0.87336516;-0.03175433;-0.80788803;-0.25166437
-0.0595845;-0.007506173;-7.4977055e-05;5.1760464e-05;4.0025785e-05;-0.0034100385;-0.002926756;1.4290137e-06;-1.9891762e-05;-0.122016214;0.09222776;-0.1262285;-0.10259369;0.08646261;-0.09934916;0.00013197426;0.0007193069;-3.834808e-05;-7.78826e-05;0.16139904;2.3084656e-05;0.4836799;0.08482532;-0.06297976;0.9039139;-0.017998023;0.028656904;-0.07660068;2.2838547e-05;0.56055987;0.09066003;-0.07746772;0.9165578;0.052351907;-0.0066778576;-0.14623845;0.00019740159;9.075986e-06;-2.917969e-05;-0.6292087;0.080327794;0.05228335;0.48509997;-0.17790036;0.1302219;0.14893363;0.0008159463;-2.6919952e-05;-0.5391459;-0.030814195;0.12942313;0.28761926;0.24296008;-0.2182906;-0.07144029;-0.9941256;-0.46368948;-0.0722406;0.21186145;0.12866956;-0.57097346;0.28040087;0.35949877;-0.073577344;-0.03890881;-0.3698485;0.14339687;-0.21724352;-0.7003373;-0.23621158;0.10220984;-0.35035688;-0.60848206;-0.22116247;-0.08590619;-0.997141;-0.9609842;-0.32180253;0.14501864;-0.11633476;-0.01791374;-0.5522893;-0.102247365;-0.099395275;0.88125515;-0.7976992;-0.45593208;-0.7707491;-0.8711459;-0.9754;-0.3423731;-0.8744373;-0.010051955;-0.80967176;-0.24827462
-0.059065048;-0.0076651135;-0.0002326318;5.8364007e-05;4.14291e-05;-0.0034333887;-0.0029301809;1.4100048e-06;-2.004765e-05;-0.12611595;0.09531551;-0.123036556;-0.106675245;0.089225106;-0.0942409;0.00013702111;0.000719951;-4.004335e-05;-8.0741374e-05;0.160663;2.3527617e-05;0.48189718;0.08485808;-0.061971452;0.90149945;-0.022815578;0.03097284;-0.07656672;2.4091409e-05;0.5594327;0.09161928;-0.07774649;0.9142103;0.053557504;-0.006779911;-0.14609258;0.00019703296;9.469521e-06;-3.0241456e-05;-0.62434405;0.08117532;0.05082835;0.4812497;-0.17953649;0.12215191;0.15628476;0.00081549725;-2.8430164e-05;-0.53031355;-0.042167567;0.13776015;0.26891333;0.24454872;-0.22245803;-0.061755568;-0.9940156;-0.46344748;-0.0770394;0.20423143;0.13701747;-0.57147187;0.27913514;0.36000687;-0.06689053;-0.046589624;-0.37048864;0.15107058;-0.21047628;-0.68958163;-0.2302624;0.11388548;-0.3460251;-0.5968074;-0.21592368;-0.06935668;-0.9970855;-0.95988995;-0.321755;0.1437858;-0.12576231;-0.023478556;-0.564182;-0.10256234;-0.10093474;0.87625927;-0.7932001;-0.44898874;-0.7723268;-0.86089426;-0.9754293;-0.349953;-0.87569475;0.013674568;-0.8122544;-0.24522947
-0.058527716;-0.007835471;-0.0003774343;6.510597e-05;4.3002714e-05;-0.0034566338;-0.0029327571;1.3905836e-06;-2.0251144e-05;-0.12973545;0.09910347;-0.12007993;-0.11023748;0.092705674;-0.08940553;0.00014267734;0.0007198591;-4.1955383e-05;-8.3663086e-05;0.1601867;2.4093773e-05;0.479902;0.08475905;-0.060865484;0.89887494;-0.028347893;0.03382002;-0.07628291;2.547563e-05;0.55824864;0.09268793;-0.077998504;0.91157466;0.054816715;-0.00669754;-0.14579223;0.0001966028;9.910436e-06;-3.1422256e-05;-0.6196825;0.08221957;0.048295036;0.47879946;-0.18177621;0.11398084;0.16335763;0.0008144684;-3.0079551e-05;-0.5200326;-0.054749206;0.14498037;0.24877189;0.24584027;-0.22675654;-0.049653687;-0.9938766;-0.4632765;-0.08244051;0.19612277;0.14622782;-0.5711458;0.27732298;0.36023456;-0.059065614;-0.054305248;-0.37005273;0.15919371;-0.2024439;-0.67854893;-0.22265124;0.1265007;-0.3410351;-0.5852522;-0.20873202;-0.050868347;-0.9970205;-0.95893174;-0.32279998;0.14195082;-0.13567652;-0.029816737;-0.57410735;-0.100377835;-0.103324935;0.8701307;-0.7896117;-0.44418642;-0.7747702;-0.8492771;-0.975532;-0.35650846;-0.8771442;0.03863127;-0.8157007;-0.24283096
-0.05798481;-0.008011497;-0.0005078846;7.1984134e-05;4.4753644e-05;-0.0034794677;-0.0029345602;1.3705418e-06;-2.0512307e-05;-0.13283771;0.10353098;-0.11739584;-0.11324312;0.096837886;-0.08493032;0.00014884505;0.00071923336;-4.40983e-05;-8.659323e-05;0.1599963;2.478101e-05;0.47769526;0.084496476;-0.059675585;0.89606214;-0.034538418;0.037169997;-0.075689614;2.6998328e-05;0.55700004;0.09386122;-0.07820785;0.9086299;0.05613956;-0.006393712;-0.14530927;0.00019617943;1.04024075e-05;-3.272528e-05;-0.61530435;0.08344027;0.04477568;0.477889;-0.18470605;0.10619932;0.16982737;0.00081303844;-3.187197e-05;-0.5082077;-0.068490006;0.15078062;0.22752154;0.24689849;-0.23078758;-0.03503275;-0.9937029;-0.46310076;-0.08836214;0.18748684;0.15596114;-0.5696816;0.2748909;0.36014637;-0.050407276;-0.0616153;-0.36842507;0.16764626;-0.19343078;-0.66731244;-0.21341966;0.13981964;-0.3356184;-0.57408077;-0.19958332;-0.030445823;-0.9969421;-0.9581319;-0.3250643;0.13946867;-0.14589736;-0.03666906;-0.5816143;-0.09514685;-0.10679531;0.86291385;-0.7871714;-0.44188538;-0.77810925;-0.83640933;-0.97571915;-0.36189392;-0.8787311;0.06394622;-0.82004565;-0.24155529
-0.057450406;-0.008190935;-0.00062151335;7.897359e-05;4.6679867e-05;-0.003500626;-0.0029356806;1.3495468e-06;-2.0840416e-05;-0.13537033;0.108516395;-0.11491745;-0.115640886;0.10152163;-0.080790095;0.00015532257;0.0007183191;-4.6473288e-05;-8.9465764e-05;0.16011873;2.5572532e-05;0.47531417;0.08405406;-0.058423143;0.89306724;-0.041344274;0.04096876;-0.07473299;2.8659502e-05;0.55569005;0.095127754;-0.07835599;0.9053583;0.057561412;-0.0058215917;-0.14462844;0.00019582637;1.0946758e-05;-3.4147e-05;-0.61127746;0.08477962;0.040341612;0.4786249;-0.18828133;0.09936783;0.17530939;0.00081140595;-3.3802455e-05;-0.49480602;-0.08326044;0.1549176;0.20558487;0.24778356;-0.23403114;-0.01796675;-0.9934867;-0.4627019;-0.09470964;0.17833957;0.16591763;-0.566871;0.27187034;0.35976216;-0.041167766;-0.0683725;-0.36544654;0.17635737;-0.18368134;-0.65581894;-0.2025246;0.15366529;-0.32998112;-0.5634123;-0.1884498;-0.00809857;-0.99684614;-0.9575085;-0.3286253;0.13635361;-0.15629582;-0.043775953;-0.5863985;-0.08652663;-0.111446075;0.8547583;-0.78607506;-0.44244298;-0.78228915;-0.82255906;-0.975999;-0.3660878;-0.8803557;0.088762775;-0.8252866;-0.24202247
-0.056938883;-0.008374331;-0.0007147518;8.601404e-05;4.8765593e-05;-0.0035180142;-0.0029361623;1.3271821e-06;-2.1241387e-05;-0.13728584;0.113959;-0.112497166;-0.117384456;0.10663039;-0.0768762;0.00016185445;0.0007173166;-4.9063936e-05;-9.2212744e-05;0.16057682;2.64409e-05;0.4728284;0.083432846;-0.05713785;0.889893;-0.048712745;0.045137968;-0.07337412;3.0447889e-05;0.5543348;0.09647155;-0.07842614;0.9017658;0.059129823;-0.004935725;-0.14375241;0.00019558278;1.1540898e-05;-3.5673685e-05;-0.6076651;0.08615516;0.035058394;0.48106033;-0.1923011;0.09402614;0.17941907;0.0008097182;-3.5853416e-05;-0.47987604;-0.09888095;0.15719172;0.18342943;0.24854489;-0.23589775;0.0013232351;-0.9932211;-0.46177718;-0.10137101;0.16876508;0.17587703;-0.5626226;0.26840717;0.3591508;-0.031553168;-0.0746743;-0.3609843;0.18528034;-0.17337812;-0.6439207;-0.1898817;0.167921;-0.32427475;-0.55322516;-0.17529926;0.016115224;-0.99672896;-0.9570758;-0.33348656;0.13268359;-0.16679326;-0.050879356;-0.58830756;-0.07443817;-0.117256366;0.84592026;-0.78646517;-0.44618085;-0.78719246;-0.80815786;-0.9763747;-0.36919603;-0.8818977;0.11234474;-0.8313685;-0.24491832
-0.05646296;-0.008563658;-0.0007840141;9.299931e-05;5.097814e-05;-0.0035289894;-0.0029359192;1.3030409e-06;-2.171471e-05;-0.13856752;0.119743764;-0.10995923;-0.11845906;0.11202466;-0.073054;0.00016818327;0.00071630697;-5.1830983e-05;-9.477312e-05;0.16138248;2.7353992e-05;0.47032732;0.082651556;-0.055854093;0.88655055;-0.05656969;0.0495869;-0.07159672;3.233792e-05;0.5529598;0.097873695;-0.07840839;0.89789253;0.06089063;-0.0037053223;-0.14270125;0.00019544666;1.21772755e-05;-3.7280435e-05;-0.6045274;0.08747655;0.029006995;0.485175;-0.19641592;0.09059591;0.1818497;0.0008080124;-3.7991093e-05;-0.46356252;-0.115143545;0.15743855;0.16151889;0.24922366;-0.23582214;0.022515263;-0.99290067;-0.46001247;-0.108214125;0.15891264;0.18570995;-0.5569711;0.26473674;0.3584056;-0.021747833;-0.08076068;-0.35500753;0.19435859;-0.16264297;-0.63144666;-0.17544363;0.182516;-0.31857878;-0.54340565;-0.16014366;0.042039916;-0.9965871;-0.95684594;-0.33957145;0.12859891;-0.17734672;-0.05772129;-0.5873248;-0.059086606;-0.12409468;0.83673793;-0.7884079;-0.45332614;-0.7926588;-0.79378253;-0.9768416;-0.37142277;-0.88323534;0.1341787;-0.8381715;-0.2508703
-0.05603173;-0.008760403;-0.00082813454;9.977515e-05;5.326647e-05;-0.0035307594;-0.0029346412;1.2768634e-06;-2.22507e-05;-0.13924952;0.1257437;-0.1071723;-0.11890196;0.117563725;-0.069236405;0.00017408258;0.0007152131;-5.4712116e-05;-9.70967e-05;0.16253053;2.8280825e-05;0.46790457;0.08174494;-0.054604378;0.8830655;-0.064822994;0.054226242;-0.06941328;3.4288896e-05;0.55159473;0.09931262;-0.07830406;0.8938152;0.06288062;-0.002127508;-0.14150865;0.00019536912;1.2842465e-05;-3.892978e-05;-0.6019159;0.08866232;0.02230919;0.49085712;-0.20018247;0.089307256;0.18243948;0.0008061863;-4.0165964e-05;-0.44611406;-0.13183112;0.15553626;0.14028925;0.24985474;-0.23337163;0.045230396;-0.9925225;-0.45714414;-0.115090325;0.14898309;0.1953566;-0.5500828;0.26113546;0.35762158;-0.011947133;-0.086914696;-0.34765062;0.20349424;-0.1515702;-0.6182754;-0.15929437;0.19739361;-0.31290504;-0.53381455;-0.14312094;0.069371656;-0.9964188;-0.95683336;-0.3467371;0.12429522;-0.18792355;-0.064051986;-0.58354425;-0.040929377;-0.13173376;0.8275777;-0.79187065;-0.46393692;-0.7984968;-0.7800919;-0.97738427;-0.37301934;-0.8842548;0.15404138;-0.84549993;-0.26031005
-0.05564926;-0.008963665;-0.0008507158;0.00010614196;5.5563054e-05;-0.0035207155;-0.0029317664;1.2486486e-06;-2.28293e-05;-0.13942051;0.13181818;-0.10411946;-0.11880687;0.12311134;-0.06544868;0.0001793652;0.000713817;-5.762439e-05;-9.9143195e-05;0.16399488;2.9195027e-05;0.46564463;0.08075915;-0.053412907;0.8794824;-0.073367864;0.058978792;-0.06686748;3.624674e-05;0.5502677;0.10076284;-0.078127176;0.88964003;0.06512099;-0.00023580529;-0.14021792;0.00019526063;1.3517587e-05;-4.057381e-05;-0.5998661;0.089652464;0.015147646;0.49789244;-0.20315604;0.090176895;0.18120311;0.0008040143;-4.2315252e-05;-0.42788;-0.14872326;0.15142976;0.120160334;0.25046366;-0.22833358;0.06906895;-0.9920887;-0.4530104;-0.12184846;0.1392075;0.20478551;-0.54226035;0.25786376;0.356891;-0.0023874855;-0.0933955;-0.33923966;0.21252936;-0.14027898;-0.60438746;-0.14172614;0.2124705;-0.30722624;-0.52434057;-0.12457181;0.09761939;-0.9962244;-0.95705605;-0.35479856;0.12001166;-0.19847819;-0.06964946;-0.57715744;-0.02061091;-0.13986024;0.8187664;-0.79670733;-0.47783548;-0.8044934;-0.767722;-0.9779761;-0.37422976;-0.8848566;0.17201145;-0.85309154;-0.27335998
-0.05531472;-0.009169054;-0.00086102507;0.0001118785;5.779008e-05;-0.0034966795;-0.0029265317;1.2186619e-06;-2.3422224e-05;-0.13920549;0.13781057;-0.10093185;-0.11830536;0.12853505;-0.061857574;0.00018387291;0.00071182393;-6.0473278e-05;-0.000100878155;0.16572931;3.0075316e-05;0.46361277;0.07974525;-0.052292336;0.8758629;-0.08208686;0.06378308;-0.064031;3.8149185e-05;0.54900175;0.10219415;-0.0779019;0.88548714;0.067608126;0.0019010691;-0.13887769;0.00019501071;1.4179888e-05;-4.2158426e-05;-0.5983883;0.090414174;0.007765933;0.50597674;-0.20499279;0.093039446;0.17832103;0.0008012045;-4.4369634e-05;-0.4092875;-0.16558987;0.1451632;0.101552434;0.2510611;-0.22074956;0.093644135;-0.99160725;-0.44758433;-0.12835857;0.12981552;0.21395943;-0.5339167;0.25511593;0.35630855;0.006644884;-0.10040053;-0.33027163;0.22125101;-0.12895979;-0.58987546;-0.12326232;0.22760275;-0.30151793;-0.5149219;-0.10507464;0.12610453;-0.9960072;-0.95753324;-0.36355978;0.11600259;-0.20893472;-0.0743474;-0.56844825;0.0011186632;-0.14810157;0.8105274;-0.8026698;-0.49458897;-0.8104236;-0.75716484;-0.9785826;-0.37525845;-0.8849577;0.18840426;-0.8606437;-0.28978202
-0.05502375;-0.009368693;-0.00087296887;0.00011677551;5.9869635e-05;-0.0034570226;-0.0029180974;1.1873275e-06;-2.3997578e-05;-0.13873284;0.1435518;-0.09787653;-0.11753296;0.13370536;-0.058752105;0.00018746406;0.0007089504;-6.3165266e-05;-0.000102269834;0.1676738;3.0903902e-05;0.46185055;0.0787523;-0.05124418;0.87227917;-0.09084612;0.06859115;-0.060993697;3.9934792e-05;0.5478153;0.10357249;-0.0776558;0.8814703;0.07030082;0.0041916845;-0.13753764;0.00019451277;1.4805708e-05;-4.36299e-05;-0.59746355;0.09094125;0.00044151666;0.51474655;-0.20552526;0.09761031;0.17410013;0.00079747575;-4.6262707e-05;-0.3907978;-0.18218592;0.13690583;0.08487599;0.25164092;-0.21088645;0.11861394;-0.9910911;-0.44098556;-0.1345422;0.1209972;0.22282477;-0.5255167;0.25298893;0.35597423;0.014843613;-0.108047;-0.32133827;0.22942008;-0.117887355;-0.57491875;-0.10460691;0.24258037;-0.2957894;-0.5055297;-0.08539918;0.1540286;-0.99577343;-0.95827454;-0.3728443;0.11249735;-0.219181;-0.07806262;-0.55779666;0.02347488;-0.15606003;0.8029422;-0.80944747;-0.51355845;-0.816064;-0.7486711;-0.9791665;-0.37625808;-0.8844933;0.20364743;-0.8678567;-0.3090058
-0.05477062;-0.009552621;-0.00090234046;0.000120671;6.1734594e-05;-0.0034007174;-0.0029057201;1.1550538e-06;-2.4525827e-05;-0.1381016;0.14887126;-0.09529618;-0.116595864;0.13849792;-0.056479502;0.00019001152;0.0007050012;-6.562084e-05;-0.000103289945;0.16976565;3.1664473e-05;0.46037522;0.07782219;-0.05026149;0.86879915;-0.09949941;0.07336553;-0.05784967;4.1551757e-05;0.54672146;0.104862995;-0.07741196;0.87767226;0.07311311;0.0065418016;-0.13624163;0.00019368774;1.5374048e-05;-4.4943037e-05;-0.59704226;0.091249056;-0.0065608504;0.5238249;-0.20477861;0.10355373;0.168919;0.00079262647;-4.7940484e-05;-0.3728512;-0.19825841;0.12695406;0.07048533;0.25218013;-0.19915752;0.14371057;-0.99055654;-0.43346033;-0.14039828;0.112864725;0.2313266;-0.5174966;0.25146878;0.3559759;0.021938998;-0.11636786;-0.31302422;0.23681614;-0.10738539;-0.55973333;-0.08653301;0.25715625;-0.29008943;-0.49613464;-0.066388465;0.18060403;-0.9955317;-0.9592693;-0.3825251;0.10965746;-0.22907397;-0.080803305;-0.5456802;0.045692075;-0.1633664;0.79595506;-0.81672364;-0.5339974;-0.82120895;-0.7422242;-0.9796947;-0.3773287;-0.88341784;0.21813898;-0.8744767;-0.33022797
-0.05455028;-0.009710812;-0.0009639878;0.00012347824;6.333733e-05;-0.0033273364;-0.00288889;1.1220674e-06;-2.4984758e-05;-0.13736285;0.15361336;-0.09352894;-0.11555098;0.14279895;-0.05536461;0.00019141227;0.0006999119;-6.778474e-05;-0.00010391852;0.17195109;3.2341275e-05;0.4591817;0.07698723;-0.04933196;0.86547136;-0.10790504;0.078075774;-0.054685015;4.296472e-05;0.54572755;0.106033705;-0.07718336;0.87412643;0.07592001;0.00887116;-0.13502297;0.00019249719;1.5869497e-05;-4.606611e-05;-0.5970521;0.091369785;-0.013033414;0.5328645;-0.20292722;0.11053367;0.16318122;0.0007865752;-4.9368056e-05;-0.3558196;-0.21356967;0.1157004;0.05861991;0.252641;-0.18602483;0.1687538;-0.99002004;-0.42532972;-0.14601445;0.105429836;0.23943406;-0.5101979;0.25043488;0.35635847;0.027755842;-0.125328;-0.30581394;0.24327777;-0.0977594;-0.5445195;-0.06975919;0.2710968;-0.28447974;-0.48667797;-0.048811976;0.20520137;-0.9952923;-0.9604831;-0.39254248;0.1075502;-0.2384555;-0.082649514;-0.5326605;0.06705704;-0.16972129;0.78940994;-0.82422984;-0.5551654;-0.8256867;-0.7375908;-0.9801412;-0.37851584;-0.8816982;0.23214652;-0.88032347;-0.35254666
-0.05435952;-0.009835165;-0.0010700434;0.00012518809;6.465193e-05;-0.0032369047;-0.0028674086;1.0882906e-06;-2.536185e-05;-0.1365179;0.15764941;-0.09283863;-0.11440372;0.14651085;-0.055645548;0.0001915997;0.00069374876;-6.962888e-05;-0.000104149665;0.17419304;3.291916e-05;0.45824784;0.076270215;-0.0484399;0.8623149;-0.115949295;0.08269509;-0.051569168;4.415671e-05;0.5448323;0.1070589;-0.076972045;0.870808;0.078579396;0.011123266;-0.13390069;0.00019094415;1.6283644e-05;-4.6982896e-05;-0.5974065;0.091343045;-0.018848531;0.5415786;-0.2002166;0.118242666;0.15727928;0.00077935716;-5.0531147e-05;-0.33998114;-0.22792515;0.10357297;0.04937186;0.2529664;-0.1719098;0.19364932;-0.9894955;-0.41692397;-0.15155649;0.098604366;0.24715525;-0.5038353;0.24967334;0.35708964;0.03223643;-0.1348528;-0.3000512;0.24871795;-0.08922997;-0.52942073;-0.0548647;0.28422347;-0.27899477;-0.47705856;-0.03324728;0.2274434;-0.9950651;-0.961865;-0.4029119;0.10615143;-0.24717411;-0.083709165;-0.51935995;0.08691963;-0.17491797;0.78310794;-0.83177465;-0.5764126;-0.8293665;-0.7344223;-0.9804895;-0.3798026;-0.87930673;0.24577634;-0.88529885;-0.3750861
-0.0541974;-0.009920707;-0.0012295905;0.00012586097;6.567265e-05;-0.0031295146;-0.0028413227;1.0532511e-06;-2.5654015e-05;-0.13552678;0.16088058;-0.09337938;-0.11311585;0.14955162;-0.05744485;0.00019054218;0.00068667013;-7.114996e-05;-0.00010399357;0.1764728;3.3383378e-05;0.45754078;0.0756853;-0.047567252;0.8593195;-0.123565495;0.087195985;-0.048553348;4.5127454e-05;0.5440209;0.10792121;-0.076772265;0.86763966;0.080960386;0.01326343;-0.13288085;0.00018906154;1.6614787e-05;-4.7691137e-05;-0.59801155;0.09120268;-0.0239541;0.5497599;-0.1968842;0.12641683;0.1515694;0.00077108806;-5.1433803e-05;-0.3255177;-0.24119614;0.09096548;0.042688947;0.2530758;-0.15712528;0.21837434;-0.9889926;-0.4085216;-0.15724564;0.092219174;0.25453192;-0.49851054;0.24890395;0.35804066;0.035420038;-0.14485985;-0.29595584;0.25310856;-0.08189913;-0.51450616;-0.04227023;0.29642394;-0.27361217;-0.4671354;-0.020029515;0.24720745;-0.99485946;-0.9633596;-0.41371393;0.10537278;-0.25510573;-0.084064186;-0.5064352;0.104684785;-0.17883505;0.77684855;-0.83924544;-0.5972193;-0.8321575;-0.7323535;-0.9807304;-0.38110474;-0.8762137;0.2590064;-0.889376;-0.39708605
-0.054064695;-0.009965914;-0.0014493245;0.00012561318;6.641046e-05;-0.0030047947;-0.0028107618;1.0160173e-06;-2.5866495e-05;-0.1343199;0.16323027;-0.09519579;-0.1116176;0.15184996;-0.06077722;0.00018822718;0.0006788757;-7.236516e-05;-0.00010347299;0.17878531;3.3718665e-05;0.4570215;0.07523864;-0.046693556;0.8564552;-0.13074087;0.09154603;-0.045673057;4.5890643e-05;0.543259;0.108612455;-0.07657517;0.86449754;0.08296776;0.015272619;-0.1319583;0.0001868936;1.6867147e-05;-4.8200134e-05;-0.5987673;0.09096026;-0.028348692;0.55728585;-0.19310756;0.13484351;0.14635253;0.00076190906;-5.209465e-05;-0.31252798;-0.25332788;0.078178816;0.038407553;0.25285694;-0.14183696;0.24296124;-0.98851603;-0.400312;-0.16333182;0.08605365;0.2616199;-0.49424395;0.24780524;0.35898617;0.03739281;-0.15527417;-0.29367486;0.25644702;-0.075757466;-0.49976942;-0.0322716;0.3076327;-0.26824468;-0.4567347;-0.009265395;0.26455134;-0.9946826;-0.9649178;-0.4250772;0.105104476;-0.26217252;-0.08372399;-0.49455106;0.11979297;-0.1814194;0.77044654;-0.8465896;-0.61719227;-0.8340003;-0.7310601;-0.98085946;-0.38227558;-0.87237966;0.2717465;-0.8925805;-0.4179397
-0.053963087;-0.009972785;-0.001734055;0.00012461678;6.6891866e-05;-0.0028614898;-0.002775718;9.751999e-07;-2.6011803e-05;-0.1328116;0.16463438;-0.09824645;-0.109820046;0.15333852;-0.0655784;0.00018463233;0.0006705592;-7.331022e-05;-0.00010261438;0.18113102;3.3908254e-05;0.45664516;0.07492829;-0.045796204;0.85367954;-0.13751146;0.0957051;-0.04295221;4.6472327e-05;0.5424888;0.10913386;-0.076372005;0.8612229;0.084553644;0.017141553;-0.13111962;0.00018447862;1.705037e-05;-4.85302e-05;-0.5995665;0.09059549;-0.032047782;0.56411064;-0.18898593;0.14335702;0.14186288;0.000751938;-5.2545976e-05;-0.3010415;-0.26433286;0.06539608;0.036288083;0.2521641;-0.12606436;0.2674816;-0.98806536;-0.392387;-0.17007114;0.07987011;0.26846114;-0.49100518;0.24604458;0.35962722;0.038236607;-0.16602047;-0.2933336;0.2587197;-0.07071937;-0.4851483;-0.02509041;0.31779814;-0.26275247;-0.44566056;-0.0008840856;0.27961522;-0.99453986;-0.9665029;-0.43715498;0.10525399;-0.26836735;-0.08259903;-0.48435858;0.13171104;-0.1826759;0.7637196;-0.853784;-0.63603395;-0.83485335;-0.7302609;-0.98087394;-0.38312933;-0.8677527;0.28389755;-0.8949715;-0.43719396
-0.05389376;-0.0099465735;-0.0020857812;0.00012311095;6.7164205e-05;-0.0026976382;-0.0027359275;9.291399e-07;-2.6110043e-05;-0.13091996;0.16503607;-0.102442764;-0.107636504;0.1539541;-0.07174456;0.00017970154;0.000661887;-7.404361e-05;-0.00010143546;0.18350784;3.393687e-05;0.45635483;0.07474305;-0.04485187;0.8509383;-0.1439489;0.099630564;-0.04040147;4.6913556e-05;0.54162997;0.10949476;-0.07615358;0.8576283;0.0857121;0.018869638;-0.13033916;0.00018184108;1.7180071e-05;-4.871626e-05;-0.6002973;0.09006295;-0.035050295;0.570242;-0.18455979;0.15181401;0.13827725;0.0007412523;-5.2836825e-05;-0.29102746;-0.27426943;0.05269615;0.03603902;0.25082776;-0.10974937;0.29202732;-0.9876352;-0.3847564;-0.17770852;0.07345065;0.27506727;-0.48873353;0.24330536;0.3596402;0.038010135;-0.17699955;-0.29504764;0.25988364;-0.06665234;-0.47055644;-0.020888792;0.3268634;-0.256962;-0.4337241;0.005304093;0.29254994;-0.99443203;-0.9680899;-0.45009866;0.10575995;-0.2737955;-0.08051697;-0.47643763;0.13998881;-0.18268615;0.7564644;-0.86080545;-0.6535114;-0.8346843;-0.7296734;-0.9807704;-0.38347745;-0.8622708;0.29539886;-0.8966251;-0.4545411
-0.05385561;-0.009895397;-0.0025004838;0.00012142572;6.730616e-05;-0.0025119132;-0.0026909912;8.7643264e-07;-2.6189853e-05;-0.12860206;0.16439612;-0.10770021;-0.10501714;0.15365033;-0.07918002;0.00017335106;0.0006530167;-7.465537e-05;-9.99351e-05;0.18590628;3.380106e-05;0.45607057;0.074660406;-0.043840736;0.8481495;-0.15014693;0.10329854;-0.038003407;4.727728e-05;0.54059255;0.10970815;-0.075905025;0.85350806;0.08645284;0.020471508;-0.12956882;0.00017900363;1.7279533e-05;-4.8815666e-05;-0.6008579;0.08933037;-0.037316732;0.5757056;-0.1798609;0.16003925;0.13575366;0.0007299312;-5.3040974e-05;-0.28238803;-0.28320786;0.040107496;0.03732493;0.24869005;-0.092904694;0.31668773;-0.9872147;-0.3773797;-0.18646124;0.06663233;0.28143066;-0.48734114;0.23932838;0.35877404;0.036790144;-0.18807097;-0.2988652;0.25988427;-0.06337262;-0.45593384;-0.019704023;0.33478916;-0.250683;-0.4208184;0.009553387;0.3035229;-0.99435484;-0.96966094;-0.4640295;0.10656511;-0.27873868;-0.077301994;-0.47116992;0.14443226;-0.18165462;0.7484403;-0.86760205;-0.6694533;-0.8334701;-0.72895026;-0.98054284;-0.38317737;-0.85586107;0.30626142;-0.8976194;-0.4698318
-0.05384394;-0.009828437;-0.0029634712;0.00011997833;6.743628e-05;-0.0023060362;-0.002640861;8.167309e-07;-2.6288042e-05;-0.12589799;0.16271973;-0.1139923;-0.10199448;0.15242727;-0.087847196;0.00016553361;0.00064415095;-7.52756e-05;-9.8096316e-05;0.18831131;3.352652e-05;0.45568192;0.07464464;-0.04275349;0.8451793;-0.15621023;0.106738284;-0.03568561;4.7652604e-05;0.5393055;0.10978471;-0.075598955;0.8486567;0.08675405;0.021982187;-0.12872851;0.00017601912;1.738075e-05;-4.8913833e-05;-0.60118186;0.08843944;-0.038777065;0.58050776;-0.17496935;0.1677572;0.13447653;0.00071815256;-5.3262847e-05;-0.2749422;-0.29119465;0.027672619;0.039766498;0.24566653;-0.075808376;0.3415161;-0.98679024;-0.37020355;-0.19649309;0.059325352;0.2875662;-0.48671153;0.23395653;0.35698298;0.034750804;-0.1990651;-0.3046658;0.25872013;-0.060607027;-0.44130468;-0.021309389;0.34163618;-0.24373315;-0.40703508;0.012130483;0.3128131;-0.99429715;-0.97119665;-0.4790076;0.10754138;-0.28369296;-0.07293525;-0.46855155;0.14535299;-0.17993698;0.7393864;-0.8740802;-0.68379146;-0.8312119;-0.7276579;-0.9801851;-0.38217276;-0.84844196;0.31658724;-0.89801925;-0.48311827
-0.053850733;-0.009752339;-0.0034480551;0.00011921505;6.770177e-05;-0.0020869079;-0.0025865878;7.5131504e-07;-2.64447e-05;-0.122952655;0.16008136;-0.1213728;-0.098707244;0.15035771;-0.09779051;0.00015636081;0.0006355999;-7.6062424e-05;-9.5917356e-05;0.19071162;3.3180433e-05;0.45505762;0.07464458;-0.04159677;0.84183395;-0.16224475;0.11005144;-0.033302013;4.81468e-05;0.53774834;0.10972951;-0.07519533;0.84289473;0.08651685;0.02344659;-0.12771471;0.00017300653;1.7521495e-05;-4.911574e-05;-0.6012666;0.087547496;-0.03938913;0.584626;-0.17002665;0.17455953;0.13465421;0.0007062971;-5.362797e-05;-0.2684112;-0.29823926;0.015473162;0.04296313;0.24180305;-0.05907981;0.36649534;-0.98634964;-0.36319563;-0.2078764;0.051481042;0.29355758;-0.4866916;0.22715914;0.35452196;0.032199834;-0.2098329;-0.31211704;0.25653416;-0.0579816;-0.4267948;-0.025110442;0.34767878;-0.23599125;-0.39274126;0.013262089;0.32094067;-0.9942425;-0.9726678;-0.4950102;0.108415544;-0.28928825;-0.06773649;-0.46808472;0.14367455;-0.17798315;0.72908866;-0.8801199;-0.6966237;-0.8279631;-0.72535414;-0.97969425;-0.38050056;-0.8399274;0.32654545;-0.89786726;-0.49467853
-0.05386714;-0.009667207;-0.003921993;0.00011949765;6.8239955e-05;-0.0018662023;-0.0025307594;6.827719e-07;-2.6694623e-05;-0.11998706;0.15661922;-0.12993558;-0.09537521;0.1475819;-0.10909961;0.00014620282;0.0006277858;-7.716517e-05;-9.3461844e-05;0.19310789;3.286172e-05;0.45407733;0.074596524;-0.040392026;0.837895;-0.16833621;0.11338054;-0.030656483;4.8860107e-05;0.5359626;0.10954645;-0.0746548;0.8360944;0.08556541;0.024884496;-0.1264388;0.00017015534;1.7737111e-05;-4.951848e-05;-0.6011871;0.08689782;-0.03922335;0.5880316;-0.16517588;0.17996122;0.1364362;0.00069495506;-5.425354e-05;-0.26244184;-0.30433422;0.003593254;0.04654403;0.23727186;-0.04348401;0.39151278;-0.9858869;-0.3563687;-0.22056164;0.043014765;0.2995475;-0.48708332;0.21900219;0.35188794;0.029478874;-0.22029582;-0.32079265;0.25364053;-0.05510888;-0.41256303;-0.03024429;0.35342717;-0.22746946;-0.3784903;0.013087113;0.32866514;-0.99417436;-0.97403276;-0.511923;0.10878092;-0.29605886;-0.062416084;-0.46892807;0.1406615;-0.17616808;0.717473;-0.88561547;-0.708224;-0.82384545;-0.7217624;-0.97907627;-0.37824714;-0.8302497;0.33630562;-0.8971896;-0.50495017
-0.053886402;-0.009567398;-0.004359072;0.00012101873;6.9137284e-05;-0.0016569967;-0.0024770736;6.1386993e-07;-2.7060334e-05;-0.11723499;0.15249354;-0.13973063;-0.092236646;0.14426368;-0.12182654;0.00013565258;0.0006211776;-7.8684214e-05;-9.0883324e-05;0.19551015;3.2668846e-05;0.45266488;0.07443681;-0.039168898;0.83319026;-0.17451562;0.11683525;-0.027571246;4.985812e-05;0.5340276;0.109243296;-0.07395732;0.82819504;0.08371997;0.026258264;-0.12486682;0.00016768352;1.8051658e-05;-5.0181785e-05;-0.6010725;0.086736165;-0.03849514;0.59071267;-0.16049093;0.18351829;0.13982579;0.0006847988;-5.5216136e-05;-0.25668052;-0.30947456;-0.007922198;0.050222427;0.23230407;-0.029581454;0.41634512;-0.9854038;-0.34978023;-0.23437877;0.033761624;0.30564496;-0.48764554;0.20959085;0.34960648;0.0267859;-0.2304292;-0.33038226;0.25041786;-0.051730786;-0.39869997;-0.03586479;0.35946086;-0.21833256;-0.36477762;0.011648396;0.33675337;-0.99408156;-0.9752472;-0.52953047;0.10823327;-0.30425364;-0.057891365;-0.47027442;0.13740496;-0.17463362;0.7046535;-0.89050514;-0.7189419;-0.8190398;-0.71689487;-0.9783467;-0.37547714;-0.8194042;0.34598735;-0.8960143;-0.5143661
-0.053904895;-0.009447931;-0.0047457884;0.00012380863;7.041551e-05;-0.0014699966;-0.0024292346;5.466019e-07;-2.7550777e-05;-0.11489027;0.1478447;-0.1506925;-0.08949485;0.14054278;-0.13590162;0.00012535985;0.0006161889;-8.065294e-05;-8.839269e-05;0.19792295;3.266711e-05;0.4507953;0.074118994;-0.03795955;0.8276577;-0.18072607;0.12043371;-0.02395822;5.116158e-05;0.53202116;0.108831346;-0.07311075;0.8192199;0.08091006;0.027476523;-0.123024255;0.0001657754;1.8474493e-05;-5.1118594e-05;-0.60106385;0.08724416;-0.03750464;0.592682;-0.15597436;0.18492293;0.14466894;0.00067640597;-5.6539342e-05;-0.250869;-0.31364924;-0.019057453;0.05379797;0.22713085;-0.017523851;0.44065344;-0.9849067;-0.34349295;-0.2490793;0.023521388;0.311819;-0.48811775;0.1990485;0.34802034;0.024086958;-0.24018735;-0.3407873;0.24713224;-0.047798418;-0.38519594;-0.041376717;0.36617628;-0.20883168;-0.3518368;0.008948608;0.34566334;-0.99396086;-0.9762771;-0.5475036;0.10654294;-0.31387234;-0.05500121;-0.47169524;0.13446629;-0.17327785;0.6908755;-0.8947622;-0.7290315;-0.8137593;-0.7109884;-0.9775286;-0.37220114;-0.807507;0.35568327;-0.8943957;-0.5231964
-0.053921945;-0.009311224;-0.005078773;0.00012780324;7.204361e-05;-0.00131175;-0.0023899693;4.819698e-07;-2.8162947e-05;-0.113081574;0.14277814;-0.16261652;-0.087291256;0.13651717;-0.15108886;0.00011587191;0.00061310467;-8.304711e-05;-8.619998e-05;0.2003293;3.2874676e-05;0.44847623;0.07362061;-0.03679642;0.82137156;-0.1868133;0.124090284;-0.01985053;5.2753894e-05;0.52999604;0.10832388;-0.072146356;0.80929905;0.077255264;0.028423434;-0.1209728;0.00016454034;1.9001774e-05;-5.2304647e-05;-0.60127807;0.088517636;-0.03654723;0.5940027;-0.15161408;0.18403019;0.15069322;0.00067015574;-5.820254e-05;-0.24488088;-0.31682953;-0.029787386;0.057090264;0.22198053;-0.0071014636;0.46399897;-0.9844036;-0.33750746;-0.26439166;0.01213017;0.3178662;-0.48824584;0.18752795;0.34720355;0.021161215;-0.24944754;-0.35204935;0.24382995;-0.043453835;-0.37197772;-0.046456408;0.3736667;-0.19922197;-0.33958513;0.0050438656;0.35540554;-0.9938153;-0.9771079;-0.5654125;0.10373688;-0.32486665;-0.05436295;-0.4732738;0.13181432;-0.17188992;0.6763941;-0.89836264;-0.7385254;-0.80824476;-0.7043079;-0.97664803;-0.36841384;-0.7948628;0.36551827;-0.8924338;-0.53147197
-0.05393914;-0.009168793;-0.005358108;0.0001329148;7.39605e-05;-0.0011849725;-0.0023606492;4.2026056e-07;-2.8885224e-05;-0.111862086;0.13736758;-0.17517053;-0.08569651;0.132246;-0.16698943;0.00010757096;0.00061205967;-8.580627e-05;-8.447359e-05;0.20267959;3.3268443e-05;0.44571403;0.072933756;-0.035709705;0.81454194;-0.19254534;0.12762944;-0.015392558;5.4596574e-05;0.52797276;0.107735164;-0.07110885;0.7986818;0.07307501;0.02898341;-0.11878395;0.00016400413;1.9621402e-05;-5.3694777e-05;-0.6017829;0.09057135;-0.035856586;0.5948305;-0.14742877;0.18082541;0.1575555;0.00066622347;-6.0159247e-05;-0.23867193;-0.31898978;-0.040061098;0.05984568;0.21710734;0.002093025;0.48591557;-0.9839009;-0.33169833;-0.2800605;-0.0005251168;0.32346275;-0.48779464;0.1752016;0.34697083;0.017696265;-0.25802687;-0.36423907;0.24033985;-0.038973793;-0.3589472;-0.050950974;0.38178897;-0.18972778;-0.3276735;8.723885e-05;0.3656239;-0.9936537;-0.97773856;-0.5827835;0.10005552;-0.33729783;-0.05642611;-0.47555503;0.12891142;-0.17031494;0.661384;-0.901261;-0.7472092;-0.8027863;-0.6969897;-0.9757348;-0.36414737;-0.7820375;0.37565547;-0.89028645;-0.5389656
-0.05395945;-0.009037857;-0.005582541;0.00013909815;7.609824e-05;-0.0010897989;-0.0023414209;3.6138738e-07;-2.9703035e-05;-0.1112132;0.13165554;-0.18795167;-0.084715165;0.12775622;-0.18309931;0.000100683115;0.00061306445;-8.886124e-05;-8.332827e-05;0.2048866;3.379991e-05;0.44247591;0.0720484;-0.034723345;0.8074927;-0.19764964;0.13080384;-0.010809614;5.6647186e-05;0.52594084;0.10707635;-0.0700469;0.7877229;0.068833806;0.02904893;-0.116522364;0.0001641251;2.031932e-05;-5.524003e-05;-0.6025779;0.09335451;-0.035586253;0.5954241;-0.14346734;0.17535472;0.16490468;0.0006646392;-6.235819e-05;-0.23218796;-0.3201461;-0.049812965;0.061664112;0.21281508;0.010524685;0.5060198;-0.983405;-0.32579815;-0.29586387;-0.014554947;0.3282325;-0.48654634;0.16219613;0.3469247;0.013356222;-0.26573616;-0.37741554;0.23632419;-0.034717545;-0.34601945;-0.054806024;0.39030567;-0.18054833;-0.3155777;-0.0057338364;0.3757559;-0.99348634;-0.97817105;-0.5991779;0.09583393;-0.35137436;-0.06161153;-0.47940287;0.12483024;-0.16856895;0.6459259;-0.90337926;-0.7546612;-0.79773945;-0.68901515;-0.9748193;-0.3594631;-0.76988524;0.38623917;-0.88815546;-0.5451759
-0.053985786;-0.008935697;-0.005749004;0.00014640688;7.840585e-05;-0.001024867;-0.0023315283;3.0507488e-07;-3.06062e-05;-0.11107235;0.1256475;-0.20056476;-0.08431324;0.12304381;-0.19890603;9.528757e-05;0.0006160739;-9.216351e-05;-8.282756e-05;0.20682144;3.441202e-05;0.43865573;0.07093721;-0.033849258;0.8006289;-0.2018572;0.13331431;-0.006370439;5.8878577e-05;0.52385145;0.10634784;-0.06900696;0.77683204;0.065053344;0.028524416;-0.114236236;0.00016482268;2.1086387e-05;-5.690455e-05;-0.60357547;0.09677156;-0.03579879;0.59608537;-0.13976844;0.1676499;0.17244387;0.0006653763;-6.47665e-05;-0.22527868;-0.3203872;-0.058996744;0.061952222;0.20945032;0.018644417;0.5240816;-0.98292017;-0.31943655;-0.31160232;-0.030128088;0.3317777;-0.4842911;0.1485098;0.3465112;0.0078021367;-0.27239004;-0.3916451;0.23133802;-0.031092037;-0.33320183;-0.05805203;0.3990034;-0.17186566;-0.3027174;-0.012313108;0.38515744;-0.9933239;-0.9783989;-0.61425203;0.09137239;-0.36739337;-0.07041227;-0.48582625;0.118368626;-0.16685951;0.63004047;-0.90459526;-0.76030064;-0.7934979;-0.68028665;-0.97392124;-0.35436878;-0.75947005;0.3973164;-0.8862499;-0.54930973
-0.054018535;-0.008874268;-0.0058556213;0.00015506253;8.087818e-05;-0.0009875322;-0.0023296215;2.507693e-07;-3.159928e-05;-0.11139922;0.11931156;-0.21269313;-0.08448178;0.1180794;-0.2139809;9.128508e-05;0.00062108116;-9.571927e-05;-8.298688e-05;0.20831168;3.5049645e-05;0.4340566;0.0695457;-0.033079408;0.79438436;-0.20494822;0.1348398;-0.0023427077;6.1300365e-05;0.52159494;0.10553769;-0.06803217;0.7663779;0.062214706;0.027348725;-0.11195342;0.00016600761;2.1926346e-05;-5.8685546e-05;-0.60457593;0.10069845;-0.036443073;0.59700614;-0.13629302;0.15771304;0.17993174;0.00066842604;-6.739421e-05;-0.21764196;-0.31989145;-0.06765213;0.05988286;0.20736992;0.026883688;0.5399794;-0.9824457;-0.3122339;-0.32704005;-0.047477257;0.33365792;-0.48083296;0.13398616;0.34512037;0.0006861872;-0.2777062;-0.40700257;0.22491418;-0.028533375;-0.32072794;-0.06079608;0.4077398;-0.16383965;-0.28859913;-0.019663546;0.39315575;-0.993172;-0.97840005;-0.6277644;0.0868368;-0.38560918;-0.0833598;-0.4957937;0.10817669;-0.16549902;0.61370397;-0.90471905;-0.76340824;-0.7903969;-0.6707129;-0.9730343;-0.34874803;-0.7518346;0.4087782;-0.8847333;-0.55031246
-0.054052282;-0.008855803;-0.005907121;0.0001655104;8.35831e-05;-0.0009727241;-0.0023338657;1.9714889e-07;-3.2711825e-05;-0.112281725;0.11260271;-0.2241196;-0.08533896;0.112830535;-0.22802126;8.8314264e-05;0.00062819384;-9.9619225e-05;-8.376283e-05;0.20914601;3.5658566e-05;0.4284175;0.06779151;-0.032376215;0.7891448;-0.20679991;0.13508882;0.0010656673;6.397774e-05;0.51897013;0.10463596;-0.06717028;0.75656164;0.06066259;0.025549097;-0.109684266;0.00016759979;2.2862798e-05;-6.063169e-05;-0.6052467;0.10498362;-0.03732354;0.59805804;-0.13285725;0.1456385;0.18707408;0.00067380944;-7.0315815e-05;-0.20881295;-0.31894463;-0.07601838;0.054371975;0.20688151;0.035659216;0.5535165;-0.9819635;-0.30392537;-0.34178662;-0.06676768;0.3333494;-0.47605616;0.11842874;0.3422708;-0.008345987;-0.28110665;-0.4234762;0.21673283;-0.02748709;-0.3092128;-0.06315722;0.41639793;-0.15657926;-0.27299818;-0.02776696;0.3990492;-0.9930272;-0.9781347;-0.6395186;0.082227275;-0.4060327;-0.10076098;-0.5100325;0.09292231;-0.16472678;0.59681076;-0.90346366;-0.763135;-0.78855497;-0.6602097;-0.97210795;-0.3423987;-0.74764997;0.42035145;-0.8836751;-0.5470086
-0.054072674;-0.008870028;-0.005920249;0.00017838425;8.6663684e-05;-0.0009712286;-0.0023418185;1.4154773e-07;-3.3997538e-05;-0.11404659;0.10551235;-0.23472364;-0.08723496;0.107303426;-0.24085967;8.5690874e-05;0.000637586;-0.0001040325;-8.50268e-05;0.209105;3.6175566e-05;0.4215108;0.06557604;-0.031666778;0.7851504;-0.20742582;0.13386881;0.0037736376;6.70266e-05;0.5156866;0.10367177;-0.06649223;0.7473274;0.06054319;0.023297895;-0.10743327;0.00016951957;2.393754e-05;-6.2844e-05;-0.6051457;0.10942173;-0.0381079;0.59866303;-0.12910473;0.13189921;0.19332284;0.00068145304;-7.366498e-05;-0.19822876;-0.31794974;-0.08465943;0.044157267;0.20816618;0.04532662;0.56418955;-0.98143023;-0.2944389;-0.35517928;-0.08779697;0.3302741;-0.47009686;0.101845115;0.3378301;-0.01959591;-0.2815894;-0.44082603;0.20686072;-0.028355505;-0.29974964;-0.06518208;0.42474374;-0.15012246;-0.25619444;-0.036286067;0.4020996;-0.9928737;-0.97756094;-0.6492783;0.07743397;-0.4282377;-0.1222433;-0.5288524;0.07148854;-0.1645201;0.57909715;-0.90043575;-0.758546;-0.7877583;-0.6485715;-0.9710468;-0.33522666;-0.74693465;0.431696;-0.8830306;-0.5383906
-0.054057043;-0.008893524;-0.0059243115;0.00019424252;9.027547e-05;-0.00096986425;-0.002350328;8.0145696e-08;-3.5507466e-05;-0.11725464;0.09810222;-0.24451496;-0.09074089;0.101571225;-0.2525003;8.2533166e-05;0.0006492389;-0.000109124085;-8.654505e-05;0.20802496;3.6523044e-05;0.41329375;0.06280948;-0.030852186;0.78242964;-0.20696138;0.13113965;0.0058634984;7.0558555e-05;0.511461;0.10275416;-0.06611247;0.7384629;0.061836444;0.02088132;-0.10521976;0.00017165017;2.5190242e-05;-6.5431785e-05;-0.60383314;0.113715306;-0.03845196;0.5979816;-0.12458226;0.11761852;0.19774371;0.00069095066;-7.757274e-05;-0.18539636;-0.3173691;-0.09444643;0.02809622;0.21119428;0.0560496;0.5711028;-0.98078555;-0.2838068;-0.36632156;-0.109690085;0.32399005;-0.46355796;0.08465016;0.33206895;-0.0331723;-0.27798438;-0.45854688;0.19589971;-0.03139362;-0.2938254;-0.06683634;0.4322765;-0.14447817;-0.23919082;-0.044438433;0.4015835;-0.99269027;-0.9766705;-0.6567562;0.07237395;-0.4513558;-0.14642239;-0.5520884;0.043137718;-0.16456151;0.5601297;-0.89518493;-0.74875724;-0.78754884;-0.6352963;-0.9697382;-0.32750642;-0.74914086;0.44263557;-0.8826733;-0.5239782
-0.053981252;-0.008891011;-0.005954153;0.00021314749;9.446904e-05;-0.0009555679;-0.0023558955;9.648602e-09;-3.7241938e-05;-0.122494295;0.09045835;-0.2537166;-0.09643736;0.09573239;-0.26319206;7.812446e-05;0.0006625853;-0.00011491524;-8.800991e-05;0.20586903;3.662276e-05;0.4040166;0.059442535;-0.029837724;0.780834;-0.20559537;0.12701038;0.0075242394;7.458727e-05;0.5062024;0.102071956;-0.06618716;0.7299136;0.064485826;0.018530946;-0.103099145;0.00017379879;2.6623908e-05;-6.843054e-05;-0.6010556;0.11747267;-0.03821112;0.59540737;-0.118916534;0.104416765;0.19914229;0.0007013811;-8.206237e-05;-0.17012748;-0.3175635;-0.106247574;0.0056807827;0.21566083;0.06763996;0.5731635;-0.979982;-0.27191046;-0.37434703;-0.13089982;0.31452063;-0.45757905;0.067625955;0.3254281;-0.04877084;-0.26969573;-0.47597098;0.1848983;-0.036547437;-0.29296422;-0.0680372;0.43829593;-0.13969184;-0.22364843;-0.051227115;0.3969635;-0.9924665;-0.97552764;-0.66174334;0.06711907;-0.4743141;-0.17113622;-0.57910895;0.007682235;-0.16441828;0.5394537;-0.8873056;-0.7331333;-0.787521;-0.61959654;-0.96809936;-0.3199182;-0.7536147;0.45336628;-0.8824483;-0.5039807
-0.053829573;-0.008819227;-0.0060412223;0.00023438432;9.910361e-05;-0.0009210931;-0.0023553763;-7.0460146e-08;-3.9117593e-05;-0.13007724;0.08258121;-0.26277667;-0.10461183;0.089805275;-0.27343357;7.2258146e-05;0.0006763968;-0.000121191086;-8.91284e-05;0.20275894;3.6423076e-05;0.39418864;0.055505127;-0.028567877;0.78018045;-0.2035453;0.121699244;0.0089115035;7.896693e-05;0.5001487;0.10182202;-0.06687261;0.7220477;0.068492435;0.016254332;-0.10116772;0.00017569552;2.8182036e-05;-7.17417e-05;-0.59686345;0.12030205;-0.03753123;0.59097016;-0.1119961;0.09368958;0.19646347;0.00071139296;-8.69779e-05;-0.15271145;-0.31863657;-0.120485425;-0.02249895;0.22099324;0.079519965;0.56944865;-0.97902197;-0.25829044;-0.37873194;-0.14963299;0.3026164;-0.4536157;0.051715612;0.3182832;-0.06546539;-0.25741777;-0.49229956;0.17514487;-0.043270186;-0.29822448;-0.06853232;0.4423054;-0.13580014;-0.21137951;-0.055790544;0.3881547;-0.9922188;-0.97426766;-0.6642787;0.061921854;-0.49605548;-0.19420728;-0.60870093;-0.03412367;-0.16368806;0.5168277;-0.8765049;-0.71140784;-0.78750783;-0.6007517;-0.9660914;-0.3131112;-0.759895;0.46439922;-0.8821455;-0.47903925
-0.053600024;-0.008634686;-0.0062099756;0.0002566005;0.000103871134;-0.00086752366;-0.0023463895;-1.570553e-07;-4.0983992e-05;-0.13987064;0.07433226;-0.27225608;-0.115094244;0.083664164;-0.28386456;6.526685e-05;0.0006890591;-0.00012754243;-8.971051e-05;0.19894984;3.591869e-05;0.38442984;0.05113175;-0.027040038;0.7803686;-0.20111562;0.115513794;0.010045766;8.3419916e-05;0.49382702;0.102108285;-0.06826692;0.71556515;0.07388238;0.01385092;-0.09953212;0.00017703627;2.9759452e-05;-7.514778e-05;-0.59157836;0.12195878;-0.036700845;0.58530754;-0.104067095;0.08590309;0.18923691;0.00071951654;-9.201406e-05;-0.13390441;-0.32044116;-0.13694108;-0.054762326;0.22645731;0.09089493;0.5595212;-0.97797287;-0.2422601;-0.37944922;-0.16443504;0.28968146;-0.45301598;0.037828147;0.3109648;-0.08179558;-0.24309364;-0.5066114;0.16796447;-0.050541498;-0.3099076;-0.067789875;0.44440264;-0.1327617;-0.20374675;-0.057657607;0.37566808;-0.9919893;-0.9730449;-0.6647007;0.057148047;-0.5155962;-0.21410912;-0.63897586;-0.08014829;-0.16198605;0.49233714;-0.86259776;-0.6836898;-0.787481;-0.57857215;-0.9636813;-0.30713272;-0.767554;0.47627497;-0.88141835;-0.4498189
-0.053302325;-0.008304261;-0.006477587;0.0002782924;0.0001084105;-0.0008022483;-0.0023270703;-2.4453868e-07;-4.2679e-05;-0.15134941;0.06549833;-0.28266832;-0.1273171;0.077090375;-0.29509774;5.7804777e-05;0.0006989679;-0.00013351203;-8.970874e-05;0.1947615;3.5153964e-05;0.3753101;0.046539634;-0.025292505;0.78136885;-0.19870819;0.10882962;0.010840106;8.76338e-05;0.48785645;0.102892995;-0.070378475;0.7111346;0.0806396;0.011077015;-0.098265156;0.0001775274;3.1240033e-05;-7.839207e-05;-0.5856781;0.122437574;-0.03595136;0.5793502;-0.09569693;0.08056816;0.17780599;0.0007244351;-9.682801e-05;-0.11474643;-0.32269916;-0.15490663;-0.0889031;0.23132512;0.10101037;0.5435318;-0.9769472;-0.22322431;-0.3769562;-0.17457923;0.27736253;-0.45660084;0.026676731;0.30382627;-0.096205495;-0.22915748;-0.5180128;0.16448972;-0.05717661;-0.32758102;-0.06514255;0.44527408;-0.13048917;-0.20138611;-0.056902666;0.3604912;-0.99182785;-0.97197086;-0.66352093;0.05321165;-0.5320667;-0.23018228;-0.66768444;-0.12699455;-0.15891916;0.46626964;-0.8454948;-0.6504398;-0.7873598;-0.5535652;-0.96079874;-0.3013148;-0.7759639;0.48935384;-0.87979174;-0.41687232
-0.05295304;-0.007812819;-0.006852863;0.0002983252;0.000112427864;-0.0007352159;-0.0022953728;-3.268908e-07;-4.4085027e-05;-0.16377544;0.05589116;-0.2943377;-0.1405046;0.06986515;-0.30755073;5.0645423e-05;0.0007047055;-0.00013874176;-8.921864e-05;0.19049166;3.4215616e-05;0.3672423;0.041966353;-0.023387404;0.78313005;-0.19670714;0.10202562;0.011217483;9.136206e-05;0.4827257;0.10402601;-0.07313412;0.7090577;0.08869249;0.0077891704;-0.09738476;0.00017688659;3.2535307e-05;-8.12646e-05;-0.5796817;0.12195315;-0.03539324;0.57397807;-0.08761796;0.0767701;0.16326962;0.0007250154;-0.00010115848;-0.09634777;-0.3250696;-0.17346326;-0.122892395;0.23503195;0.10926899;0.52207935;-0.97605544;-0.2009341;-0.37206262;-0.18012066;0.26710716;-0.46441564;0.018677806;0.29719272;-0.10743007;-0.21779484;-0.5257333;0.16551311;-0.062123254;-0.35013002;-0.059907544;0.4459271;-0.12884663;-0.20417984;-0.053977784;0.3439063;-0.99176717;-0.97108203;-0.6611856;0.050565597;-0.5447786;-0.24258772;-0.6927646;-0.17072678;-0.15409511;0.43876454;-0.8251878;-0.61239165;-0.7869154;-0.52666163;-0.95731944;-0.29457036;-0.7842878;0.503794;-0.8767515;-0.38074502
-0.05257219;-0.0071644974;-0.007334113;0.00031621457;0.0001157558;-0.00067598297;-0.0022483019;-3.9926135e-07;-4.515601e-05;-0.17638478;0.045397025;-0.30732715;-0.153867;0.061823927;-0.32134774;4.4613873e-05;0.0007049323;-0.0001430437;-8.8468965e-05;0.18634495;3.3220327e-05;0.36045477;0.037617337;-0.021406442;0.7855335;-0.19532879;0.09541018;0.011203367;9.447349e-05;0.47866347;0.105312444;-0.07640996;0.7091605;0.097927175;0.0039896285;-0.09686707;0.00017479295;3.360401e-05;-8.3644554e-05;-0.5740627;0.12083868;-0.03507816;0.56976575;-0.08052334;0.07373327;0.14726059;0.000720115;-0.00010488604;-0.079801016;-0.32711917;-0.19169085;-0.15524545;0.23726332;0.11515972;0.49589327;-0.97535694;-0.17559446;-0.36574695;-0.18170193;0.25994655;-0.4757053;0.013994066;0.2913129;-0.114579976;-0.21061692;-0.5290288;0.17152941;-0.064539105;-0.37577695;-0.051276173;0.44746754;-0.12753762;-0.21130514;-0.049247157;0.3274065;-0.99180746;-0.97033966;-0.65786934;0.049729474;-0.5532398;-0.2522001;-0.7126484;-0.20762071;-0.14713655;0.40938446;-0.8016662;-0.57031894;-0.7857775;-0.49871522;-0.9530537;-0.2856335;-0.79162145;0.51962817;-0.8717749;-0.34203348
-0.05218137;-0.0063793664;-0.007910061;0.00033210882;0.00011834127;-0.0006317307;-0.002181337;-4.5874435e-07;-4.591135e-05;-0.18854158;0.03397058;-0.321468;-0.16675852;0.0528621;-0.33634758;4.0573548e-05;0.00069817173;-0.00014638423;-8.779609e-05;0.18240377;3.2296553e-05;0.35502842;0.033655137;-0.019454276;0.78842264;-0.19455196;0.089187734;0.010933295;9.6943084e-05;0.47562265;0.10657444;-0.08006646;0.7108875;0.10818611;-0.00019363128;-0.09667919;0.00017082496;3.4449204e-05;-8.549275e-05;-0.569179;0.11942156;-0.035092805;0.5668746;-0.07490863;0.071113825;0.13171513;0.0007083332;-0.000108024615;-0.066236325;-0.32826334;-0.2087716;-0.18499337;0.23792881;0.118121445;0.46546084;-0.9748383;-0.14786896;-0.35899684;-0.18026981;0.25649485;-0.4890822;0.012671376;0.2864114;-0.11706984;-0.20861563;-0.52706414;0.18288152;-0.06377289;-0.40230826;-0.03819125;0.45098203;-0.12602326;-0.22138366;-0.042584334;0.3126109;-0.9919172;-0.9696479;-0.65340036;0.051311687;-0.55710816;-0.26042885;-0.7262049;-0.23452233;-0.13773972;0.37683022;-0.7747452;-0.5246746;-0.78349185;-0.4700414;-0.9477166;-0.27307403;-0.7971301;0.5368494;-0.8642583;-0.30128014
-0.051800273;-0.0054869014;-0.008567769;0.00034658203;0.00012021337;-0.0006057572;-0.0020890275;-5.045541e-07;-4.6413574e-05;-0.19985451;0.021613425;-0.33651888;-0.17878608;0.04293129;-0.3523126;3.927719e-05;0.00068290305;-0.00014883703;-8.7550834e-05;0.17865358;3.1560925e-05;0.35094067;0.030210558;-0.01764213;0.79161996;-0.19416241;0.08345545;0.010583999;9.8821154e-05;0.47334266;0.10769804;-0.083976224;0.7134844;0.11924055;-0.004551768;-0.0968166;0.00016450955;3.5104775e-05;-8.682824e-05;-0.5652158;0.11792524;-0.03560701;0.5651401;-0.07104071;0.06896235;0.118572615;0.0006881297;-0.00011067712;-0.056771547;-0.32779947;-0.22404426;-0.21150313;0.23705624;0.11753694;0.43082428;-0.9744244;-0.11878655;-0.3526622;-0.17681777;0.25701085;-0.5028569;0.014739937;0.282744;-0.11463361;-0.21219362;-0.5189845;0.19979149;-0.059441503;-0.42755234;-0.019526314;0.45736554;-0.12362673;-0.23276559;-0.03333669;0.3009829;-0.9920442;-0.96887076;-0.64732295;0.055939533;-0.55612606;-0.26891294;-0.7326072;-0.24900752;-0.12576021;0.33914125;-0.7439229;-0.47540405;-0.77958286;-0.44027764;-0.94089574;-0.25543702;-0.8001093;0.55535793;-0.85342604;-0.25887966
-0.051440347;-0.0045164656;-0.009308304;0.000360311;0.00012148991;-0.0005969185;-0.001968752;-5.3763654e-07;-4.674647e-05;-0.21023038;0.008389938;-0.3524616;-0.18984245;0.032078173;-0.36921626;4.0892235e-05;0.00065859774;-0.00015056448;-8.787473e-05;0.17507374;3.1089934e-05;0.3480553;0.027369333;-0.016020356;0.794847;-0.19390404;0.078182675;0.010266758;0.00010021997;0.4714726;0.108678386;-0.08803398;0.7161993;0.1307394;-0.008839095;-0.097329155;0.00015567958;3.5622343e-05;-8.773364e-05;-0.56215155;0.11644811;-0.036804754;0.56439674;-0.069084;0.067353606;0.10915064;0.0006589807;-0.00011298925;-0.05193854;-0.32519868;-0.23712148;-0.23448189;0.23475015;0.11300289;0.39192832;-0.97400975;-0.08950497;-0.34722272;-0.1722285;0.2613327;-0.51550233;0.020130776;0.2805065;-0.10759391;-0.22123943;-0.5043741;0.22202896;-0.051697522;-0.44983724;0.0052238037;0.46692523;-0.119926006;-0.24386969;-0.020769013;0.29331484;-0.9921287;-0.96783847;-0.63908386;0.0639446;-0.55015403;-0.27902395;-0.73150635;-0.24988104;-0.11132639;0.29497626;-0.7086275;-0.4225155;-0.7736529;-0.40896237;-0.9321139;-0.23214449;-0.8000169;0.57460433;-0.83847684;-0.21541943
-0.051100757;-0.0034936522;-0.010157055;0.0003736805;0.00012240613;-0.0006012693;-0.0018270409;-5.595307e-07;-4.699515e-05;-0.21980645;-0.005462175;-0.36971772;-0.20001708;0.020569017;-0.3874611;4.443596e-05;0.00062746543;-0.00015181606;-8.845939e-05;0.17176019;3.0893236e-05;0.3460806;0.025122106;-0.014484982;0.7976278;-0.19373359;0.073183194;0.00992949;0.00010130994;0.46974343;0.10962996;-0.09214272;0.7184996;0.1422335;-0.012805164;-0.098289534;0.00014504534;3.6058904e-05;-8.8376146e-05;-0.5597875;0.1150474;-0.038667478;0.5648571;-0.06929282;0.065864794;0.103304975;0.00062328845;-0.000115101255;-0.050759826;-0.32065678;-0.24811034;-0.25430825;0.2313987;0.10474769;0.34959114;-0.97350484;-0.060868695;-0.3425292;-0.16725536;0.26869184;-0.52616364;0.02832872;0.27955186;-0.097227335;-0.23525584;-0.48407122;0.24831162;-0.041472375;-0.46815118;0.034944784;0.4789434;-0.1152446;-0.25349632;-0.0048331944;0.2894334;-0.9921199;-0.9663738;-0.6283598;0.07489106;-0.5394298;-0.29124245;-0.7235655;-0.23806699;-0.09505037;0.24590036;-0.6692223;-0.36756098;-0.7655993;-0.37682718;-0.9211391;-0.20502053;-0.79660285;0.5932068;-0.81925005;-0.17254545
-0.050777406;-0.0024567829;-0.0111402;0.00038652425;0.00012323499;-0.00061537715;-0.001680307;-5.710589e-07;-4.7219553e-05;-0.22875121;-0.019373931;-0.38869572;-0.20942059;0.009000143;-0.4074135;4.8065136e-05;0.0005944843;-0.00015284226;-8.867889e-05;0.16893509;3.0912008e-05;0.34466597;0.023358027;-0.012798839;0.7994443;-0.19409116;0.06819867;0.00935982;0.00010225999;0.46809506;0.110672675;-0.09618944;0.72020847;0.15340747;-0.016219556;-0.099664725;0.00013417902;3.6455796e-05;-8.8952e-05;-0.557856;0.11386362;-0.040744595;0.5669575;-0.07201551;0.063461445;0.0993817;0.0005863976;-0.00011708123;-0.050895974;-0.31535017;-0.25770378;-0.27226913;0.22806534;0.093591504;0.30604386;-0.9728937;-0.03289513;-0.337923;-0.16261484;0.27779356;-0.53494626;0.03798754;0.27916604;-0.08556638;-0.25349212;-0.46055037;0.27625713;-0.03013819;-0.48199424;0.066683576;0.4918956;-0.11056495;-0.26109254;0.013424871;0.28887302;-0.99199665;-0.96438813;-0.6154078;0.08758057;-0.52489984;-0.3048263;-0.7105925;-0.2165954;-0.07827881;0.1970684;-0.62814504;-0.31438872;-0.7558889;-0.34632498;-0.90844864;-0.17832975;-0.7901534;0.6094128;-0.7970997;-0.13325246
-0.050478294;-0.0014723499;-0.012238075;0.00039831974;0.00012409981;-0.000636907;-0.0015443786;-5.7267664e-07;-4.74326e-05;-0.23709422;-0.032493707;-0.40878618;-0.21807401;-0.0018426791;-0.42838907;5.0382878e-05;0.00056425994;-0.00015374027;-8.8123794e-05;0.16675133;3.105615e-05;0.3436433;0.0219607;-0.010788002;0.80010825;-0.19584973;0.063112065;0.008331094;0.00010313433;0.46660116;0.11177211;-0.10004618;0.7213396;0.16429007;-0.018918864;-0.10122644;0.00012447406;3.6821013e-05;-8.955276e-05;-0.55613136;0.1130903;-0.04222341;0.5705734;-0.077499226;0.059140127;0.09551333;0.00055316486;-0.0001188872;-0.05046046;-0.31075627;-0.26677674;-0.28996095;0.22646326;0.08020726;0.2638658;-0.9722515;-0.004915965;-0.33288708;-0.15902418;0.28732798;-0.54267716;0.04706203;0.2782491;-0.07447228;-0.2749757;-0.4369898;0.30331704;-0.018753441;-0.49120513;0.09690603;0.5043392;-0.1067718;-0.26681316;0.032344624;0.29185286;-0.9917763;-0.9619792;-0.6011122;0.1007694;-0.5081093;-0.31816417;-0.6945733;-0.18878709;-0.06298368;0.15396337;-0.5895161;-0.26737276;-0.7455295;-0.31996924;-0.89530957;-0.1560669;-0.7815596;0.6223056;-0.7747896;-0.100589596
-0.05022269;-0.0006088469;-0.01338139;0.00040865832;0.00012491914;-0.000660915;-0.0014245609;-5.665555e-07;-4.761092e-05;-0.2447777;-0.04404872;-0.42822605;-0.22596906;-0.011354181;-0.4485417;5.112069e-05;0.00053828344;-0.00015443118;-8.683098e-05;0.16512816;3.1242627e-05;0.34309146;0.020894075;-0.008485896;0.799815;-0.19975948;0.058026128;0.0067488747;0.000103877304;0.46527565;0.11278747;-0.10360866;0.7217566;0.17500873;-0.020883482;-0.10269438;0.000116291834;3.7138212e-05;-9.012592e-05;-0.5544691;0.11275829;-0.04240284;0.5747438;-0.085761;0.05261517;0.090804204;0.0005250246;-0.00012041889;-0.049264878;-0.30762094;-0.27573;-0.30817163;0.22814289;0.06465323;0.22451933;-0.97168636;0.023353478;-0.32747445;-0.15704355;0.2963626;-0.5503385;0.05362813;0.27583167;-0.065102525;-0.2984462;-0.41586035;0.32767615;-0.0079728225;-0.4960042;0.122923955;0.5153357;-0.1043306;-0.27125207;0.050403357;0.29886848;-0.99148846;-0.9593632;-0.58658564;0.113674775;-0.49054608;-0.32954353;-0.6766919;-0.15662926;-0.05112067;0.11873634;-0.55720586;-0.22903487;-0.7355853;-0.29833153;-0.8832249;-0.13966826;-0.7719595;0.63215834;-0.7550571;-0.076098815
-0.050028823;9.775488e-05;-0.014495744;0.00041743522;0.00012552628;-0.0006788421;-0.001317104;-5.570422e-07;-4.77216e-05;-0.25179863;-0.053648785;-0.44516248;-0.23315676;-0.019314859;-0.46595964;5.0648334e-05;0.0005155082;-0.00015477824;-8.502934e-05;0.16384651;3.140336e-05;0.34314296;0.020179756;-0.006063729;0.7988432;-0.20595515;0.053108748;0.0046691145;0.000104393206;0.46401024;0.113642834;-0.10682436;0.7211317;0.1854365;-0.022242026;-0.10392642;0.00010920505;3.738865e-05;-9.055876e-05;-0.5527972;0.11263875;-0.041112173;0.578325;-0.09650472;0.04432141;0.0852859;0.00050068076;-0.00012159439;-0.048208166;-0.3057448;-0.28433254;-0.3265817;0.2336974;0.046722632;0.18830983;-0.9712703;0.051262915;-0.3220628;-0.15690619;0.30436575;-0.55866796;0.056635816;0.2715053;-0.058125325;-0.3224232;-0.39842826;0.34845996;0.0016114175;-0.49702674;0.14332762;0.5242892;-0.10354119;-0.2750848;0.06662696;0.30973247;-0.99114704;-0.9567159;-0.572736;0.12587209;-0.47315773;-0.33782816;-0.6574252;-0.12094811;-0.044016574;0.090252936;-0.5334702;-0.19966069;-0.7266868;-0.28011748;-0.8732967;-0.12845936;-0.7622668;0.6397053;-0.7393752;-0.059506845
-0.049906954;0.00064434053;-0.015533951;0.00042474223;0.00012578921;-0.00068257784;-0.0012160186;-5.487916e-07;-4.774118e-05;-0.2582444;-0.061274983;-0.4585386;-0.23975474;-0.025795728;-0.47956166;4.9430324e-05;0.0004942679;-0.00015469102;-8.291941e-05;0.16272067;3.1482683e-05;0.3438045;0.019827737;-0.0036912225;0.7973506;-0.21399663;0.048458055;0.0022524742;0.00010461724;0.46265244;0.1143676;-0.10968356;0.7191673;0.19522734;-0.023177728;-0.104912154;0.000102630576;3.7562902e-05;-9.076207e-05;-0.55106884;0.11239237;-0.038654692;0.58055735;-0.109089635;0.035001777;0.07937106;0.00047820562;-0.0001223826;-0.0482036;-0.3045193;-0.29209176;-0.3444238;0.24273714;0.026414081;0.15518422;-0.97102284;0.07777991;-0.31696457;-0.15852496;0.3110754;-0.56803477;0.05592168;0.2654373;-0.05393285;-0.34551334;-0.3851016;0.36550206;0.009482165;-0.49510592;0.15773426;0.53088075;-0.104609616;-0.27886453;0.08063335;0.32357472;-0.99074835;-0.9541201;-0.5601475;0.13711281;-0.45643878;-0.34266105;-0.6370589;-0.0822545;-0.042222258;0.06619075;-0.51892924;-0.1782134;-0.71896976;-0.2634674;-0.86601853;-0.12105008;-0.7529973;0.6455362;-0.7279482;-0.04938353
-0.04985879;0.0010468726;-0.01647903;0.0004307837;0.00012566597;-0.0006678289;-0.0011173317;-5.4525015e-07;-4.7666515e-05;-0.26425323;-0.06713559;-0.46817443;-0.2459165;-0.030999731;-0.48916844;4.784399e-05;0.0004734092;-0.0001541712;-8.0643316e-05;0.1616423;3.1440806e-05;0.34492424;0.019796517;-0.0014679271;0.7953587;-0.22316924;0.044098794;-0.00027903542;0.000104546234;0.46107328;0.11503903;-0.11220241;0.7157244;0.20403114;-0.023859566;-0.105681665;9.617668e-05;3.7665042e-05;-9.0708025e-05;-0.54921806;0.11173387;-0.03549786;0.5810618;-0.122645184;0.025385141;0.07349592;0.00045624288;-0.00012281146;-0.04967284;-0.3033831;-0.29856825;-0.36108956;0.25430492;0.0040653083;0.12515727;-0.9709232;0.10205408;-0.31230435;-0.16162392;0.31634244;-0.5784496;0.051802665;0.2580787;-0.05268812;-0.36667004;-0.3758943;0.3789473;0.015299519;-0.49097866;0.166346;0.5350589;-0.10758516;-0.28295255;0.092388734;0.33929804;-0.99028194;-0.9516073;-0.54915696;0.14724074;-0.44073805;-0.3442167;-0.61596864;-0.04127837;-0.04565369;0.04452869;-0.5130174;-0.16318539;-0.71230185;-0.24685305;-0.861393;-0.11615653;-0.7443626;0.64999396;-0.72030395;-0.043965824
-0.04987917;0.0013312404;-0.017335908;0.00043587686;0.00012521227;-0.00063436077;-0.0010198876;-5.484328e-07;-4.7519723e-05;-0.26998216;-0.071560204;-0.47447053;-0.2518117;-0.03517974;-0.49519846;4.6147703e-05;0.00045252056;-0.00015331857;-7.83085e-05;0.16054466;3.1258613e-05;0.34623784;0.01999554;0.0005784741;0.79279584;-0.23272133;0.04001662;-0.0026768714;0.000104242645;0.45917743;0.11573254;-0.11441369;0.710797;0.21162237;-0.024431353;-0.10625618;8.969926e-05;3.7714395e-05;-9.043564e-05;-0.54715127;0.11049096;-0.03205328;0.5796259;-0.13621715;0.016068902;0.06798667;0.00043423573;-0.00012296811;-0.052518085;-0.3019434;-0.30345243;-0.3763021;0.2672587;-0.01972536;0.098294504;-0.970919;0.12356418;-0.30806798;-0.16586758;0.320055;-0.5896396;0.044778932;0.24992079;-0.054340888;-0.38526586;-0.37065074;0.38899446;0.01889578;-0.48511595;0.16964355;0.53698474;-0.11234864;-0.287489;0.10199992;0.3559091;-0.9897349;-0.949197;-0.53992736;0.15614352;-0.42643425;-0.34290898;-0.594668;0.0008807514;-0.053747363;0.023981238;-0.5143517;-0.15302847;-0.7064638;-0.22931394;-0.85910505;-0.11283039;-0.7363947;0.6532654;-0.7157318;-0.041668437
-0.049958047;0.0015271502;-0.018121816;0.00044046054;0.00012456524;-0.0005846891;-0.0009245139;-5.5924284e-07;-4.734619e-05;-0.27558988;-0.074933626;-0.47810143;-0.2576119;-0.03860567;-0.49835435;4.44802e-05;0.00043177055;-0.00015231263;-7.6000295e-05;0.15937018;3.09394e-05;0.34742677;0.02030888;0.0024690612;0.7895258;-0.24200131;0.03618004;-0.0046989974;0.000103822895;0.45688853;0.11649985;-0.11635904;0.7044357;0.21792579;-0.025017163;-0.106636025;8.32399e-05;3.7744285e-05;-9.0040114e-05;-0.5447558;0.10860191;-0.028595971;0.5760739;-0.14887643;0.007488494;0.063040555;0.00041224298;-0.00012298994;-0.056283936;-0.29994863;-0.3065547;-0.3900584;0.28050908;-0.044232216;0.074587956;-0.97093505;0.14209148;-0.30418214;-0.17095618;0.32215193;-0.6011589;0.035420064;0.24140729;-0.058645148;-0.40105876;-0.3690816;0.39585567;0.020263532;-0.4776886;0.16827321;0.5369815;-0.1186186;-0.29238075;0.10967859;0.37269682;-0.9890905;-0.9469007;-0.53248316;0.1637291;-0.41394892;-0.33925614;-0.5737302;0.042860683;-0.06558729;0.00390357;-0.52102065;-0.14630325;-0.70120925;-0.21039923;-0.8586514;-0.11041201;-0.72900295;0.6554568;-0.7134687;-0.041247416
-0.05008229;0.0016631808;-0.018856887;0.0004450591;0.00012391155;-0.00052270055;-0.00083295355;-5.7779096e-07;-4.7207046e-05;-0.2812214;-0.077635;-0.47977293;-0.263474;-0.04153616;-0.49937394;4.2875734e-05;0.00041167028;-0.00015137864;-7.378382e-05;0.1580591;3.0507304e-05;0.34816974;0.02062104;0.004246917;0.7853851;-0.25053254;0.032557447;-0.00614398;0.00010343536;0.4541387;0.117362276;-0.11808068;0.6967015;0.22299957;-0.025716322;-0.10680063;7.694731e-05;3.779731e-05;-8.965085e-05;-0.5419158;0.10609808;-0.025257017;0.570259;-0.15981112;-0.0001023598;0.058764048;0.00039069614;-0.00012304388;-0.060352437;-0.29725713;-0.307821;-0.40252164;0.29315585;-0.068749696;0.053879924;-0.9708872;0.1576489;-0.30057415;-0.17667857;0.3226697;-0.612508;0.024321573;0.23292291;-0.06519065;-0.4141172;-0.3707642;0.39980194;0.019577973;-0.4686377;0.16300684;0.5354852;-0.12596585;-0.2973294;0.11576081;0.38929877;-0.98832613;-0.94471353;-0.52673525;0.16992812;-0.4036626;-0.3338275;-0.5536607;0.0832723;-0.08003895;-0.015906518;-0.5308862;-0.14173675;-0.6962677;-0.1900626;-0.8594475;-0.10843525;-0.7219958;0.6566228;-0.7127736;-0.04178855
-0.050237097;0.001763128;-0.01955513;0.0004501989;0.00012344735;-0.00045261328;-0.0007470592;-6.0358684e-07;-4.7166846e-05;-0.28698388;-0.07997158;-0.48004752;-0.26951402;-0.044180434;-0.49884892;4.1290332e-05;0.0003928759;-0.00015074355;-7.1702576e-05;0.15655549;3.0002011e-05;0.34819287;0.020835124;0.005952358;0.78023875;-0.25803402;0.029135037;-0.006883389;0.00010323159;0.45087728;0.11831158;-0.11961391;0.6876739;0.22700305;-0.026591215;-0.106714435;7.1015296e-05;3.791733e-05;-8.940329e-05;-0.53854144;0.10309272;-0.022052353;0.5621377;-0.16841249;-0.0066436627;0.05523756;0.00037020608;-0.00012329675;-0.06411372;-0.29383397;-0.30737013;-0.41392413;0.30454892;-0.09271294;0.035846934;-0.97069764;0.17038904;-0.29720643;-0.18292086;0.32178938;-0.62324625;0.012066467;0.22479814;-0.07345386;-0.4247253;-0.37517837;0.4011931;0.01723915;-0.45782477;0.15469527;0.53297794;-0.13383901;-0.30191264;0.1206606;0.40566227;-0.9874163;-0.942606;-0.5225135;0.17471015;-0.39581102;-0.3271927;-0.53479797;0.12093344;-0.09589431;-0.03533043;-0.5419028;-0.13827775;-0.6913488;-0.16858798;-0.86092854;-0.10657981;-0.71511024;0.65677685;-0.7129753;-0.04264639
-0.050407458;0.0018442115;-0.020218521;0.00045629436;0.00012333428;-0.00037817907;-0.000668263;-6.3568405e-07;-4.7279224e-05;-0.29292187;-0.08212259;-0.47925976;-0.2757779;-0.046656646;-0.49713278;3.9623148e-05;0.00037603633;-0.0001505892;-6.9774105e-05;0.15482363;2.9469069e-05;0.34731486;0.020883406;0.007604354;0.77404773;-0.26438832;0.025936937;-0.0068854154;0.000103335035;0.44709358;0.11931435;-0.120983385;0.6775078;0.23016249;-0.02766092;-0.106337056;6.563755e-05;3.8139882e-05;-8.940805e-05;-0.53461593;0.09977527;-0.018942041;0.5518853;-0.1743407;-0.012242766;0.05257208;0.00035141976;-0.00012388102;-0.06709198;-0.2897475;-0.3055042;-0.42450544;0.3142798;-0.11576699;0.020026172;-0.9703124;0.18052018;-0.29407793;-0.18961325;0.31986406;-0.6330744;-0.0008091887;0.21732269;-0.08285495;-0.43327767;-0.38176525;0.40046343;0.013899896;-0.44522807;0.14420035;0.52990377;-0.14160976;-0.30569923;0.12473919;0.42192715;-0.98633766;-0.94053054;-0.51959854;0.17810303;-0.39039633;-0.31985852;-0.5172952;0.15501252;-0.1120062;-0.05399083;-0.5523898;-0.13515262;-0.6861574;-0.14654128;-0.86263084;-0.104671076;-0.70805347;0.6559005;-0.71350276;-0.043373484
-0.050579567;0.001917253;-0.020837182;0.00046354803;0.00012366204;-0.00030189432;-0.00059710594;-6.7284526e-07;-4.7573863e-05;-0.29901782;-0.08412075;-0.4775547;-0.28224024;-0.048971903;-0.49437523;3.7710895e-05;0.00036167415;-0.00015101307;-6.7977795e-05;0.15287052;2.8946131e-05;0.34547016;0.02072829;0.009194636;0.7669252;-0.26956353;0.02303358;-0.0062206136;0.000103814724;0.44283995;0.12032223;-0.12220609;0.6665136;0.23274052;-0.028913246;-0.105636865;6.0970186e-05;3.848389e-05;-8.972397e-05;-0.5302561;0.096401714;-0.015915494;0.5399992;-0.17754188;-0.017087348;0.05091892;0.00033488811;-0.00012486665;-0.06901894;-0.28513867;-0.30263978;-0.4345102;0.3221243;-0.13775161;0.005847558;-0.96970993;0.18828678;-0.29119232;-0.19663373;0.31740713;-0.64186895;-0.013837269;0.21076395;-0.09280845;-0.4401894;-0.3899881;0.39806738;0.01043539;-0.43112025;0.13231142;0.52658767;-0.14864212;-0.30837604;0.12813859;0.43828574;-0.98507744;-0.93843436;-0.5177573;0.18020187;-0.38714096;-0.31221566;-0.5011791;0.18509273;-0.12739202;-0.07132067;-0.5612002;-0.13189968;-0.68040913;-0.12471797;-0.8642321;-0.102673635;-0.7005391;0.6539608;-0.7138842;-0.043650616
-0.05074241;0.0019884086;-0.02139559;0.00047191893;0.0001244302;-0.0002241084;-0.00053267664;-7.13801e-07;-4.8050628e-05;-0.30523226;-0.08588856;-0.4750235;-0.2888483;-0.051040817;-0.49066186;3.528886e-05;0.00035007586;-0.00015201372;-6.623575e-05;0.15076403;2.8449442e-05;0.34268865;0.020354724;0.010695947;0.759152;-0.27350646;0.020532986;-0.0050442717;0.000104675055;0.438233;0.12128858;-0.123300515;0.6552146;0.2350107;-0.030343156;-0.104599155;5.709541e-05;3.894858e-05;-9.034582e-05;-0.525775;0.093275785;-0.013075985;0.527355;-0.1781984;-0.021317443;0.050412048;0.00032092413;-0.00012625087;-0.06986155;-0.2801522;-0.29914916;-0.44424593;0.32796;-0.15862529;-0.007359512;-0.96890247;0.1940257;-0.2885168;-0.20370737;0.3150354;-0.6496574;-0.026643533;0.2053805;-0.10276494;-0.44582427;-0.39938512;0.39439568;0.007842699;-0.4161672;0.11964945;0.5231728;-0.15438217;-0.30985776;0.13064821;0.4548875;-0.9836393;-0.9362701;-0.51678735;0.1811466;-0.38549423;-0.304505;-0.48642945;0.21120872;-0.14131777;-0.08668902;-0.5677654;-0.12836668;-0.67382246;-0.10404324;-0.8655481;-0.100625955;-0.69228977;0.6509171;-0.71370625;-0.043210614
-0.050889008;0.0020606725;-0.02187979;0.00048119473;0.00012556046;-0.00014219974;-0.00047199868;-7.5757794e-07;-4.8686466e-05;-0.3115801;-0.08730783;-0.4718475;-0.29560474;-0.05273384;-0.4861625;3.1930584e-05;0.000341208;-0.00015351162;-6.438704e-05;0.1486369;2.7967719e-05;0.3390244;0.019752447;0.012077328;0.7511462;-0.2760342;0.018559352;-0.0035581323;0.000105869316;0.43341756;0.12218579;-0.12429464;0.6443372;0.23724034;-0.032001447;-0.103218265;5.3992506e-05;3.9518753e-05;-9.121283e-05;-0.5217124;0.090725504;-0.0106897745;0.5152325;-0.17661266;-0.024900028;0.051066592;0.0003094764;-0.000127976;-0.06981135;-0.2748488;-0.29518512;-0.45416477;0.33167982;-0.17837408;-0.020399867;-0.96792716;0.19824612;-0.28595605;-0.21036378;0.31337708;-0.6565516;-0.03902749;0.2013911;-0.11225779;-0.45041642;-0.40964866;0.3896642;0.007132446;-0.40142846;0.106543645;0.5195572;-0.15843676;-0.3103661;0.13161251;0.47181427;-0.9820378;-0.9339953;-0.516586;0.18104544;-0.38469213;-0.29676977;-0.47302824;0.2338666;-0.1533975;-0.099517316;-0.57208323;-0.12472181;-0.6660757;-0.085436195;-0.8665008;-0.09854412;-0.6829889;0.6466814;-0.71255046;-0.041770324
-0.051016334;0.0021334074;-0.022278452;0.00049117766;0.00012694258;-5.005749e-05;-0.00040959314;-8.038212e-07;-4.945616e-05;-0.31820506;-0.08827376;-0.46834958;-0.30265248;-0.053920247;-0.48118538;2.6993295e-05;0.00033467746;-0.00015541087;-6.2161394e-05;0.14668533;2.7469883e-05;0.33444223;0.018884635;0.013317274;0.74338484;-0.27673176;0.017234392;-0.0019527758;0.00010734108;0.42849147;0.123014584;-0.12522195;0.63469946;0.23968066;-0.034027282;-0.101469256;5.1528474e-05;4.018004e-05;-9.224155e-05;-0.5188128;0.089084275;-0.009195434;0.50537294;-0.17305362;-0.027536513;0.05268418;0.00030006623;-0.00012997827;-0.06921238;-0.2691503;-0.2905758;-0.46493858;0.33309805;-0.19696268;-0.03427087;-0.96682894;0.20166054;-0.28337276;-0.2159826;0.31296688;-0.6626531;-0.051183615;0.1988438;-0.1209828;-0.45393732;-0.4208163;0.38374275;0.009269981;-0.38835248;0.09280928;0.5152843;-0.16062273;-0.31048772;0.12977481;0.4890755;-0.98028123;-0.9315599;-0.5172612;0.17983685;-0.3838871;-0.28873783;-0.46103117;0.2539787;-0.16379151;-0.109250866;-0.5747788;-0.12156894;-0.6567726;-0.06968995;-0.86711365;-0.09641454;-0.67223483;0.6410209;-0.7099635;-0.0390294
-0.05112242;0.002198257;-0.02257532;0.0005019624;0.0001285085;6.1587074e-05;-0.00033765513;-8.530319e-07;-5.0365023e-05;-0.32540917;-0.08870435;-0.4648968;-0.31031197;-0.054485068;-0.47607616;1.96231e-05;0.00032975076;-0.00015769636;-5.916586e-05;0.14518091;2.6931837e-05;0.32869253;0.017640239;0.014415096;0.73625594;-0.27488774;0.01666411;-0.00031157956;0.000109087676;0.42339557;0.12379805;-0.12609543;0.62693566;0.24255168;-0.036630806;-0.09926792;4.947902e-05;4.0941795e-05;-9.337917e-05;-0.5179106;0.088654265;-0.009196745;0.5000574;-0.16757038;-0.028625699;0.05477511;0.0002918314;-0.00013226237;-0.068366736;-0.2628628;-0.28485206;-0.47748926;0.33187327;-0.21431762;-0.05018541;-0.9656369;0.20516512;-0.28068668;-0.21995519;0.3141378;-0.6679322;-0.064081356;0.19732098;-0.12891594;-0.45587146;-0.43359175;0.37589693;0.015144438;-0.3788405;0.07736479;0.50937295;-0.1609717;-0.31120706;0.12299921;0.50652677;-0.9783407;-0.92889106;-0.51927286;0.1771171;-0.38239416;-0.27962744;-0.45073295;0.27261826;-0.17354734;-0.11514682;-0.57732445;-0.12015874;-0.6454925;-0.057408344;-0.8675555;-0.094400205;-0.65957075;0.6334495;-0.70551986;-0.034793224
-0.05120227;0.0022329297;-0.022739891;0.0005140918;0.00013028206;0.00020167307;-0.00024788972;-9.064733e-07;-5.146452e-05;-0.33351126;-0.088541254;-0.46160683;-0.31893083;-0.054374445;-0.4709219;9.140671e-06;0.0003253416;-0.00016048164;-5.4992415e-05;0.1445222;2.637893e-05;0.32131082;0.01582892;0.015393748;0.7298626;-0.269586;0.016896116;0.0015265445;0.00011119051;0.41787404;0.12454461;-0.12685975;0.62108105;0.24594642;-0.039990373;-0.09646455;4.7562553e-05;4.1846288e-05;-9.463972e-05;-0.5196512;0.08957869;-0.011493482;0.5018282;-0.15975094;-0.02753878;0.056419987;0.00028363563;-0.00013493837;-0.067280196;-0.25574356;-0.277446;-0.49269006;0.32763878;-0.23045161;-0.06943583;-0.96433836;0.20998578;-0.2781356;-0.22194543;0.31704733;-0.6720391;-0.07946278;0.19567834;-0.1360557;-0.45515805;-0.44910526;0.3648498;0.025633749;-0.3750477;0.05831003;0.50047153;-0.15944946;-0.31374902;0.10858026;0.52382636;-0.9761287;-0.9258566;-0.5234144;0.17210609;-0.37990776;-0.2682213;-0.44270793;0.29056188;-0.18447752;-0.11639639;-0.58178055;-0.12193495;-0.63177526;-0.048919994;-0.86803526;-0.09299231;-0.64445347;0.62329495;-0.6987927;-0.02900149
-0.051257223;0.0022029043;-0.02273789;0.00052780117;0.00013220312;0.00036937924;-0.0001364259;-9.656306e-07;-5.275698e-05;-0.34220007;-0.08783273;-0.45783702;-0.32817703;-0.053779986;-0.46505848;-3.5683752e-06;0.00031973713;-0.00016372582;-4.968713e-05;0.14527543;2.5882633e-05;0.31216317;0.013428613;0.01623702;0.7240813;-0.26022512;0.01781986;0.0039370335;0.00011362182;0.41185185;0.1251426;-0.12735884;0.6164063;0.24949177;-0.04403617;-0.09297523;4.5406603e-05;4.2893662e-05;-9.5981064e-05;-0.52401763;0.09158182;-0.017168673;0.511898;-0.14855354;-0.024797125;0.05607134;0.00027402153;-0.00013800211;-0.06591453;-0.24743146;-0.26806483;-0.5099526;0.32073408;-0.24617761;-0.092875876;-0.96289784;0.21818182;-0.2768062;-0.22203903;0.3221069;-0.67426556;-0.09788659;0.19267672;-0.14098129;-0.45107558;-0.46655032;0.35035428;0.041925456;-0.3778232;0.035271075;0.488314;-0.15498815;-0.31885934;0.085972264;0.5408248;-0.9735682;-0.9221936;-0.5301794;0.16425425;-0.37610224;-0.2541329;-0.43697247;0.3078303;-0.19696051;-0.113796614;-0.58838075;-0.12568778;-0.6145558;-0.043918405;-0.86808395;-0.09219578;-0.62571496;0.6103168;-0.6887058;-0.020979973
-0.051325943;0.0020753453;-0.022564746;0.00054150267;0.00013380335;0.00055017794;-9.313226e-06;-1.0316525e-06;-5.4027743e-05;-0.3495206;-0.086749904;-0.45193136;-0.33596128;-0.05321354;-0.45685303;-1.4968637e-05;0.0003105701;-0.00016675226;-4.4241075e-05;0.14791974;2.542822e-05;0.3024749;0.011049047;0.016767172;0.71894854;-0.24739808;0.019227669;0.0069864774;0.000115914845;0.40610477;0.12524472;-0.12736872;0.61158824;0.25203872;-0.048154604;-0.08897755;4.2484848e-05;4.3916556e-05;-9.70756e-05;-0.5298832;0.09384722;-0.027262267;0.5276361;-0.13297577;-0.023126205;0.052402224;0.00026121354;-0.00014094218;-0.06497714;-0.2374666;-0.2570758;-0.5255732;0.31265262;-0.26414225;-0.1199359;-0.9613552;0.23214196;-0.2788976;-0.2206808;0.3299058;-0.6743793;-0.116059795;0.18830968;-0.14070535;-0.44458172;-0.48184243;0.33500174;0.0645323;-0.38444504;0.011609146;0.47529843;-0.14579245;-0.32614493;0.059127994;0.5573653;-0.9708402;-0.91773707;-0.53893733;0.1545239;-0.37042615;-0.23920712;-0.4323474;0.3232798;-0.20828173;-0.111004464;-0.59357136;-0.12530817;-0.5925655;-0.040980823;-0.86624163;-0.09097598;-0.60196733;0.5958277;-0.673588;-0.009363667
-0.051474106;0.0018320644;-0.022252383;0.00055280945;0.00013458962;0.0007348086;0.00012245006;-1.1038375e-06;-5.5010394e-05;-0.35265517;-0.08544456;-0.4426786;-0.3393332;-0.053077903;-0.4451972;-2.2082777e-05;0.0002962005;-0.00016880158;-3.9665087e-05;0.15228172;2.4848152e-05;0.29429302;0.009614101;0.016750865;0.7145936;-0.23276703;0.021132333;0.0099762;0.0001175285;0.40170383;0.124469854;-0.12673423;0.60527307;0.25263655;-0.051390033;-0.084845476;3.833962e-05;4.4715143e-05;-9.7581236e-05;-0.5355479;0.09555867;-0.041522298;0.5441892;-0.1135623;-0.02494049;0.04635946;0.00024399903;-0.00014312752;-0.064986095;-0.22596607;-0.24547713;-0.53521;0.30401936;-0.28736123;-0.14888225;-0.95980906;0.25206423;-0.28590098;-0.21847107;0.33965704;-0.67374873;-0.13020372;0.18346164;-0.13529328;-0.43760762;-0.49359265;0.3214013;0.090749726;-0.39061096;-0.010451692;0.463938;-0.13274413;-0.33445698;0.031128386;0.5717128;-0.9684023;-0.91300863;-0.54849654;0.14538544;-0.3643388;-0.22477052;-0.42851296;0.3347815;-0.21776846;-0.11028824;-0.59504414;-0.11651436;-0.56729347;-0.03802309;-0.8620346;-0.09020053;-0.5743474;0.5824358;-0.6540966;0.004214034
-0.051743165;0.0014975794;-0.021870622;0.0005612691;0.0001347181;0.0009276113;0.0002541428;-1.178865e-06;-5.5718145e-05;-0.35044757;-0.08431964;-0.43116593;-0.3371517;-0.053603996;-0.43137515;-2.5464671e-05;0.00027655743;-0.00016996879;-3.585145e-05;0.15756792;2.4015688e-05;0.28850755;0.0094287535;0.016187076;0.71088487;-0.21763398;0.02374678;0.0120690325;0.00011850032;0.3988224;0.12278323;-0.1255769;0.5977121;0.2518754;-0.053420305;-0.0809669;3.2864875e-05;4.5301444e-05;-9.7616095e-05;-0.53997475;0.096533656;-0.058131855;0.55907536;-0.09189322;-0.029816652;0.040051073;0.00022234325;-0.00014456695;-0.064761825;-0.21363936;-0.23433834;-0.5381554;0.2939018;-0.31611195;-0.1790512;-0.95819104;0.27604365;-0.29663265;-0.21560138;0.3497053;-0.67427033;-0.1404339;0.17905706;-0.12777105;-0.43190238;-0.50429946;0.3097419;0.11700838;-0.39412537;-0.031631403;0.45426822;-0.11869259;-0.34213033;0.0018809936;0.581902;-0.96651304;-0.9087427;-0.5579653;0.13874911;-0.36101645;-0.20931877;-0.42591223;0.34138876;-0.22739106;-0.11034538;-0.5940308;-0.10212497;-0.5413129;-0.033839516;-0.8565316;-0.09280958;-0.5448844;0.5717254;-0.63324785;0.014594333
-0.05214543;0.0011166584;-0.021491887;0.0005682016;0.0001347356;0.0011290085;0.00038564135;-1.2537369e-06;-5.6359175e-05;-0.34350565;-0.08380034;-0.4192833;-0.330082;-0.054894622;-0.4174461;-2.6583626e-05;0.0002523129;-0.00017088282;-3.2297947e-05;0.16308151;2.2982917e-05;0.2847905;0.01019559;0.015254292;0.70735466;-0.20246714;0.027303303;0.013116205;0.000119245895;0.3969191;0.12039944;-0.12416938;0.5902949;0.2510804;-0.05459606;-0.077570915;2.623497e-05;4.583008e-05;-9.757731e-05;-0.54253364;0.09690918;-0.07527998;0.57192624;-0.06890268;-0.036107507;0.03416414;0.0001969355;-0.00014572458;-0.06282236;-0.20123395;-0.22435816;-0.53649104;0.2820699;-0.34844977;-0.21073882;-0.9562875;0.30260637;-0.3090357;-0.21215719;0.3593646;-0.6764507;-0.14830796;0.17567667;-0.119611576;-0.4283685;-0.5149729;0.29961222;0.14197451;-0.39423266;-0.051737208;0.44546822;-0.10529154;-0.34821308;-0.028063022;0.5877159;-0.9650889;-0.90512043;-0.5671027;0.13471088;-0.36182907;-0.19182798;-0.42367896;0.3443333;-0.23692627;-0.11005361;-0.59184575;-0.08680396;-0.51513493;-0.028505303;-0.8507908;-0.099807404;-0.51387805;0.5635783;-0.6133433;0.018502986
-0.05267624;0.0007051927;-0.02112594;0.0005752296;0.00013511359;0.0013335448;0.0005167864;-1.3275851e-06;-5.713044e-05;-0.33288017;-0.08386583;-0.40799463;-0.3191847;-0.05675012;-0.4044099;-2.6075139e-05;0.00022433128;-0.00017213526;-2.8772301e-05;0.16859263;2.188249e-05;0.28249282;0.01147749;0.014095165;0.7034811;-0.18734723;0.031982563;0.013448701;0.00012016905;0.39536458;0.11750522;-0.1226577;0.5839869;0.2511004;-0.05535617;-0.07471856;1.8702918e-05;4.645494e-05;-9.781203e-05;-0.5426439;0.096816495;-0.092097044;0.58284885;-0.04494993;-0.042157933;0.02802079;0.0001686542;-0.00014707321;-0.05874438;-0.18939303;-0.21580999;-0.5324407;0.2691067;-0.3824223;-0.2439216;-0.9539414;0.33124658;-0.32199222;-0.2086615;0.36880615;-0.67954564;-0.15488371;0.17345296;-0.1105715;-0.4268496;-0.5250911;0.29087257;0.1658377;-0.39073116;-0.06968022;0.43735823;-0.09301125;-0.3529567;-0.05770466;0.5901092;-0.963951;-0.90199417;-0.57629406;0.13232252;-0.36631304;-0.17308521;-0.420611;0.34526193;-0.2452698;-0.1097825;-0.58918697;-0.07303523;-0.4887672;-0.022009866;-0.84551734;-0.110066175;-0.48160604;0.557266;-0.5954504;0.016172875
-0.053320087;0.00025789114;-0.020741846;0.00058358896;0.00013613851;0.0015360779;0.000646354;-1.4009889e-06;-5.815514e-05;-0.3195874;-0.08428227;-0.39754885;-0.30546883;-0.058876913;-0.3924593;-2.4154358e-05;0.00019371933;-0.00017411681;-2.5277404e-05;0.17412092;2.0827138e-05;0.28099406;0.012893476;0.012783907;0.6990026;-0.17224796;0.037829466;0.013431616;0.00012154463;0.3936671;0.1141967;-0.12106535;0.579146;0.2522614;-0.056017697;-0.07240902;1.0547901e-05;4.728098e-05;-9.853461e-05;-0.5400125;0.09640355;-0.10834936;0.59201574;-0.02036599;-0.04659311;0.02055268;0.00013847664;-0.00014893929;-0.052944258;-0.17859352;-0.20866881;-0.5275117;0.2556488;-0.4164997;-0.27807957;-0.9511128;0.3617077;-0.33515933;-0.20586471;0.37825662;-0.6826266;-0.16090745;0.17235914;-0.10004842;-0.4268289;-0.5340741;0.28350377;0.18919593;-0.38402432;-0.08445435;0.43031666;-0.08174768;-0.35690686;-0.08642897;0.59028953;-0.962971;-0.89917827;-0.5860089;0.13056739;-0.37352556;-0.15435332;-0.4162207;0.34501657;-0.2521113;-0.11026075;-0.5865142;-0.061407216;-0.46287537;-0.013734403;-0.8412502;-0.12207352;-0.44932798;0.5520821;-0.5801022;0.009249833
-0.054053772;-0.00023087906;-0.020312216;0.0005938926;0.00013791103;0.001732459;0.00077191787;-1.4748151e-06;-5.9475155e-05;-0.30457595;-0.08485012;-0.3880503;-0.2898851;-0.061055884;-0.38162732;-2.0964695e-05;0.00016184805;-0.0001769893;-2.1928536e-05;0.17970121;1.988488e-05;0.27981034;0.014165708;0.011374377;0.6939813;-0.15719365;0.044691868;0.013291752;0.0001234941;0.39154825;0.11053191;-0.1193912;0.5759314;0.2546591;-0.05676857;-0.07062555;2.0944026e-06;4.8350503e-05;-9.982235e-05;-0.53474385;0.09583461;-0.12401444;0.5995912;0.0043533538;-0.048414778;0.010849496;0.00010754776;-0.00015146549;-0.046221524;-0.16916072;-0.20276235;-0.52263516;0.24224266;-0.44937012;-0.31241468;-0.94786704;0.39354149;-0.3484471;-0.20437123;0.38767773;-0.685062;-0.16695583;0.17235857;-0.087787874;-0.42786407;-0.5417512;0.27744395;0.21242148;-0.37496996;-0.09559225;0.4247462;-0.07125803;-0.36051077;-0.11408118;0.58928263;-0.9621028;-0.896541;-0.5964738;0.1286589;-0.38258034;-0.1366103;-0.41069424;0.34374085;-0.25779206;-0.11178945;-0.58422613;-0.0518177;-0.43863377;-0.0029872975;-0.8384422;-0.13470009;-0.4189642;0.5474873;-0.56767154;-0.0006714127
-0.05484505;-0.000758833;-0.019831466;0.00060602895;0.00014034731;0.0019190355;0.0008903158;-1.5494868e-06;-6.1050996e-05;-0.28875574;-0.08543248;-0.37968525;-0.27336547;-0.063137956;-0.3720549;-1.6648612e-05;0.00013014753;-0.0001806792;-1.8872037e-05;0.18531185;1.9076273e-05;0.2786702;0.015144802;0.009925862;0.6887036;-0.14238589;0.05222981;0.0130927;0.00012597724;0.38898313;0.10658402;-0.11765484;0.574533;0.2582735;-0.057677954;-0.06934394;-6.3179577e-06;4.9638198e-05;-0.000101614256;-0.5273246;0.09525541;-0.13908985;0.6057519;0.028591499;-0.04697435;-0.0016958808;7.706453e-05;-0.00015459908;-0.039477248;-0.16129784;-0.19787772;-0.51840645;0.22935364;-0.47999156;-0.34602806;-0.9443448;0.42611295;-0.3617321;-0.20441175;0.39678183;-0.6865012;-0.1734133;0.1733641;-0.0739662;-0.42960668;-0.5483036;0.2725659;0.2355018;-0.36467704;-0.1031812;0.42081568;-0.06137274;-0.36408567;-0.1407817;0.58786666;-0.96136296;-0.89401865;-0.6076524;0.12605225;-0.39277962;-0.12041151;-0.40463808;0.34128562;-0.26290336;-0.11427261;-0.58267105;-0.04414402;-0.4172977;0.010576467;-0.8373908;-0.14724483;-0.39242476;0.5431584;-0.5583279;-0.012391763
