0;1;2;3;4;5;6;7;8;9;10;11;12;13;14;15;16;17;18;19;20;21;22;23;24;25;26;27;28;29;30;31;32;33;34;35;36;37;38;39;40;41;42;43;44;45;46;47;48;49;50;51;52;53;54;55;56;57;58;59;60;61;62;63;64;65;66;67;68;69;70;71;72;73;74;75;76;77;78;79;80;81;82;83;84;85;86;87;88;89;90;91;92;93;94
-0.059384122;0.0033537475;-0.0018679858;0.0004801678;0.00011055262;-9.9231904e-05;-0.0009966868;-6.96349e-07;-5.1837596e-05;-0.0014293108;0.03240202;0.1050565;-0.0016396329;0.020936398;0.11275784;0.00011328537;0.00022288391;-0.00012419224;-5.4612145e-05;0.0041406136;3.7157766e-05;0.42546448;0.08687265;-0.072981395;0.77469754;0.05970141;0.024661917;-0.05244652;7.998677e-05;0.42221472;0.092141956;-0.076265246;0.7421515;0.008031787;0.022123627;-0.11216162;6.937048e-05;3.2835633e-05;-8.033501e-05;-0.59121406;0.07767034;0.06893021;0.5234761;-0.25522575;0.028099008;0.16814432;0.0002644222;-0.000105942076;-0.5231429;0.090906456;-0.008868301;0.50906104;-0.312958;-0.013127595;0.39472023;-0.92581004;-0.14549626;0.1418979;0.39382422;0.24868672;-0.5680144;0.22671418;0.20579077;0.06512781;-0.22929457;-0.17652452;-0.1353674;0.023145461;-0.4171876;-0.2543791;-0.33234617;-0.13788925;-0.45400336;-0.30594164;-0.4594009;-0.96353245;-0.6856728;0.18994702;0.3465685;-0.40834105;0.4725104;-0.5039099;-0.24815449;-0.66667897;0.88589245;-0.8515034;-0.43177184;-0.7113897;-0.7230879;-0.8725159;-0.45621333;-0.6893864;0.0033610072;-0.4761528;-0.44487944
-0.064195715;0.0011870865;-0.00042793612;0.00013137172;2.2266177e-06;-0.0007101143;-0.0017890324;1.0643248e-07;-1.31461275e-05;0.009637534;0.017730486;0.18800116;-0.00017619692;-0.0013166172;0.20064582;0.00013472566;0.00041265707;8.338626e-06;-7.4507254e-05;-0.047326013;2.3632507e-05;0.5163002;0.101744324;-0.09910327;0.9393425;0.10459913;0.042813636;-0.08944885;-1.2356919e-05;0.50239915;0.07932435;-0.09099473;0.88722044;0.041281898;0.037235957;-0.13056572;0.000113795795;-1.4682155e-07;-2.7836359e-06;-0.7281479;0.08247837;0.08047799;0.7012104;-0.2347556;0.027432315;0.2392562;0.00048321666;-1.9994332e-06;-0.6770823;0.12032281;0.021815447;0.680501;-0.46631145;-0.17932065;0.58534145;-0.98747057;-0.104111165;0.26024848;0.572217;0.37749562;-0.7430457;0.4181368;0.3847681;0.08090983;-0.50070435;-0.2799434;-0.10324752;0.00626371;-0.42849523;-0.3262627;-0.31751963;-0.19588855;-0.5510835;-0.43003383;-0.585262;-0.99701726;-0.7953392;0.3273606;0.43290648;-0.5451327;0.5652726;-0.6887965;-0.31789973;-0.86132306;0.9841678;-0.9583024;-0.47871998;-0.84620845;-0.9267137;-0.9539645;-0.44295585;-0.79071724;-0.0043016328;-0.5163748;-0.4972442
-0.066030204;-0.0005717506;0.0005155959;0.00011029001;-4.8608636e-06;-0.0015418199;-0.0021851417;2.8412944e-07;-1.0078453e-05;-0.029024249;0.03247701;0.24241251;-0.037399136;0.0044678445;0.26080272;0.00013617252;0.0005158306;1.554165e-05;-7.7248566e-05;-0.044862792;2.5984424e-05;0.521735;0.11159638;-0.102358624;0.94665164;0.07980361;0.03363942;-0.10227196;-1.7664439e-05;0.50689536;0.06540199;-0.089826114;0.9013308;0.034555897;0.037604265;-0.13991158;0.00014278566;-2.6680864e-06;2.0553562e-06;-0.72088003;0.09939745;0.06156868;0.69193345;-0.081022285;0.020814348;0.16836761;0.0005830904;5.313457e-06;-0.7110387;0.14597562;-0.00830411;0.71738464;-0.418428;-0.19677694;0.55960304;-0.9861553;-0.0050413697;0.22859812;0.5859994;0.38669908;-0.7232088;0.44511288;0.43717617;0.08900811;-0.53428966;-0.19617595;0.0586162;-0.013697564;-0.31628934;-0.19329289;-0.046767358;-0.19311674;-0.46242246;-0.38956463;-0.44365546;-0.99758023;-0.7372182;0.23006602;0.4082898;-0.4977521;0.43765756;-0.6679852;-0.29056847;-0.8388782;0.9854982;-0.9499827;-0.35320422;-0.79391277;-0.93787444;-0.9350378;-0.2021281;-0.7036983;0.044701163;-0.41967377;-0.338013
-0.065832235;-0.0013017742;0.0020513814;7.941347e-05;-7.6588185e-06;-0.002087819;-0.0026786262;2.8447403e-07;-7.784387e-06;-0.052827634;0.043472584;0.27053982;-0.058690704;0.0102264285;0.28950062;0.00013537481;0.0006036609;2.0343723e-05;-8.8157016e-05;-0.038516957;2.0930336e-05;0.5309191;0.1234018;-0.10736172;0.94362813;0.06252817;0.023087211;-0.112332866;-2.0467603e-05;0.5165955;0.058894604;-0.08604314;0.91048336;0.014234846;0.042302307;-0.14915347;0.00016479421;-4.7582e-06;3.9720035e-06;-0.7172675;0.1330533;0.06381807;0.66721535;-0.015682572;0.030069986;0.18707153;0.0006481777;1.1056196e-05;-0.7454843;0.17208505;-0.045226797;0.7495814;-0.28674203;-0.16171373;0.54386884;-0.9851362;0.045318704;0.21796827;0.583883;0.41279554;-0.71126914;0.42396885;0.41415462;0.14977163;-0.5522035;-0.11664768;0.100612305;0.02812787;-0.23370579;-0.04656962;0.10713108;-0.17173909;-0.40612662;-0.294152;-0.32253262;-0.9976594;-0.7096296;0.17362776;0.4177474;-0.3989973;0.36117417;-0.6158126;-0.27228773;-0.7656434;0.9834401;-0.92592025;-0.22010222;-0.7357942;-0.9445777;-0.9057698;-0.013358166;-0.6608131;0.019639531;-0.38243493;-0.1656397
-0.06435628;-0.0011915974;0.0026761105;7.367588e-05;-5.242182e-07;-0.0021929806;-0.0031600732;1.8984463e-07;-9.092881e-06;-0.07424238;0.052110847;0.28231087;-0.078979366;0.016553935;0.3008571;8.459129e-05;0.00072467484;1.5070866e-05;-8.821175e-05;-0.035754915;1.28205465e-05;0.5347907;0.12743376;-0.10694742;0.9326266;0.051367987;0.015919087;-0.112269714;-1.6195438e-05;0.51991093;0.058357254;-0.08328726;0.90685004;-0.007315303;0.050011337;-0.15111026;0.00019240161;-4.2602405e-06;-1.0702206e-06;-0.7089611;0.14459585;0.06785736;0.63353515;0.023433074;0.04249233;0.23117362;0.00073678314;8.810195e-06;-0.7601;0.1819586;-0.060599647;0.7620579;-0.19482772;-0.117058784;0.51588064;-0.98376656;0.01249544;0.23086365;0.573466;0.4311797;-0.7033823;0.37883183;0.3557862;0.18320955;-0.52642417;-0.1135707;0.07022726;0.04602023;-0.20162144;0.007232946;0.16268374;-0.15663126;-0.38409576;-0.2394296;-0.26681697;-0.9976349;-0.7016198;0.18146843;0.4356897;-0.32102245;0.3507731;-0.6001315;-0.3077485;-0.702364;0.9821828;-0.89758664;-0.121456824;-0.7182209;-0.9501644;-0.880783;0.078410655;-0.67947334;-0.027985055;-0.39711225;-0.05172259
-0.06281984;-5.4602744e-05;0.0021191428;6.239733e-05;3.5164412e-06;-0.0021648211;-0.0034963118;1.4815862e-07;-9.494404e-06;-0.09663669;0.057607736;0.2794593;-0.10171262;0.022587746;0.2957491;3.0804826e-05;0.00081221655;1.3544748e-05;-8.0728416e-05;-0.037623484;6.9951857e-06;0.5383376;0.12620917;-0.103213854;0.9211043;0.042912625;0.011983546;-0.10842744;-1.4835488e-05;0.52642906;0.06335588;-0.08484161;0.90517616;-0.028623475;0.057954334;-0.15219085;0.00021452433;-4.440102e-06;-3.8456637e-06;-0.7125658;0.14440055;0.07514579;0.60559356;0.04229351;0.038922433;0.25363845;0.00080581836;9.117532e-06;-0.76302654;0.17771661;-0.061331145;0.7628374;-0.15852603;-0.07553383;0.4876263;-0.9835874;-0.047908373;0.2548086;0.5699909;0.45219782;-0.6959851;0.36872658;0.3248907;0.1962089;-0.47997275;-0.12252444;0.036348138;0.035605755;-0.21463545;0.011081036;0.18316673;-0.15763932;-0.39951098;-0.2217341;-0.24889493;-0.99785835;-0.7060872;0.21740808;0.4566375;-0.32010823;0.40152425;-0.6457679;-0.38791972;-0.6965182;0.9848082;-0.8858547;-0.07755824;-0.74980897;-0.95875233;-0.87807304;0.07514682;-0.7336007;-0.06782991;-0.44433323;-0.018315285
-0.061892737;0.0014043945;0.00068639347;5.1188865e-05;4.26147e-06;-0.0021416657;-0.0036715972;1.4296563e-07;-9.344396e-06;-0.11631296;0.058510873;0.2665287;-0.12236493;0.025603669;0.28005573;-1.2996041e-05;0.0008615833;1.5167461e-05;-7.013523e-05;-0.03967431;4.5020934e-06;0.5415063;0.12372047;-0.0981903;0.90968865;0.0343892;0.011440255;-0.10298837;-1.6026825e-05;0.5340065;0.06939576;-0.08809806;0.9053011;-0.045861393;0.06681571;-0.15261483;0.0002289674;-5.112015e-06;-4.320871e-06;-0.72065675;0.14507401;0.08209129;0.5754378;0.041929156;0.023238005;0.2575994;0.0008487452;1.1332304e-05;-0.7581455;0.1678857;-0.057471815;0.75939053;-0.16255552;-0.043513346;0.46579468;-0.9841094;-0.09736057;0.2714961;0.5692694;0.47817943;-0.6866866;0.39048228;0.3238846;0.19907272;-0.42965618;-0.12185098;0.018079229;0.019855965;-0.24714808;0.0006907543;0.1974944;-0.15901512;-0.42519757;-0.21132085;-0.2400673;-0.9981665;-0.7126338;0.24777055;0.47464356;-0.36345494;0.47730455;-0.7115209;-0.46435744;-0.72955924;0.98867387;-0.8946963;-0.07086445;-0.7946617;-0.9678174;-0.89370626;0.03004279;-0.78430235;-0.09834928;-0.4994832;-0.03251569
-0.06143239;0.0027164468;-0.0010870444;4.3089967e-05;2.656132e-06;-0.0022058722;-0.0037314782;1.7529919e-07;-8.962234e-06;-0.13027753;0.05454023;0.2418673;-0.13742208;0.025126552;0.2531576;-4.181276e-05;0.0008872245;1.8626364e-05;-6.192124e-05;-0.04022749;4.883281e-06;0.54336274;0.12197598;-0.09326882;0.8995454;0.026752034;0.014592015;-0.097119875;-1.8658626e-05;0.54203326;0.07432631;-0.091333196;0.90444267;-0.058892913;0.077039786;-0.15158574;0.00023760047;-6.0112143e-06;-3.1416275e-06;-0.73013246;0.15235879;0.086651705;0.54885924;0.028749714;0.006845862;0.25190637;0.00087471935;1.4390331e-05;-0.74878997;0.15772007;-0.050967332;0.75326055;-0.20048974;-0.012733094;0.44995326;-0.9846762;-0.1296632;0.27485126;0.56897926;0.5079336;-0.67546207;0.41827363;0.32998964;0.20140973;-0.38299835;-0.109914094;0.019597962;0.010739785;-0.27599397;-0.0019450049;0.21625769;-0.15386353;-0.44543874;-0.19815837;-0.22706968;-0.99849087;-0.7199035;0.2697046;0.4915426;-0.4222667;0.5536759;-0.7725306;-0.5199645;-0.7777821;0.99213195;-0.91663486;-0.096426524;-0.83686316;-0.97572285;-0.9178267;-0.039342068;-0.8258093;-0.12108155;-0.5562436;-0.073089875
-0.06097258;0.0039227614;-0.002693887;4.1202176e-05;-2.6929774e-07;-0.002341727;-0.003685138;2.3079895e-07;-8.59287e-06;-0.13766792;0.04712826;0.20171174;-0.14585684;0.0231542;0.21094692;-5.273366e-05;0.00088578527;2.2371474e-05;-5.8218455e-05;-0.039495297;7.826915e-06;0.5427836;0.120517194;-0.08889533;0.89068437;0.022371253;0.021270534;-0.09110799;-2.1582106e-05;0.5497505;0.079050936;-0.093642145;0.899819;-0.072615065;0.087983035;-0.14958479;0.00023929036;-6.784525e-06;-1.0238582e-06;-0.73953366;0.16366503;0.09030614;0.53596914;0.0098520005;-0.009754324;0.23709218;0.0008788791;1.712644e-05;-0.73659223;0.14931633;-0.040399294;0.74257725;-0.26016304;0.014624696;0.43650383;-0.984911;-0.14995746;0.2645905;0.5658398;0.53722614;-0.6597282;0.43425745;0.3263741;0.20784415;-0.34262526;-0.08520752;0.042766303;0.00768346;-0.2928025;0.013786294;0.24660653;-0.14354967;-0.45769906;-0.18170826;-0.20026888;-0.9987999;-0.73174316;0.29118535;0.510053;-0.4932233;0.62879395;-0.82610494;-0.56225675;-0.83133143;0.99492097;-0.94276184;-0.15565316;-0.87555283;-0.98217595;-0.9438082;-0.13850486;-0.8621101;-0.13835342;-0.6172936;-0.13857882
-0.060502093;0.004970937;-0.003982744;4.3695443e-05;-4.100002e-06;-0.002535482;-0.0035874448;2.885621e-07;-8.266485e-06;-0.1387522;0.03769493;0.14876515;-0.14830507;0.020777283;0.1558373;-4.8861395e-05;0.0008681509;2.616219e-05;-5.9798127e-05;-0.038446814;1.2333538e-05;0.54006255;0.12028084;-0.085646674;0.88474566;0.02237084;0.029158209;-0.08665594;-2.4581866e-05;0.55588555;0.083055854;-0.094717085;0.89180803;-0.08572157;0.097979344;-0.14740787;0.00023644202;-7.461538e-06;1.7627463e-06;-0.7472051;0.17638768;0.09406939;0.53862673;-0.0049806493;-0.028292503;0.20694618;0.0008697828;1.9510975e-05;-0.7259297;0.14532612;-0.028056812;0.7286193;-0.32288644;0.029070754;0.42307478;-0.98466915;-0.1605495;0.2508339;0.55787134;0.56228966;-0.638028;0.429237;0.30208406;0.21728742;-0.3080133;-0.05452054;0.08116667;0.009208098;-0.29474708;0.045933343;0.2832426;-0.130937;-0.45995444;-0.16114604;-0.16378063;-0.9990411;-0.74980736;0.3118288;0.5278888;-0.56103796;0.69963914;-0.86625946;-0.5925253;-0.8764555;0.9967907;-0.96334374;-0.2272205;-0.9060466;-0.9871152;-0.9639212;-0.24406391;-0.89102;-0.15693441;-0.67334723;-0.20943427
-0.060281508;0.0057526496;-0.005104081;4.7724345e-05;-7.5916178e-06;-0.0027913693;-0.0035214522;3.2236278e-07;-8.040588e-06;-0.13441825;0.02589636;0.087187454;-0.1462385;0.016848784;0.09125892;-3.7388592e-05;0.000857692;2.9447634e-05;-6.7181085e-05;-0.038369972;1.667942e-05;0.5357884;0.12274366;-0.08384528;0.8836904;0.02612565;0.03412861;-0.08600301;-2.710802e-05;0.55937576;0.08434;-0.09483605;0.8840382;-0.09213856;0.10421344;-0.14558822;0.00023405155;-8.0655445e-06;4.349218e-06;-0.7517408;0.19058888;0.10083948;0.54921246;-0.0091239875;-0.047208242;0.15836008;0.000865479;2.1324988e-05;-0.7213295;0.14791013;-0.01846667;0.713346;-0.3678426;0.026566433;0.40779608;-0.98382777;-0.15962136;0.24341428;0.5436964;0.58014905;-0.6103025;0.40135965;0.25303388;0.22674951;-0.27699706;-0.029175432;0.11867447;0.013753387;-0.2788725;0.08667785;0.31298986;-0.11704079;-0.44739598;-0.13445242;-0.13255568;-0.9991636;-0.7612679;0.3233455;0.5389133;-0.60122466;0.75725734;-0.8874262;-0.6028012;-0.90160537;0.9976973;-0.9744158;-0.27813914;-0.9218531;-0.9904217;-0.97462976;-0.3143732;-0.90620804;-0.1878148;-0.7077775;-0.2521702
-0.060393553;0.006319095;-0.006466581;5.4521486e-05;-8.938892e-06;-0.0031265223;-0.0035038788;3.3454046e-07;-8.204523e-06;-0.12815994;0.00999867;0.009447197;-0.14330487;0.010088547;0.008228734;-2.1291322e-05;0.0008567483;3.0434981e-05;-7.868185e-05;-0.039727155;2.0601015e-05;0.5305717;0.1280173;-0.082626946;0.88566357;0.029821038;0.03365963;-0.0889954;-2.7810005e-05;0.5612312;0.08255069;-0.094940685;0.87881863;-0.09000944;0.10591774;-0.14423321;0.00023314997;-8.248651e-06;5.4535194e-06;-0.75241375;0.20699205;0.115119286;0.55433655;-0.009497207;-0.06360095;0.09378183;0.0008674972;2.1381798e-05;-0.72099775;0.15597731;-0.012774088;0.6928539;-0.38843262;0.01259522;0.38406897;-0.98262095;-0.15153503;0.2362413;0.52376276;0.59151506;-0.57926124;0.35728803;0.1906854;0.23406415;-0.25262716;-0.012772995;0.14233984;0.014581383;-0.2470191;0.12480767;0.32591107;-0.10806219;-0.4270554;-0.11441468;-0.121403314;-0.999183;-0.75821817;0.32198426;0.54056776;-0.6151615;0.79898334;-0.89471745;-0.59449327;-0.90915364;0.99799484;-0.9787342;-0.30105904;-0.9244401;-0.9923987;-0.9790481;-0.3456336;-0.90755343;-0.23426428;-0.7201222;-0.265381
-0.06082965;0.0066842926;-0.008116697;6.61799e-05;-7.406168e-06;-0.0034474097;-0.0034839914;3.173751e-07;-9.1668335e-06;-0.12416149;-0.007410177;-0.07793913;-0.14316104;0.0022566798;-0.08456635;-3.1369163e-06;0.00085142074;2.7783477e-05;-9.011858e-05;-0.040524904;2.3952987e-05;0.52486205;0.13527018;-0.08099875;0.8876247;0.027071387;0.030440725;-0.09450044;-2.578432e-05;0.5623366;0.079812266;-0.095776655;0.87536955;-0.077025376;0.1035862;-0.14347328;0.00023107228;-7.5887947e-06;4.5715715e-06;-0.747052;0.22089297;0.13286255;0.547043;-0.0064022928;-0.07628725;0.024462905;0.0008635057;1.8707331e-05;-0.7180458;0.16491765;-0.008413998;0.6626901;-0.38837165;-0.007804458;0.35335696;-0.9813932;-0.14890549;0.22123179;0.5020299;0.5949114;-0.5498234;0.30446738;0.13793458;0.23266913;-0.23479275;-0.007422183;0.15643464;0.004673201;-0.20597482;0.14946662;0.3245099;-0.10861548;-0.4036454;-0.11593464;-0.13028783;-0.99910206;-0.74300736;0.30657622;0.5360541;-0.60701317;0.8213323;-0.8908649;-0.5660472;-0.90461636;0.9979146;-0.978704;-0.29121783;-0.9170666;-0.99329567;-0.9796684;-0.34451663;-0.8971256;-0.28220943;-0.715049;-0.26029992
-0.061601646;0.006754578;-0.009472108;7.9946825e-05;-4.616857e-06;-0.0035727778;-0.0033947485;2.2949587e-07;-1.0643125e-05;-0.124599405;-0.018957134;-0.15147121;-0.14700478;-0.0016831589;-0.1603611;1.3243249e-05;0.0008278446;2.2830296e-05;-9.740823e-05;-0.03861492;2.5873407e-05;0.5196326;0.1429557;-0.07911929;0.88898516;0.01859968;0.029898673;-0.10096988;-2.196715e-05;0.56238574;0.07853201;-0.096886754;0.871366;-0.058556855;0.10029769;-0.14356683;0.0002246917;-6.22496e-06;2.8666109e-06;-0.7344931;0.22458656;0.14519629;0.52638364;-0.00048359472;-0.078635015;-0.035944726;0.0008401023;1.4209625e-05;-0.70991457;0.17014483;-0.005038386;0.62576884;-0.36918905;-0.03162627;0.325619;-0.98018056;-0.1526422;0.2024353;0.48534307;0.59042734;-0.5230858;0.25560996;0.111885495;0.22261372;-0.20871933;-0.01274428;0.16502658;-0.011504148;-0.17350519;0.15778677;0.3123588;-0.11975921;-0.38683575;-0.14258502;-0.149773;-0.9989029;-0.7128162;0.2768243;0.5287259;-0.57773286;0.8261159;-0.8748295;-0.5134162;-0.8913479;0.99759555;-0.974868;-0.24790823;-0.9014716;-0.9934259;-0.9769466;-0.3122054;-0.8756256;-0.3196145;-0.69468147;-0.24108876
-0.062484697;0.0065634702;-0.010490693;9.140605e-05;-2.542598e-06;-0.0035650937;-0.003225693;7.5630055e-08;-1.1894554e-05;-0.13209292;-0.022277663;-0.20978743;-0.15724951;0.00042840457;-0.21780676;3.3899552e-05;0.0007787015;1.7944782e-05;-0.00010071367;-0.03495319;2.7059286e-05;0.5165664;0.14984809;-0.07776043;0.8915095;0.013539115;0.03339347;-0.10679483;-1.7967846e-05;0.5620943;0.07945248;-0.09842622;0.8657174;-0.043242596;0.09864432;-0.14460523;0.00021352479;-4.6595887e-06;1.7097336e-06;-0.7164207;0.2142336;0.14359492;0.49059457;-0.00214405;-0.054120738;-0.083012834;0.00079238554;9.501586e-06;-0.6994557;0.16976076;-0.0071458225;0.5849818;-0.33060807;-0.05411865;0.30479765;-0.9783742;-0.13897662;0.18357207;0.47823972;0.5888696;-0.48843792;0.23559932;0.122390844;0.22329088;-0.15671442;-0.011628243;0.17618436;-0.012499269;-0.16953966;0.16501883;0.2959983;-0.12741458;-0.38904217;-0.17141606;-0.16423033;-0.99855995;-0.65886533;0.23818086;0.51925284;-0.53744566;0.8207836;-0.84525704;-0.4374485;-0.8685783;0.99712497;-0.9658364;-0.1840276;-0.87571377;-0.992993;-0.9694934;-0.25720975;-0.8388527;-0.3455531;-0.6572984;-0.21149828
-0.06301982;0.0065223062;-0.011972482;0.00010241481;-6.9549424e-07;-0.0036225878;-0.0030097;-1.1616305e-07;-1.303327e-05;-0.15177071;-0.020143362;-0.25758246;-0.17914322;0.0062198504;-0.26267797;6.88139e-05;0.0007025247;1.3085286e-05;-0.0001018361;-0.030984694;2.8949493e-05;0.5150033;0.15420139;-0.07653143;0.8951676;0.018345254;0.039355393;-0.10980854;-1.3802783e-05;0.56157357;0.08199326;-0.10146441;0.85872996;-0.031011943;0.0973986;-0.14621194;0.00019865329;-2.9163712e-06;6.8535155e-07;-0.69539076;0.19411407;0.11842962;0.44131264;-0.010310395;0.0071349605;-0.114063315;0.0007210206;4.5032357e-06;-0.68688023;0.16020393;-0.021019926;0.53668386;-0.27369076;-0.07063833;0.29373914;-0.9743748;-0.0714911;0.1642465;0.4811454;0.60118926;-0.4330363;0.26267913;0.17395802;0.25772455;-0.0720748;0.02174202;0.21404202;0.027285585;-0.19782223;0.1963248;0.29325056;-0.10091864;-0.40132397;-0.15953608;-0.14604282;-0.9979597;-0.5722118;0.19471362;0.5079929;-0.49197143;0.80698043;-0.79490393;-0.3368607;-0.82939893;0.9963389;-0.94649863;-0.107327856;-0.8308504;-0.99169695;-0.95183784;-0.18508588;-0.77445763;-0.3586577;-0.59258723;-0.17150499
-0.06304413;0.0066904374;-0.014358186;0.00011743506;3.1817472e-06;-0.0037007893;-0.0028002902;-3.5426513e-07;-1.4809135e-05;-0.18218717;-0.01610298;-0.28133026;-0.21123393;0.010408423;-0.2818558;0.00011371878;0.00061677;6.6964712e-06;-0.00010064954;-0.025945915;3.0330368e-05;0.5131743;0.15593278;-0.0746033;0.89712024;0.02757339;0.04373228;-0.108661205;-8.489733e-06;0.5587296;0.08315544;-0.10549438;0.85594004;-0.015234297;0.094403766;-0.14685826;0.00018304677;-8.2474435e-07;-1.891749e-06;-0.67246825;0.17163622;0.07606399;0.37743932;-0.015077638;0.09606161;-0.103072695;0.000639979;-1.6051927e-06;-0.6751246;0.14218794;-0.046370085;0.4858924;-0.20823902;-0.08066277;0.30403918;-0.96866536;0.025814284;0.15174246;0.49338552;0.6233384;-0.39292374;0.31481212;0.23971723;0.3097859;-0.028844008;0.07174309;0.27853867;0.09866232;-0.19125189;0.24576193;0.30055013;-0.040247314;-0.37953734;-0.11005923;-0.099230975;-0.9968179;-0.4518959;0.14902863;0.490338;-0.42316663;0.78276485;-0.6993551;-0.20251833;-0.7592178;0.9946343;-0.9017316;-0.0065444997;-0.7467926;-0.98878145;-0.9046959;-0.080245934;-0.6646911;-0.34939986;-0.47794533;-0.09936063
-0.06295347;0.0068331184;-0.017457219;0.00013312208;9.879528e-06;-0.0036871503;-0.002701822;-5.9043236e-07;-1.7319442e-05;-0.2130222;-0.012276996;-0.2708063;-0.24311112;0.009671002;-0.26534054;0.00015108156;0.00056413835;-1.3636891e-06;-9.687567e-05;-0.019595064;2.905287e-05;0.51165944;0.15674967;-0.07138863;0.8937638;0.031180194;0.042180527;-0.10373982;-1.9724393e-06;0.55304915;0.08147841;-0.109884515;0.863962;0.006204473;0.090322405;-0.14543912;0.00017514068;1.3198442e-06;-6.5616914e-06;-0.6520019;0.15233909;0.03144036;0.30321512;-0.018675467;0.19306761;-0.025740767;0.0005870148;-8.168223e-06;-0.6662207;0.12233452;-0.073690526;0.45050484;-0.15741727;-0.08734442;0.33899692;-0.96465445;0.096929654;0.15244088;0.51417935;0.6450362;-0.42172235;0.36071134;0.28742316;0.34685862;-0.12303214;0.10797733;0.3430647;0.16931853;-0.07272403;0.2866567;0.30228633;0.025150841;-0.2845726;-0.059956934;-0.050030164;-0.9947553;-0.31965432;0.10822442;0.46324915;-0.30804846;0.7418341;-0.53007084;-0.04408181;-0.6415782;0.99048156;-0.7982921;0.12021669;-0.6049541;-0.98251826;-0.78033584;0.062131803;-0.50960076;-0.30514365;-0.30746034;0.017396128
-0.06281727;0.0070303753;-0.020550394;0.00013840687;1.5546975e-05;-0.0038655547;-0.0027668367;-6.204947e-07;-1.8920357e-05;-0.24514249;-0.0077483514;-0.23714356;-0.27461424;0.0071963165;-0.22652115;0.00018655081;0.0005520804;-7.3703704e-06;-9.139788e-05;-0.013188968;2.8359642e-05;0.51359105;0.15563358;-0.06648901;0.88154656;0.02755135;0.03539917;-0.09232838;2.9393705e-06;0.5496876;0.079783514;-0.11486331;0.87447876;0.015528792;0.09266233;-0.1418583;0.00017948847;2.5661066e-06;-1.0467775e-05;-0.64595526;0.14319493;-0.008391678;0.24415393;-0.03862332;0.27544117;0.08715454;0.00058122026;-1.19132455e-05;-0.6473467;0.09884735;-0.09701667;0.41674697;-0.16034608;-0.08722705;0.37989777;-0.96419734;0.14659466;0.15421253;0.53882307;0.6652847;-0.49157113;0.39890367;0.3133211;0.36169988;-0.2989119;0.13533963;0.38064328;0.21541591;0.08916766;0.300259;0.28973547;0.057596825;-0.17992398;-0.041875143;-0.022178369;-0.9930373;-0.22819711;0.07324578;0.43428048;-0.20809014;0.68979794;-0.3720997;0.06353766;-0.5237242;0.98343724;-0.6555444;0.19783948;-0.47367954;-0.97092324;-0.61276513;0.15264761;-0.3887281;-0.23763524;-0.18288623;0.09671022
-0.062353067;0.0068760933;-0.022432089;0.00013366155;1.6973994e-05;-0.004387669;-0.0028828823;-3.9700865e-07;-1.864892e-05;-0.28309906;0.0027871542;-0.1870953;-0.3094419;0.009848748;-0.17229795;0.0002285527;0.0005455548;-9.201904e-06;-8.5293235e-05;-0.00628326;3.0321979e-05;0.52076226;0.15142909;-0.061642606;0.8641497;0.020292738;0.026885755;-0.0772213;4.714573e-06;0.5506936;0.07815987;-0.11963369;0.8794532;0.008364966;0.10220682;-0.13798039;0.00018659444;2.8710638e-06;-1.1352895e-05;-0.6506774;0.13875125;-0.044586647;0.21599455;-0.07662456;0.32895744;0.20398352;0.0005944677;-1.2270641e-05;-0.6121377;0.06873194;-0.11321313;0.34727538;-0.23185928;-0.06585989;0.43483365;-0.9663334;0.16927598;0.1621579;0.56175303;0.67653406;-0.5556504;0.4152058;0.30410972;0.3467342;-0.45241576;0.13712373;0.37296396;0.21682675;0.21690367;0.2613013;0.25269789;0.034422766;-0.11999164;-0.08009507;-0.02425197;-0.993306;-0.1986012;0.039834216;0.41585925;-0.18021357;0.6238242;-0.32432634;0.09112007;-0.470209;0.9723462;-0.570482;0.20440911;-0.4183693;-0.94602317;-0.54153883;0.16170193;-0.34325525;-0.12945974;-0.16978788;0.094165
-0.061331443;0.0060004108;-0.021986479;0.00013277889;1.6088452e-05;-0.004879396;-0.002839654;-1.1510872e-07;-1.7795654e-05;-0.3112385;0.022141073;-0.12817271;-0.332674;0.021931268;-0.10914788;0.00025359084;0.000505779;-1.0344054e-05;-7.4495634e-05;0.0014928865;3.178868e-05;0.530224;0.14344195;-0.059277203;0.8487168;0.017372485;0.021435056;-0.06360632;5.979702e-06;0.5530377;0.07598797;-0.12156868;0.8792999;-0.00410053;0.111621946;-0.13585824;0.00017947852;3.5327757e-06;-1.0819669e-05;-0.6485408;0.121219315;-0.07008214;0.21197724;-0.12819093;0.34638655;0.31110162;0.0005769437;-1.3201439e-05;-0.56742287;0.037567165;-0.10947069;0.2371713;-0.341761;-0.020258823;0.5244643;-0.9689141;0.11769204;0.20105956;0.5827027;0.6542891;-0.60065705;0.3760771;0.24346551;0.27958375;-0.54324013;0.071603306;0.30683708;0.15161355;0.28712395;0.14750119;0.18826553;-0.04393191;-0.09470118;-0.18474764;-0.05530774;-0.99420834;-0.2451558;0.028007125;0.4298729;-0.22167549;0.50035745;-0.3761307;0.04057739;-0.49214488;0.94430816;-0.59342533;0.15715043;-0.43428266;-0.8712278;-0.59318715;0.101139955;-0.36251745;0.07279527;-0.26013017;0.02723466
-0.059526354;0.0046971347;-0.020579273;0.00013140682;1.2364762e-05;-0.005341506;-0.0027082975;2.4540725e-07;-1.6504033e-05;-0.32761717;0.042393036;-0.07501717;-0.34473443;0.037397407;-0.053035557;0.00025658868;0.00045818306;-9.065989e-06;-6.226153e-05;0.008365242;3.231788e-05;0.53921336;0.1351113;-0.058339655;0.8389511;0.019755626;0.020911416;-0.05103432;5.384063e-06;0.5557988;0.07214044;-0.11986529;0.8745117;-0.022330184;0.12065212;-0.13268189;0.00016282711;3.8430953e-06;-8.519826e-06;-0.6379939;0.0935086;-0.075493336;0.21126842;-0.19126222;0.33670652;0.39801818;0.00055055064;-1.2857607e-05;-0.5193709;0.00375752;-0.07709936;0.113311805;-0.48096073;0.018852288;0.6285465;-0.9731451;-0.005074256;0.25811857;0.6024008;0.6017491;-0.64086306;0.29721802;0.15768196;0.16927364;-0.6035479;-0.032577496;0.20430997;0.043356087;0.30881414;0.00053117785;0.11376517;-0.14945962;-0.10002798;-0.31623292;-0.11838378;-0.9953608;-0.42057744;0.0697433;0.48066387;-0.34057745;0.3394234;-0.50575197;-0.08429344;-0.614359;0.89323676;-0.7285588;0.036824167;-0.5589175;-0.6868712;-0.7474904;-0.055437855;-0.49512666;0.31696358;-0.44366327;-0.09689243
-0.057013396;0.0039292015;-0.01935307;0.00012361218;3.1524396e-06;-0.0055330154;-0.0025499132;5.658284e-07;-1.3873258e-05;-0.34119844;0.056512855;-0.030147508;-0.35586312;0.048760906;-0.007148173;0.00023727151;0.0004391685;-1.3594981e-06;-5.1896342e-05;0.013447591;3.0836352e-05;0.5478706;0.12941985;-0.058432154;0.8392697;0.027552791;0.02640839;-0.038316537;-1.2529199e-07;0.5589866;0.068154715;-0.115931794;0.8641672;-0.04047222;0.13027816;-0.12599963;0.00015004;2.6485723e-06;-2.3258326e-06;-0.61987734;0.06386567;-0.06661163;0.20786068;-0.25240895;0.3177296;0.46997198;0.0005448215;-7.680734e-06;-0.47856992;-0.03320584;-0.028443769;0.023387896;-0.61048365;0.019736776;0.6948554;-0.9798347;-0.1451383;0.3071933;0.61604285;0.5302161;-0.6917587;0.2043931;0.06296564;0.045932543;-0.6698992;-0.1416379;0.093229845;-0.067912035;0.2863786;-0.13125104;0.042403772;-0.24297597;-0.12607998;-0.42784286;-0.19543986;-0.99679977;-0.6434197;0.15148099;0.5367931;-0.49575585;0.27352357;-0.64327204;-0.2107875;-0.776377;0.88559026;-0.8662427;-0.12266662;-0.744442;-0.51559824;-0.8851662;-0.24627534;-0.69763374;0.45346743;-0.62197715;-0.22203389
-0.054957464;0.004037765;-0.017082661;0.000116048555;-9.804731e-06;-0.0047734194;-0.0022382417;5.141725e-07;-1.0340256e-05;-0.34100074;0.06318525;0.022003097;-0.35421422;0.051842622;0.042886518;0.00015913413;0.0004883712;1.0684424e-05;-3.652931e-05;0.017137697;2.014546e-05;0.5550315;0.12799112;-0.0625993;0.85719854;0.04146688;0.034757633;-0.030645417;-8.489747e-06;0.56102604;0.06591036;-0.10980605;0.85696256;-0.047786847;0.13361144;-0.11950039;0.0001470445;6.1720493e-07;6.8138033e-06;-0.58482194;0.025249152;-0.046579946;0.20605206;-0.2944384;0.28777242;0.546053;0.00057354756;3.131281e-07;-0.45591456;-0.06813434;0.0104167815;0.0115899015;-0.70546836;-0.0020103315;0.7313536;-0.9861291;-0.31210247;0.35604137;0.62626565;0.42005435;-0.762778;0.08105244;-0.056749728;-0.11215811;-0.73474383;-0.28926575;-0.041854348;-0.19762072;0.2259638;-0.28063613;-0.068471126;-0.3462658;-0.16675939;-0.5477496;-0.28530544;-0.9975693;-0.77096266;0.20298511;0.56399894;-0.5970646;0.30776763;-0.7047519;-0.24951297;-0.8821678;0.922148;-0.9373648;-0.22324619;-0.8651851;-0.522005;-0.9463945;-0.3545429;-0.8341246;0.47115782;-0.71789336;-0.2762668
-0.053718314;0.0050342716;-0.013725217;0.00010712235;-2.3477449e-05;-0.0033183554;-0.0017640437;2.28663e-07;-6.7998917e-06;-0.3230647;0.06344203;0.057435926;-0.3347862;0.049987398;0.07264804;4.6174944e-05;0.0005743254;2.3515022e-05;-1.8385825e-05;0.019294549;2.9540097e-06;0.5587337;0.12816651;-0.069106214;0.8785447;0.06150409;0.042262424;-0.027336009;-1.7088634e-05;0.5626107;0.066347666;-0.10216875;0.8535651;-0.05534828;0.12955992;-0.11536103;0.00014756926;-1.6307094e-06;1.6709964e-05;-0.53392804;-0.020167025;-0.015877822;0.20955117;-0.31790635;0.21958336;0.62969536;0.0006147056;8.587871e-06;-0.44352818;-0.08824631;0.034943298;0.06722129;-0.7661511;-0.023952343;0.75201565;-0.9905794;-0.48601252;0.39947075;0.6344142;0.26860178;-0.82993346;-0.06175092;-0.18777955;-0.29062936;-0.76717937;-0.43739817;-0.16956873;-0.33365303;0.11182052;-0.42396113;-0.19150038;-0.46886837;-0.25193328;-0.6651431;-0.36326668;-0.9977396;-0.8192207;0.20499787;0.560855;-0.64219165;0.37468848;-0.70382005;-0.20749806;-0.93320775;0.95334095;-0.96634763;-0.25346646;-0.92172843;-0.6366572;-0.969127;-0.37940755;-0.8989508;0.42381662;-0.7575315;-0.28593987
-0.052881777;0.006384693;-0.010645146;9.625731e-05;-3.3729128e-05;-0.00219653;-0.0013162373;7.928372e-08;-4.108326e-06;-0.29860276;0.05568972;0.045604575;-0.30880478;0.04438626;0.054581393;-2.9829649e-05;0.000622093;3.310517e-05;-7.5989883e-06;0.019970264;-8.755051e-06;0.5559796;0.12436287;-0.073128395;0.8888748;0.08005019;0.04890516;-0.02346314;-2.3507499e-05;0.56444997;0.07064653;-0.095851466;0.8493274;-0.065536305;0.11943997;-0.1142927;0.00014476571;-3.4459008e-06;2.410436e-05;-0.48871318;-0.061740212;0.009543504;0.2451545;-0.31746176;0.11278312;0.6873977;0.0006303323;1.46021775e-05;-0.42541814;-0.08898232;0.055489294;0.13338755;-0.7954176;-0.022212012;0.76085216;-0.99252266;-0.5732439;0.40914565;0.6245715;0.1354654;-0.8575998;-0.146548;-0.27414137;-0.3921205;-0.73028594;-0.47761276;-0.19426256;-0.3979204;-0.103414655;-0.46079043;-0.21448833;-0.53954196;-0.36596826;-0.70173925;-0.3473615;-0.9975857;-0.8353553;0.1894556;0.5399404;-0.64670795;0.41713518;-0.6708719;-0.14007926;-0.9519948;0.9677873;-0.9748067;-0.24531296;-0.94172186;-0.7208673;-0.97483355;-0.35277227;-0.92068976;0.3852265;-0.7616989;-0.2824917
-0.052718837;0.007254987;-0.007637091;8.580281e-05;-3.9478356e-05;-0.0015783227;-0.0010363463;6.202686e-08;-2.3786488e-06;-0.26811868;0.045063265;0.0070889574;-0.27752328;0.03823501;0.008139031;-6.413777e-05;0.0006446425;3.8037077e-05;-4.578069e-06;0.01980582;-1.29736e-05;0.54991823;0.11762489;-0.075560756;0.89321536;0.08954421;0.056431156;-0.021791799;-2.6870388e-05;0.56703025;0.07726764;-0.09149322;0.84761524;-0.06643958;0.10631438;-0.11636862;0.00014486375;-4.4675035e-06;2.8210343e-05;-0.4630898;-0.09721861;0.02465888;0.31354937;-0.31056368;0.025527582;0.7088092;0.0006382627;1.7920014e-05;-0.4043527;-0.08502051;0.07354609;0.17569721;-0.8072946;0.0027889796;0.7645168;-0.99288297;-0.58543855;0.3711053;0.5886003;0.059261393;-0.8510599;-0.16141893;-0.3057923;-0.41448694;-0.6072532;-0.4210858;-0.13102356;-0.3977428;-0.3814782;-0.4053741;-0.14952141;-0.55313504;-0.47777143;-0.66714805;-0.254229;-0.9973838;-0.84608036;0.1843437;0.5159562;-0.6290223;0.44072226;-0.63666326;-0.10908558;-0.9585384;0.97446615;-0.9766953;-0.2502351;-0.94855046;-0.762112;-0.9755839;-0.32806027;-0.9285337;0.3734399;-0.76139385;-0.2890531
-0.053267904;0.007208075;-0.005060987;7.588137e-05;-4.2237312e-05;-0.001369398;-0.000967699;8.782388e-08;-1.2023447e-06;-0.23214497;0.037590686;-0.029925566;-0.24111709;0.03489807;-0.0385897;-7.3103205e-05;0.0006753378;3.9580453e-05;-6.628121e-06;0.02313148;-1.2728109e-05;0.54792875;0.111364275;-0.077526145;0.89559317;0.08799194;0.06303984;-0.019360816;-2.8085298e-05;0.5716722;0.08049982;-0.08790579;0.8481599;-0.058622897;0.09534822;-0.11943757;0.00015381447;-4.8855436e-06;3.020704e-05;-0.44457394;-0.12154853;0.034532428;0.36833602;-0.31665713;-0.024925638;0.70534766;0.00066266325;1.964302e-05;-0.38445395;-0.08139742;0.08474866;0.1889451;-0.8094006;0.034084737;0.76642394;-0.992623;-0.5600674;0.3078067;0.53411514;0.040392656;-0.817908;-0.1317224;-0.29632643;-0.4071902;-0.38954628;-0.33955592;-0.048045795;-0.3787712;-0.6116695;-0.3272476;-0.06482839;-0.53863823;-0.5701241;-0.59968686;-0.15653172;-0.997347;-0.8561927;0.19305235;0.50062984;-0.60180753;0.46217427;-0.61444646;-0.11122121;-0.96058047;0.97880054;-0.9777065;-0.2738777;-0.95149076;-0.78775465;-0.97535133;-0.31488907;-0.93435943;0.3610894;-0.7684671;-0.30435947
-0.054376;0.0061690933;-0.0028340318;7.113407e-05;-4.261709e-05;-0.0013170958;-0.00097241986;8.188101e-08;-4.53736e-07;-0.19613184;0.033958334;-0.05585855;-0.20442866;0.033947784;-0.073453635;-7.0340495e-05;0.00070030044;3.837372e-05;-9.130854e-06;0.031159734;-1.0973512e-05;0.5497899;0.10682536;-0.07989868;0.8955794;0.08626883;0.06716165;-0.015075093;-2.7629532e-05;0.5736482;0.079983704;-0.08321783;0.84737897;-0.05638193;0.08800968;-0.123269066;0.00016374451;-4.762296e-06;3.0484953e-05;-0.41760892;-0.14002831;0.041959994;0.39962175;-0.32738262;-0.05300345;0.6905005;0.0006836528;1.9952859e-05;-0.37038767;-0.071497165;0.08666659;0.2014101;-0.806215;0.057073083;0.76462215;-0.9921181;-0.5448843;0.2379818;0.47042173;0.04062085;-0.7693824;-0.09780136;-0.2698303;-0.40166956;-0.119612925;-0.29276955;0.014244816;-0.37154272;-0.76134706;-0.28347057;-0.007006137;-0.5161994;-0.6364131;-0.5250522;-0.092779346;-0.99741524;-0.85999316;0.19836883;0.48866206;-0.5730295;0.48866054;-0.60205054;-0.12962422;-0.9596529;0.98259497;-0.97780716;-0.28992268;-0.9500073;-0.8071039;-0.9728601;-0.2948679;-0.93584365;0.33941776;-0.7708375;-0.31593877
-0.055832155;0.004425501;-0.0009493908;6.977073e-05;-4.127546e-05;-0.0012950627;-0.00096936285;5.153754e-08;8.061761e-08;-0.16617545;0.033575173;-0.07487947;-0.17389637;0.035442848;-0.09873467;-6.1014463e-05;0.00070379843;3.537489e-05;-1.13603965e-05;0.040629398;-8.581977e-06;0.5529403;0.10469038;-0.08245909;0.8931682;0.08898655;0.067609586;-0.011553666;-2.615001e-05;0.57118523;0.07782155;-0.0775982;0.8464513;-0.064640984;0.083978996;-0.12767725;0.00016810696;-4.40421e-06;2.9499904e-05;-0.3849885;-0.15373653;0.049179755;0.41884288;-0.33061942;-0.07123475;0.6714198;0.0006847675;1.9375875e-05;-0.3663264;-0.053911977;0.08070503;0.23198953;-0.79809386;0.06410699;0.75398797;-0.99157983;-0.55735123;0.17404078;0.40895116;0.040165395;-0.7171363;-0.084056504;-0.24519646;-0.40692565;0.13472682;-0.28921795;0.059212036;-0.38223714;-0.849085;-0.2791845;0.02597384;-0.49303785;-0.68136;-0.44696024;-0.05589196;-0.99748653;-0.8558132;0.19084772;0.47339875;-0.54425585;0.5222917;-0.59271044;-0.1553375;-0.95510966;0.9860962;-0.9751431;-0.2749665;-0.9421304;-0.82661986;-0.9663692;-0.2610056;-0.93031967;0.3086324;-0.75788075;-0.31790555
-0.057388887;0.0024136514;0.00031234883;7.126166e-05;-3.7780148e-05;-0.0013032339;-0.0009797309;2.5295776e-08;-1.06781954e-07;-0.14546277;0.035527203;-0.0910548;-0.1530073;0.039135754;-0.11795852;-4.4434797e-05;0.0006884494;3.0250085e-05;-1.5307203e-05;0.048640464;-5.464848e-06;0.55515134;0.105137154;-0.08433519;0.8883273;0.09340243;0.06397245;-0.012070599;-2.3331275e-05;0.5651612;0.075441934;-0.072319545;0.8463406;-0.07954323;0.08236354;-0.13241756;0.00016746177;-3.749199e-06;2.7001865e-05;-0.3576361;-0.15930708;0.057576884;0.4274512;-0.328003;-0.07707894;0.6511266;0.00066939386;1.7494254e-05;-0.36945486;-0.032583892;0.0717491;0.27632332;-0.78504634;0.058992658;0.7302429;-0.9908839;-0.5784654;0.11852612;0.35475087;0.045296095;-0.6645327;-0.08640043;-0.22739913;-0.4154764;0.32469526;-0.30882514;0.09367288;-0.39812964;-0.8955637;-0.2931044;0.051250927;-0.46886283;-0.7122212;-0.3627495;-0.026891977;-0.99744856;-0.8445408;0.17363816;0.45401603;-0.51308334;0.5565014;-0.57836205;-0.18481505;-0.94599664;0.98881334;-0.96801305;-0.22519645;-0.92682487;-0.84838307;-0.9548573;-0.2214968;-0.91787934;0.27257642;-0.7286253;-0.31472054
-0.058879472;0.00039291056;0.0010148748;7.356191e-05;-3.2696436e-05;-0.0014129013;-0.001059763;3.2817297e-08;-1.1242082e-06;-0.13440312;0.038330935;-0.102818154;-0.14202967;0.043317687;-0.1299689;-1.9435274e-05;0.0006707185;2.3999164e-05;-2.3026209e-05;0.05501605;-2.105684e-06;0.5563068;0.10758682;-0.08533541;0.88230836;0.0951947;0.056875423;-0.0175991;-1.9719693e-05;0.5581203;0.07330617;-0.06808463;0.8482625;-0.095269166;0.081460096;-0.13736193;0.00016631957;-2.9577714e-06;2.34303e-05;-0.34147063;-0.15514725;0.068334356;0.4239644;-0.32774052;-0.06565623;0.63034624;0.00065336656;1.4875259e-05;-0.3763426;-0.0117077585;0.064178996;0.3197995;-0.77031744;0.049116585;0.69286984;-0.9898262;-0.59088296;0.0714809;0.3092645;0.0632846;-0.609226;-0.09208004;-0.21068956;-0.417141;0.44238624;-0.3361635;0.114327066;-0.4086171;-0.91809094;-0.31073472;0.07439324;-0.44425023;-0.73536503;-0.2788159;0.0035420896;-0.9972937;-0.8306518;0.15446763;0.43490267;-0.4798388;0.58591247;-0.5555867;-0.21507068;-0.9319199;0.99055344;-0.95543784;-0.15407243;-0.90478593;-0.8691055;-0.9388169;-0.18739781;-0.9006498;0.23773448;-0.68980974;-0.31492835
-0.060171437;-0.0014762218;0.0013710549;7.5859716e-05;-2.6861584e-05;-0.0016299322;-0.0012367235;6.3069024e-08;-2.6756097e-06;-0.13175778;0.039781027;-0.1096521;-0.13958421;0.04547693;-0.13550796;9.351819e-06;0.0006672699;1.7519458e-05;-3.4752706e-05;0.06070469;4.0348823e-07;0.5568331;0.11133939;-0.08549577;0.875348;0.09136275;0.047025118;-0.025991797;-1.5813392e-05;0.55178934;0.071300834;-0.06508718;0.8526998;-0.10670256;0.07997837;-0.1417396;0.00016832896;-2.1505039e-06;1.9382947e-05;-0.33434796;-0.14375585;0.08073878;0.41124803;-0.3291915;-0.04137858;0.6084286;0.0006500571;1.1999044e-05;-0.3859689;0.0053914427;0.058895253;0.3519559;-0.7547686;0.038074937;0.64561296;-0.9885937;-0.5911752;0.03408823;0.27445784;0.090062894;-0.5554821;-0.094586335;-0.18967336;-0.40790534;0.5071687;-0.3618909;0.11686536;-0.41173434;-0.9286364;-0.32650676;0.08903647;-0.42274943;-0.755566;-0.20654806;0.029506378;-0.99708164;-0.8203679;0.14122936;0.41988778;-0.44367796;0.6090903;-0.5259914;-0.24181803;-0.91224;0.99152;-0.93738323;-0.08052737;-0.8767467;-0.88573444;-0.9199277;-0.1619891;-0.8795334;0.21023531;-0.6480798;-0.32036227
-0.061190452;-0.0030736995;0.0014934909;7.9803576e-05;-2.0229025e-05;-0.001901607;-0.001495439;7.0920464e-08;-4.5821653e-06;-0.1354332;0.037474796;-0.11349652;-0.1437166;0.043240238;-0.13764662;3.727348e-05;0.00068051845;1.0374584e-05;-4.915252e-05;0.06643004;1.2195669e-06;0.55658203;0.1156062;-0.08454714;0.8665835;0.08101571;0.034795884;-0.03482659;-1.1264652e-05;0.546062;0.06888675;-0.06330831;0.85930514;-0.1093284;0.07721141;-0.14481522;0.00017350691;-1.1758457e-06;1.4804202e-05;-0.3307924;-0.1309063;0.093897395;0.39343902;-0.32485944;-0.014105714;0.5829689;0.00065961387;8.4257335e-06;-0.39827147;0.016981684;0.053737096;0.37014925;-0.7347002;0.023234395;0.5922531;-0.9876263;-0.5845016;0.00868642;0.25089768;0.11730121;-0.5104241;-0.094528794;-0.16474;-0.38905296;0.54325867;-0.38514984;0.09766316;-0.40947673;-0.9350629;-0.3416827;0.08619596;-0.40572956;-0.77578145;-0.14948598;0.038050998;-0.9968446;-0.8155795;0.13741958;0.40792993;-0.3986502;0.62544936;-0.48666295;-0.25704604;-0.88370997;0.9919259;-0.91266614;-0.012809637;-0.8397049;-0.8978132;-0.8971497;-0.13697854;-0.85131574;0.19364096;-0.6011087;-0.3226379
-0.061955214;-0.004342408;0.00144141;8.3962164e-05;-1.3260113e-05;-0.0022308931;-0.0018244939;4.0558803e-08;-6.519178e-06;-0.14374213;0.030839317;-0.11553399;-0.15291023;0.036148302;-0.13771854;6.6800305e-05;0.0007057282;2.9694638e-06;-6.534322e-05;0.072111584;4.4870103e-07;0.55583334;0.119327605;-0.0822691;0.8570105;0.06458823;0.02116774;-0.042857423;-6.3702028e-06;0.54108226;0.065731235;-0.062846154;0.8685083;-0.10049626;0.07258582;-0.14626813;0.00018114471;-1.3628596e-07;9.995609e-06;-0.3260407;-0.12249332;0.1061486;0.37197477;-0.3088605;0.009464748;0.55064464;0.00067891646;4.513975e-06;-0.41340682;0.023424333;0.046543747;0.37838992;-0.7069144;0.0026705908;0.53469986;-0.9873794;-0.57703567;-0.005452705;0.23697907;0.14006309;-0.4769514;-0.09627166;-0.14031139;-0.36803728;0.567859;-0.41293254;0.057924636;-0.40753877;-0.94125843;-0.36179733;0.06513228;-0.39372846;-0.79739815;-0.10716566;0.021334263;-0.9966174;-0.814361;0.14358136;0.39925137;-0.34099767;0.6350704;-0.43395403;-0.25773317;-0.8412849;0.9919329;-0.87876564;0.046896927;-0.7900413;-0.90689915;-0.86780113;-0.105673924;-0.81313837;0.18602182;-0.5445477;-0.31575182
-0.06252402;-0.005092153;0.0012982911;8.2162616e-05;-8.089381e-06;-0.0026335288;-0.0022210777;1.4461648e-08;-7.7445875e-06;-0.15406291;0.022395264;-0.11223275;-0.16430694;0.026568867;-0.13162202;0.00010004052;0.0007455947;-2.0359003e-06;-8.326086e-05;0.076122634;-1.0780714e-06;0.55515605;0.121110216;-0.0789879;0.8505963;0.044156536;0.0094672125;-0.048309196;-3.0104711e-06;0.53843117;0.062411703;-0.063915655;0.8792802;-0.08341027;0.066708535;-0.14537972;0.00019260403;3.3309334e-07;6.4708875e-06;-0.32101363;-0.11852971;0.11323293;0.35006157;-0.2823429;0.027265;0.51541525;0.00071266387;2.3322937e-06;-0.42862624;0.02581334;0.039442874;0.38333187;-0.6766892;-0.018023731;0.4756364;-0.9882421;-0.568386;-0.017355284;0.23254022;0.15593635;-0.45840576;-0.10580189;-0.12446067;-0.35749012;0.58187693;-0.44806126;0.0052048466;-0.41552344;-0.9467162;-0.39040005;0.03499045;-0.39609772;-0.82173294;-0.0951662;-0.01785676;-0.9965517;-0.8180163;0.15807413;0.39914855;-0.2847814;0.64233494;-0.38414302;-0.26103523;-0.7879191;0.99186426;-0.8404108;0.08490487;-0.7389564;-0.91500187;-0.84026986;-0.08181783;-0.77441794;0.18296617;-0.4931667;-0.3108973
-0.0627973;-0.005117427;0.0011428687;7.664459e-05;-4.727539e-06;-0.003070971;-0.0026367684;2.9545049e-08;-8.300078e-06;-0.16341694;0.014903797;-0.1016815;-0.17440009;0.017381046;-0.11741487;0.00013315171;0.0007981594;-4.6138884e-06;-0.000101847734;0.07707606;-2.326291e-06;0.5533733;0.12025353;-0.07517657;0.84866536;0.023408012;0.0033756567;-0.050909657;-1.259803e-06;0.53780556;0.059654817;-0.0661026;0.88792;-0.064576715;0.06108769;-0.14168571;0.00020721363;2.8805516e-07;4.2219326e-06;-0.3173791;-0.1150717;0.11484957;0.33231437;-0.25178415;0.0367469;0.4888967;0.00075926306;1.7328712e-06;-0.43806863;0.023400074;0.03546521;0.3866075;-0.6510316;-0.034302466;0.41841105;-0.9896851;-0.55264986;-0.03275519;0.23740672;0.16745688;-0.45158723;-0.12419919;-0.119911075;-0.35598;0.5799071;-0.47819716;-0.04813742;-0.43010768;-0.9498596;-0.41726893;0.007888249;-0.4129274;-0.84648985;-0.11731963;-0.06439784;-0.99667096;-0.8259716;0.1771597;0.4070839;-0.2502316;0.64940906;-0.35784525;-0.28132477;-0.7337368;0.9917753;-0.8064089;0.09340726;-0.70281905;-0.9213664;-0.82668304;-0.07980159;-0.7467183;0.18251427;-0.4624294;-0.31661728
-0.06271383;-0.004529764;0.0010330006;7.22314e-05;-2.0589796e-06;-0.0035060684;-0.003014106;9.4196935e-08;-8.564166e-06;-0.17139842;0.009643009;-0.086665384;-0.18265347;0.010236121;-0.09827874;0.0001620457;0.0008556785;-6.206159e-06;-0.000119456054;0.07562925;-2.9403382e-06;0.5497816;0.11785949;-0.071484536;0.8505976;0.005594435;0.0034033428;-0.05250455;-1.44355e-07;0.5380376;0.057525687;-0.06858933;0.8927045;-0.04773313;0.057082515;-0.13574705;0.00022261942;1.1781958e-07;2.4410983e-06;-0.31579396;-0.10867086;0.114605315;0.32236812;-0.2226029;0.03656253;0.4801959;0.00081085565;1.4805119e-06;-0.44080064;0.015719073;0.034050655;0.38674375;-0.6312762;-0.047134418;0.3670677;-0.99096495;-0.52514076;-0.04926208;0.24915934;0.17916507;-0.44957656;-0.14486739;-0.120157026;-0.3494338;0.55978763;-0.488433;-0.09013669;-0.4384136;-0.95052546;-0.42680776;-0.006335086;-0.43230462;-0.8680815;-0.15353595;-0.0988956;-0.99685323;-0.8350231;0.1988422;0.4184729;-0.24224809;0.6536645;-0.3570203;-0.31351203;-0.68365383;0.991473;-0.776909;0.0850962;-0.6832695;-0.92482346;-0.82657194;-0.09444254;-0.72948784;0.18407047;-0.4481624;-0.3267656
-0.062370796;-0.0036506918;0.0009987713;6.9479924e-05;2.6571797e-07;-0.00392379;-0.0033299176;2.0028926e-07;-8.611576e-06;-0.17890638;0.0069111036;-0.069503866;-0.1901775;0.0055135135;-0.07671222;0.00018511227;0.00091244717;-7.3804695e-06;-0.00013490145;0.07332941;-3.1808086e-06;0.5450175;0.11570535;-0.068539016;0.8560216;-0.007940704;0.007718503;-0.054398093;7.2627154e-07;0.53859496;0.05566125;-0.07077745;0.8942878;-0.033085495;0.055166744;-0.1284828;0.00023730891;-5.480979e-08;8.7489025e-07;-0.31679606;-0.09793934;0.11511637;0.3210447;-0.19693851;0.030654406;0.48851663;0.0008615524;1.1996599e-06;-0.4403989;0.004139021;0.033320107;0.3843559;-0.61470705;-0.05846049;0.32475296;-0.99183774;-0.4848953;-0.06404313;0.26413038;0.19171202;-0.4487819;-0.1634323;-0.12033069;-0.32937795;0.52328825;-0.4751043;-0.116637476;-0.43443513;-0.9492729;-0.4141195;-0.005129996;-0.44623435;-0.885179;-0.18643825;-0.11231814;-0.9970096;-0.8433051;0.2211439;0.43084225;-0.25362906;0.65190613;-0.3738926;-0.34936887;-0.6364422;0.9908328;-0.747244;0.073758155;-0.6739748;-0.9254696;-0.8338778;-0.11602168;-0.71768665;0.18711083;-0.44138655;-0.33567995
-0.061936297;-0.002748777;0.0010216893;6.826874e-05;2.5135232e-06;-0.004317401;-0.003583924;3.2656942e-07;-8.488903e-06;-0.18571346;0.006302075;-0.050216585;-0.19697535;0.0026270198;-0.05274854;0.00020287457;0.0009642353;-8.626463e-06;-0.00014771984;0.07094742;-3.312518e-06;0.5395174;0.114808224;-0.06658479;0.86391926;-0.017162574;0.014399715;-0.056510232;1.6644044e-06;0.5387824;0.053620216;-0.07232551;0.89346546;-0.019693758;0.054754667;-0.12059651;0.00025040662;-1.4273246e-07;-6.7963265e-07;-0.32012975;-0.08343119;0.11683519;0.32613665;-0.17451163;0.024290724;0.50506204;0.00090717745;6.366463e-07;-0.43992385;-0.009449325;0.033276644;0.38172063;-0.5976177;-0.06989044;0.29332542;-0.99231625;-0.43463874;-0.074231826;0.27939126;0.20154764;-0.44731182;-0.18288246;-0.12241162;-0.2968136;0.47608638;-0.44356358;-0.13095337;-0.4205221;-0.9463953;-0.3849219;0.00628452;-0.4537678;-0.8979513;-0.21069422;-0.10928712;-0.99709976;-0.8495051;0.24097961;0.44271377;-0.274339;0.64123946;-0.40022886;-0.3852088;-0.58802134;0.9897421;-0.71430963;0.0624988;-0.66790235;-0.92351544;-0.84413;-0.14009127;-0.7070471;0.1912654;-0.4374316;-0.34306616
-0.061575662;-0.0019725491;0.0011347661;6.862066e-05;4.812464e-06;-0.0046838894;-0.003782934;4.4601904e-07;-8.235831e-06;-0.19025075;0.0073119323;-0.027896903;-0.20159204;0.00092089886;-0.025646647;0.00021778527;0.0010064247;-1.0264805e-05;-0.0001579499;0.06840943;-3.4655095e-06;0.5334833;0.115209594;-0.06568163;0.87285185;-0.022107432;0.022014251;-0.0581066;2.8456125e-06;0.5378484;0.05093138;-0.07294659;0.8907471;-0.006957854;0.054891974;-0.11244576;0.00026118528;-7.774361e-08;-2.3327157e-06;-0.32497838;-0.06685748;0.1193087;0.33479664;-0.15368551;0.019784799;0.51976556;0.00094379263;-4.0003215e-07;-0.441334;-0.02279755;0.035240218;0.38019827;-0.5788941;-0.082061924;0.27296436;-0.99250376;-0.3815855;-0.07682838;0.29301667;0.2021321;-0.44350493;-0.21185258;-0.13327335;-0.26128674;0.4294109;-0.40558964;-0.14068238;-0.40493178;-0.9420831;-0.3521817;0.017268378;-0.45970508;-0.90758157;-0.23162256;-0.1033411;-0.99713415;-0.85288364;0.25491986;0.45245683;-0.29669014;0.6202038;-0.42962834;-0.41912183;-0.5360824;0.9880546;-0.68096066;0.04454092;-0.66044;-0.9190185;-0.85603476;-0.1667876;-0.6950754;0.19672333;-0.43735588;-0.3520804
-0.061385218;-0.0013938358;0.0014989624;6.994442e-05;6.8504014e-06;-0.005014058;-0.0039290898;5.335688e-07;-7.828581e-06;-0.1906402;0.010108885;-0.0020127622;-0.20213935;0.00064236287;0.004848747;0.00023293513;0.0010328761;-1.2058124e-05;-0.00016549588;0.065399185;-3.774243e-06;0.5275597;0.11638424;-0.06595163;0.88181865;-0.022866301;0.029458642;-0.058825653;4.080779e-06;0.5355954;0.04721732;-0.07240085;0.8867372;0.00505113;0.054998472;-0.10406938;0.00026870225;1.19071046e-07;-3.874942e-06;-0.33038393;-0.05049977;0.12251041;0.3452335;-0.13319561;0.015795013;0.52602845;0.00096662686;-1.8001883e-06;-0.44668338;-0.033286244;0.03967461;0.379003;-0.56077886;-0.09376787;0.26201528;-0.99255615;-0.33750108;-0.06986527;0.30327633;0.18601924;-0.4366413;-0.25888398;-0.15922384;-0.23883097;0.39956695;-0.37783274;-0.15453193;-0.3993091;-0.93702894;-0.3323944;0.015893122;-0.47146133;-0.915451;-0.2595831;-0.110440284;-0.9971773;-0.8538974;0.26047176;0.45909196;-0.31620213;0.59010035;-0.45688522;-0.4465493;-0.4846817;0.98563105;-0.65873814;0.0098440405;-0.65125155;-0.9123676;-0.87029654;-0.19623445;-0.68130416;0.20411925;-0.4456751;-0.36552966
-0.06138754;-0.0010509854;0.0022580547;7.132965e-05;8.0186e-06;-0.0052868035;-0.0040172497;5.7472846e-07;-7.210285e-06;-0.18637106;0.01506025;0.027869917;-0.198039;0.0023654096;0.038931;0.00024952914;0.0010386745;-1.336803e-05;-0.00016991424;0.061507035;-4.331021e-06;0.52286947;0.11762277;-0.06753583;0.89066863;-0.020252507;0.036039945;-0.058902986;4.95305e-06;0.53229487;0.042382237;-0.070730366;0.8823097;0.016277771;0.05491959;-0.09537551;0.0002720976;3.5824633e-07;-4.8661605e-06;-0.33602482;-0.036323883;0.12658978;0.35641363;-0.112040065;0.0074868845;0.52077705;0.00097211084;-3.2050302e-06;-0.4575379;-0.039019752;0.04512689;0.37655148;-0.5473233;-0.101994336;0.2587768;-0.9926725;-0.31271484;-0.05272534;0.30896443;0.14871232;-0.42807913;-0.32471672;-0.2007246;-0.24409042;0.3997342;-0.3734588;-0.17751737;-0.41308486;-0.9326116;-0.33713692;-0.0046779746;-0.49413535;-0.9224721;-0.30033267;-0.13993141;-0.9973109;-0.8535074;0.2584156;0.46363235;-0.3281507;0.554893;-0.47553518;-0.4587288;-0.4433816;0.98237157;-0.6625687;-0.047599465;-0.6417975;-0.9041357;-0.8865224;-0.22451209;-0.6654412;0.21355112;-0.46320468;-0.38152736
-0.06156392;-0.00097214495;0.003372946;7.19775e-05;7.6504075e-06;-0.0054625147;-0.004042111;5.7180694e-07;-6.2766776e-06;-0.17962788;0.022217097;0.06335843;-0.19139302;0.00615228;0.07799002;0.000263164;0.0010268426;-1.337452e-05;-0.00017065514;0.056237686;-5.137197e-06;0.5203759;0.118195206;-0.07045515;0.89983195;-0.015647033;0.04165843;-0.058547225;4.960966e-06;0.52815056;0.036597624;-0.068299726;0.8784389;0.026907243;0.054669537;-0.08634469;0.0002715311;4.817193e-07;-4.805159e-06;-0.34238994;-0.025148405;0.12993735;0.36718163;-0.08612686;-0.013332101;0.50265634;0.0009627406;-4.0428713e-06;-0.47361422;-0.03939431;0.048938494;0.37208262;-0.544562;-0.10304535;0.2639634;-0.9930683;-0.3066266;-0.027384203;0.31005552;0.092862345;-0.42280903;-0.39764658;-0.24911037;-0.2797415;0.42768785;-0.39132166;-0.2087732;-0.44656685;-0.9302861;-0.3643523;-0.04217732;-0.52656096;-0.9290577;-0.3488;-0.18725075;-0.99756485;-0.8527225;0.25437254;0.469359;-0.32673663;0.52040184;-0.47975284;-0.4476921;-0.4248389;0.9782926;-0.70069313;-0.12753141;-0.6334983;-0.89404744;-0.90292996;-0.24643351;-0.64736146;0.22547568;-0.4848119;-0.39377502
-0.061915796;-0.0011725018;0.0047818455;7.1943155e-05;5.3482654e-06;-0.0054743723;-0.0039973143;5.365042e-07;-5.026377e-06;-0.17239513;0.03180694;0.10630483;-0.18416446;0.012056708;0.12352739;0.00026446496;0.0010071053;-1.1360127e-05;-0.00016706932;0.04943939;-6.181319e-06;0.52016807;0.11745667;-0.074554294;0.90900004;-0.011443377;0.046873122;-0.057637773;3.6823621e-06;0.52309793;0.030236948;-0.06530967;0.8756857;0.036994293;0.054280877;-0.07698216;0.00026794858;3.2550452e-07;-3.3878168e-06;-0.3487519;-0.017415544;0.12905101;0.37569693;-0.0466171;-0.05563552;0.47117683;0.0009455962;-3.7693535e-06;-0.49368596;-0.033572797;0.049874503;0.36748943;-0.55912274;-0.09558111;0.28108242;-0.9938277;-0.30685556;0.00050788367;0.30749363;0.027509585;-0.42913634;-0.46016264;-0.28943297;-0.3342539;0.46258077;-0.41822064;-0.2424183;-0.49032244;-0.92966217;-0.40068564;-0.087274216;-0.56171745;-0.93473697;-0.395206;-0.23758467;-0.9978851;-0.85280216;0.25544754;0.4802298;-0.30814883;0.4929026;-0.46799815;-0.41118705;-0.44315994;0.9737743;-0.7689196;-0.22647136;-0.63020533;-0.8807601;-0.91863495;-0.2611757;-0.6308496;0.24126121;-0.5071057;-0.39695218
-0.06246568;-0.0016585002;0.006521679;7.0836395e-05;9.313226e-07;-0.0052635074;-0.00387795;4.9100265e-07;-3.6581332e-06;-0.1621886;0.04499888;0.15370505;-0.17396307;0.02145254;0.17232655;0.00024638858;0.0009860375;-6.729184e-06;-0.00015861497;0.04199732;-7.286959e-06;0.52207124;0.115418755;-0.07940764;0.91699207;-0.013087301;0.051563077;-0.057114903;7.2972034e-07;0.5178016;0.024047703;-0.06169165;0.87466854;0.047549184;0.052679025;-0.06798162;0.00026198302;-2.3907342e-07;-4.9530354e-07;-0.3515977;-0.015270587;0.12029751;0.38032874;0.014106512;-0.12215985;0.4267897;0.0009260372;-1.9465224e-06;-0.5171407;-0.0194693;0.051654197;0.3698096;-0.5919881;-0.08288553;0.31086788;-0.9947703;-0.3014044;0.023683697;0.30437344;-0.03446454;-0.45347142;-0.50053936;-0.30839851;-0.38756588;0.4737002;-0.4360173;-0.2617926;-0.528267;-0.9263134;-0.42575344;-0.12429066;-0.5890088;-0.93716204;-0.43124467;-0.27449152;-0.9981861;-0.85556704;0.26508906;0.49957645;-0.26997495;0.476693;-0.44059932;-0.34952947;-0.50567454;0.96995515;-0.84829855;-0.33701336;-0.6397208;-0.8647613;-0.93382704;-0.2709808;-0.6256767;0.2608108;-0.53303814;-0.3918982
-0.06322372;-0.0024989666;0.008549867;6.6173845e-05;-5.155045e-06;-0.0048529063;-0.0037100448;4.7693777e-07;-2.4655892e-06;-0.144123;0.06318123;0.1985812;-0.15614554;0.036348004;0.21773906;0.00020938157;0.0009678099;3.7261634e-07;-0.00014560844;0.035407543;-7.962932e-06;0.5265068;0.11333946;-0.084470704;0.92329144;-0.02482742;0.053828802;-0.059310578;-3.90083e-06;0.5141249;0.018596685;-0.05740578;0.87646633;0.057409134;0.04891025;-0.06126596;0.0002551563;-1.255059e-06;3.5637931e-06;-0.34916943;-0.02080744;0.10349329;0.37984312;0.088160835;-0.19736505;0.3743097;0.00091063784;1.5609548e-06;-0.5453464;0.0022439042;0.061369352;0.3838985;-0.63422;-0.07075433;0.3471282;-0.99563986;-0.29165497;0.038653675;0.30623665;-0.07369934;-0.49108684;-0.5145182;-0.3026473;-0.4197152;0.4428138;-0.4243105;-0.24815853;-0.5459462;-0.9133528;-0.41834483;-0.13805772;-0.60052747;-0.93296796;-0.44905052;-0.28950977;-0.99846464;-0.86422986;0.28169534;0.52283764;-0.21964823;0.4765203;-0.40900898;-0.27561533;-0.6031163;0.9693176;-0.9136441;-0.44521737;-0.6742637;-0.8537711;-0.94920844;-0.28059494;-0.64607114;0.27845842;-0.5670823;-0.38863364
-0.064222485;-0.0035714144;0.010587897;5.972525e-05;-1.0581629e-05;-0.0043388912;-0.0035450272;4.94878e-07;-1.9648796e-06;-0.115894124;0.08319995;0.2368982;-0.1286267;0.054044563;0.25580546;0.0001595197;0.0009598603;7.505907e-06;-0.00012938224;0.029154368;-7.991002e-06;0.5325708;0.11190661;-0.08917546;0.9270802;-0.04197329;0.052666698;-0.0636187;-8.686489e-06;0.51252055;0.014468039;-0.052961305;0.88045913;0.061007403;0.04530392;-0.05814636;0.00025061428;-2.3731627e-06;7.214563e-06;-0.3455083;-0.031374022;0.08478837;0.37155575;0.15390088;-0.25545233;0.3207122;0.00090777397;5.408365e-06;-0.5779783;0.025373448;0.07906732;0.4073815;-0.67055213;-0.06830078;0.38321137;-0.996233;-0.2796198;0.05096744;0.3164813;-0.07863089;-0.5231102;-0.50297385;-0.27841282;-0.42301553;0.38983294;-0.37558523;-0.2055243;-0.5441368;-0.8888691;-0.37832257;-0.13006361;-0.59861934;-0.9219115;-0.44856343;-0.2910045;-0.99874926;-0.87925553;0.29824242;0.5366179;-0.1806568;0.49697042;-0.39916876;-0.22333595;-0.7075545;0.9734886;-0.95336455;-0.53434235;-0.7343311;-0.860767;-0.96347845;-0.29489443;-0.69591355;0.27893895;-0.60623175;-0.39403453
-0.06531493;-0.0043886187;0.011983255;5.6028366e-05;-1.3440935e-05;-0.0038120525;-0.003405078;4.9471225e-07;-2.3316097e-06;-0.082214065;0.098798476;0.26035923;-0.0959742;0.06891006;0.2779671;0.00010756313;0.0009581086;1.233787e-05;-0.00011250095;0.022297079;-7.4142226e-06;0.5381115;0.110621646;-0.092611864;0.9280758;-0.057905708;0.048342004;-0.06768505;-1.209481e-05;0.5123707;0.012556018;-0.049744606;0.8853071;0.05931119;0.043584142;-0.058675665;0.0002482847;-3.204499e-06;9.144773e-06;-0.345187;-0.040995207;0.070452094;0.35203457;0.2010731;-0.28608567;0.2634706;0.00091222103;8.062634e-06;-0.60765505;0.04509102;0.097859494;0.43517062;-0.68738836;-0.08243118;0.41139492;-0.99642783;-0.26044533;0.067586266;0.3360516;-0.05769642;-0.5344828;-0.4704445;-0.23817815;-0.4002688;0.34488502;-0.30114076;-0.147542;-0.5288744;-0.8579635;-0.31860477;-0.1076811;-0.58641016;-0.9067542;-0.43292204;-0.2884258;-0.99897814;-0.89523166;0.3053796;0.5347985;-0.16407146;0.5285826;-0.4145324;-0.20287168;-0.7862251;0.97986645;-0.9723779;-0.59206027;-0.791929;-0.8856577;-0.97294956;-0.30702212;-0.7509157;0.25337806;-0.6357764;-0.39936334
-0.066253856;-0.004531704;0.012290498;5.668425e-05;-1.3681827e-05;-0.0033088855;-0.0032817223;4.4904334e-07;-3.2252137e-06;-0.050697044;0.10635176;0.26065603;-0.06559601;0.07788578;0.27499428;6.163225e-05;0.0009527025;1.442674e-05;-9.6738026e-05;0.01544325;-6.5268614e-06;0.54177505;0.10930963;-0.09437551;0.9275904;-0.06831358;0.04242074;-0.07052223;-1.3791156e-05;0.51325;0.012899639;-0.048100293;0.8898379;0.05470479;0.043856263;-0.061793827;0.00024587367;-3.6634883e-06;9.294978e-06;-0.35229495;-0.0425703;0.066258036;0.32149404;0.23138759;-0.29390064;0.19918823;0.00091293984;9.1886905e-06;-0.6286033;0.060142364;0.11351576;0.45851734;-0.6814549;-0.10821123;0.4273634;-0.99628866;-0.23412402;0.087959185;0.36294296;-0.026099114;-0.52670014;-0.42610833;-0.18763535;-0.35893482;0.3136947;-0.22010362;-0.08775446;-0.504333;-0.8262303;-0.2517209;-0.07658791;-0.5662189;-0.8901097;-0.40841395;-0.28539193;-0.9991253;-0.90793633;0.2993286;0.5181756;-0.16713187;0.5608396;-0.44420248;-0.20236252;-0.8326356;0.98565763;-0.98040164;-0.61923397;-0.8294118;-0.91475177;-0.9775026;-0.31077448;-0.7906935;0.20895085;-0.6479556;-0.3966405
-0.06695644;-0.0038799173;0.011569636;6.0283695e-05;-1.2446573e-05;-0.0028225912;-0.003157666;3.6895915e-07;-4.186193e-06;-0.026147926;0.1056901;0.23646283;-0.042209562;0.080831155;0.24496701;2.1284273e-05;0.0009402824;1.4831952e-05;-8.213388e-05;0.009088407;-5.7994985e-06;0.5435144;0.10764243;-0.09468141;0.9271382;-0.071537584;0.0361737;-0.071930856;-1.4407895e-05;0.5155788;0.015260598;-0.047631796;0.8931062;0.046094786;0.04547417;-0.06646874;0.0002418856;-3.937843e-06;8.451767e-06;-0.37005776;-0.03230843;0.07326462;0.286543;0.24570194;-0.28777277;0.13221495;0.00090517226;9.482435e-06;-0.63991636;0.07105228;0.12541454;0.4716739;-0.65902007;-0.13571936;0.432997;-0.9959239;-0.20439367;0.10920032;0.39349204;0.0049459264;-0.5077935;-0.3799155;-0.13504776;-0.30622908;0.28765842;-0.14753316;-0.036431845;-0.47248206;-0.7961717;-0.18709014;-0.04054563;-0.5411585;-0.8735097;-0.383756;-0.28096208;-0.9992132;-0.9175528;0.28364366;0.49145794;-0.189227;0.5897965;-0.48310754;-0.21139498;-0.8573615;0.98990417;-0.98338085;-0.6217871;-0.8491724;-0.9381542;-0.97892064;-0.30689904;-0.81346565;0.16083549;-0.6461767;-0.3850209
-0.067442425;-0.0025927073;0.010174078;6.440806e-05;-1.1078664e-05;-0.0023303484;-0.0030153063;2.7484748e-07;-4.8563816e-06;-0.009988542;0.09904236;0.19319777;-0.027253615;0.0793754;0.19404344;-1.64418e-05;0.0009211623;1.4997495e-05;-6.861363e-05;0.0036450608;-5.685557e-06;0.5437969;0.10539563;-0.09402382;0.9276002;-0.068042256;0.029943854;-0.07178857;-1.4834135e-05;0.5198798;0.019031065;-0.047877815;0.8949019;0.032853633;0.04777055;-0.072089724;0.00023551946;-4.2798856e-06;7.5582357e-06;-0.39815947;-0.010155563;0.08880845;0.25645578;0.24166778;-0.27337432;0.07206588;0.00088791584;9.850424e-06;-0.6433733;0.07890925;0.13418779;0.47385824;-0.6290933;-0.1581164;0.43292844;-0.9954073;-0.17216963;0.12906164;0.42398992;0.031469755;-0.48398003;-0.3382629;-0.08609343;-0.24612807;0.25940666;-0.088933446;0.002276469;-0.43378067;-0.769331;-0.12908265;-0.0023267658;-0.5140539;-0.8580435;-0.36435103;-0.27240705;-0.9992659;-0.9258977;0.2643202;0.46097597;-0.2318065;0.6155281;-0.529951;-0.22277807;-0.8703436;0.99269444;-0.9838178;-0.60270405;-0.85808504;-0.9537851;-0.9785465;-0.297934;-0.8242974;0.122745566;-0.6360407;-0.36582237
-0.06771235;-0.00095680787;0.008539408;6.744149e-05;-1.0522461e-05;-0.0018020214;-0.0028393874;1.7149137e-07;-5.0637755e-06;-0.0014220391;0.08937458;0.14140628;-0.019980097;0.07541522;0.13443778;-5.2848365e-05;0.00089567114;1.5912752e-05;-5.6411023e-05;-0.0006317346;-6.597191e-06;0.54314214;0.10273068;-0.09305494;0.92899704;-0.05918568;0.024242368;-0.06974948;-1.5690137e-05;0.5257125;0.023390949;-0.04848333;0.89577895;0.016984612;0.050520882;-0.07806854;0.0002262422;-4.826601e-06;7.2752155e-06;-0.43276832;0.021189775;0.10919159;0.23926306;0.21922481;-0.25321314;0.026148899;0.0008602231;1.0841584e-05;-0.64158267;0.08555129;0.1400803;0.4667566;-0.60034126;-0.17295459;0.43031746;-0.9948018;-0.13508026;0.14519513;0.45188886;0.053989887;-0.45858338;-0.30397782;-0.04479706;-0.18263608;0.22853978;-0.0436591;0.028999025;-0.39037064;-0.7495812;-0.07929805;0.034208015;-0.48840162;-0.845961;-0.35093632;-0.25876406;-0.999299;-0.9338457;0.2464124;0.43211153;-0.29283127;0.6410842;-0.58231825;-0.23261233;-0.8781363;0.9945239;-0.98281527;-0.5642028;-0.8617882;-0.96339345;-0.97716635;-0.2870672;-0.82849616;0.10178472;-0.62093055;-0.3414954
-0.06778055;0.0007390285;0.0070521226;6.865524e-05;-1.116225e-05;-0.0012391215;-0.0026305495;5.4744646e-08;-4.7815847e-06;0.0013350834;0.07891021;0.092457205;-0.018539287;0.07011183;0.07876181;-8.7261375e-05;0.0008656393;1.7920684e-05;-4.5607507e-05;-0.0039664;-8.547977e-06;0.5422029;0.10015854;-0.09253839;0.93100536;-0.046808667;0.020166442;-0.06584491;-1.7206054e-05;0.532084;0.027640345;-0.049152896;0.89639395;0.0007742902;0.053969994;-0.083616875;0.00021464651;-5.5862183e-06;7.861512e-06;-0.46965492;0.057791803;0.13139819;0.23893316;0.18314385;-0.23007274;-0.0049521592;0.0008240176;1.2616889e-05;-0.6370407;0.092217416;0.14289427;0.45320666;-0.5787162;-0.18023102;0.42596763;-0.9942019;-0.0956934;0.15672371;0.4764952;0.072341084;-0.43408263;-0.27822363;-0.014116033;-0.12391441;0.20169008;-0.0139041;0.044225372;-0.34779158;-0.7422698;-0.042500544;0.06263972;-0.4684885;-0.8403809;-0.3451495;-0.24393296;-0.9993272;-0.9409541;0.23185483;0.4071089;-0.3655536;0.6688816;-0.6360357;-0.24079826;-0.88480455;0.9958231;-0.9811109;-0.5121625;-0.86382353;-0.9692006;-0.97524744;-0.27753034;-0.82953835;0.098667495;-0.60203743;-0.31662807
-0.0677257;0.0022763067;0.0059161624;6.8903435e-05;-1.2603588e-05;-0.0006863122;-0.0024030313;-7.551091e-08;-4.1913954e-06;0.00017725304;0.068838194;0.054317992;-0.020899586;0.063951336;0.03530736;-0.00011767761;0.00083387917;2.0512205e-05;-3.6046382e-05;-0.0067638312;-1.0974167e-05;0.5414086;0.098395646;-0.093004435;0.9333163;-0.03304573;0.018612128;-0.06102951;-1.9056577e-05;0.5379871;0.031322256;-0.04967655;0.8967505;-0.014567934;0.058447234;-0.08799755;0.00020223795;-6.4033666e-06;9.020325e-06;-0.504695;0.09555015;0.15268378;0.25224835;0.14027496;-0.20679301;-0.024806153;0.00078400585;1.47674e-05;-0.6318449;0.09894425;0.1417853;0.43670157;-0.5659013;-0.1813371;0.4201079;-0.9936838;-0.06352414;0.16516909;0.4978796;0.08351244;-0.41332316;-0.2609563;0.0045597753;-0.08028081;0.18812186;-0.0045461855;0.047483075;-0.31301478;-0.7489269;-0.024957623;0.07671172;-0.45726106;-0.8422221;-0.3502409;-0.2344998;-0.99935627;-0.9462086;0.22013214;0.38593766;-0.44044295;0.6969202;-0.6857859;-0.2485237;-0.89169574;0.9967819;-0.97927105;-0.45633042;-0.8654111;-0.9726261;-0.97302395;-0.27139664;-0.8284888;0.110111535;-0.5804923;-0.29614094
-0.06763577;0.0035198154;0.0051347325;6.9881906e-05;-1.4116842e-05;-0.00018724735;-0.0021683567;-2.1264225e-07;-3.5616395e-06;-0.003445898;0.059952356;0.030472074;-0.025511319;0.05743424;0.007579755;-0.00014246049;0.0008013137;2.2847555e-05;-2.7367481e-05;-0.0092317;-1.321255e-05;0.5408531;0.09797105;-0.09452041;0.93573546;-0.019478047;0.019303354;-0.05670761;-2.0703723e-05;0.54256266;0.03427225;-0.049980283;0.8963264;-0.028336518;0.06386148;-0.09106101;0.00019002787;-7.070339e-06;1.0209304e-05;-0.5345076;0.13067348;0.17016205;0.2717757;0.096380986;-0.18520151;-0.036599483;0.0007433225;1.663639e-05;-0.62763715;0.1056514;0.13616428;0.4209472;-0.5606511;-0.17885782;0.41384292;-0.9932499;-0.046260323;0.17327893;0.51589894;0.08481702;-0.39859283;-0.25079915;0.012082279;-0.05800004;0.19273815;-0.017399881;0.03863633;-0.29089287;-0.7658525;-0.029550793;0.074039556;-0.45472184;-0.8494121;-0.3674552;-0.23474763;-0.99938005;-0.94887054;0.20966494;0.36808392;-0.5093067;0.72080094;-0.72767234;-0.2556805;-0.89834577;0.9974568;-0.9776542;-0.40558094;-0.8663451;-0.97439873;-0.9706564;-0.2685656;-0.8250996;0.13090251;-0.5581251;-0.28181896
-0.06754888;0.0043857535;0.004639273;7.250416e-05;-1.5280559e-05;0.000252539;-0.001928494;-3.4848324e-07;-3.0454103e-06;-0.008438352;0.053019725;0.021691158;-0.031245999;0.051283408;-0.003521152;-0.0001615351;0.0007662263;2.4484965e-05;-1.9045925e-05;-0.011359559;-1.4951831e-05;0.54045457;0.09892998;-0.09683003;0.9382105;-0.0069099357;0.020915573;-0.05384528;-2.1887841e-05;0.545154;0.03657301;-0.050036836;0.89470303;-0.040006123;0.06971898;-0.09328226;0.00017791372;-7.4861528e-06;1.1100987e-05;-0.55791074;0.1603321;0.1818318;0.2921275;0.055265367;-0.16630384;-0.042448603;0.000701542;1.7866056e-05;-0.62567234;0.11288293;0.12665528;0.40975022;-0.560536;-0.17529035;0.40857002;-0.99285775;-0.042999312;0.18345812;0.53031826;0.07697644;-0.39014682;-0.24548587;0.011721826;-0.056058902;0.21329178;-0.04963883;0.018225327;-0.28216514;-0.78816724;-0.055286173;0.05661177;-0.4582313;-0.8591953;-0.39527175;-0.24525948;-0.9993919;-0.9487109;0.19859748;0.35313234;-0.56803715;0.7374271;-0.760874;-0.26085132;-0.9040294;0.9978923;-0.97643405;-0.36403173;-0.86611885;-0.9749223;-0.96834004;-0.2671036;-0.81904465;0.15557456;-0.5365849;-0.27198917
-0.06745652;0.004815523;0.0044056624;7.629953e-05;-1.6163569e-05;0.00065854756;-0.0016807148;-4.7839467e-07;-2.6340422e-06;-0.013822632;0.048742726;0.028794097;-0.037134297;0.04614173;0.0030258873;-0.00017601243;0.0007261167;2.5557732e-05;-1.0546355e-05;-0.013074143;-1.6222904e-05;0.5401748;0.10100885;-0.099666856;0.94077617;0.004142452;0.022069303;-0.052661955;-2.2736393e-05;0.54537296;0.038364727;-0.04978409;0.89184445;-0.04918929;0.07549459;-0.09525108;0.00016523778;-7.687449e-06;1.172637e-05;-0.5754141;0.18288124;0.18678801;0.31160823;0.019425867;-0.15036249;-0.04353788;0.00065655133;1.8550403e-05;-0.6272204;0.121521786;0.11450744;0.40676433;-0.5630414;-0.171853;0.40508476;-0.99247676;-0.047961324;0.19674581;0.54124284;0.06305693;-0.3868024;-0.24297771;0.0075185588;-0.069122426;0.24419247;-0.09559446;-0.011622389;-0.2846696;-0.8124894;-0.09871265;0.028931001;-0.46449605;-0.86956406;-0.4309271;-0.26468047;-0.99939126;-0.9458402;0.18583512;0.34090516;-0.61596423;0.74579984;-0.78648466;-0.26263848;-0.9084204;0.9981437;-0.97567564;-0.33219814;-0.8645655;-0.97442955;-0.96626335;-0.26486906;-0.810511;0.18024431;-0.5171125;-0.26424685
-0.067352526;0.004794482;0.004437959;7.9884485e-05;-1.7084501e-05;0.001053504;-0.0014271989;-5.991034e-07;-2.2258464e-06;-0.018739816;0.0474427;0.051916398;-0.042341217;0.04233155;0.027395044;-0.00018723204;0.00068027794;2.650122e-05;-1.559667e-06;-0.0143985255;-1.7153034e-05;0.54011184;0.10390353;-0.102857135;0.94343585;0.013410988;0.022053553;-0.052928932;-2.356431e-05;0.5432475;0.03973859;-0.049169783;0.8880056;-0.05594155;0.080850445;-0.09730417;0.00015172834;-7.788192e-06;1.23115315e-05;-0.5883029;0.1977658;0.18483634;0.3308828;-0.009529025;-0.13740663;-0.04018578;0.0006076923;1.9040483e-05;-0.6334285;0.13211662;0.10107495;0.41501287;-0.5661708;-0.1685864;0.40327013;-0.99211144;-0.056349114;0.21297957;0.549383;0.046331245;-0.3870491;-0.24194232;0.0027447345;-0.09144682;0.28058627;-0.14874354;-0.047260884;-0.2952667;-0.8367399;-0.15475321;-0.0041893907;-0.47103164;-0.87933725;-0.471364;-0.29129338;-0.9993822;-0.94058424;0.17162015;0.3313398;-0.6540289;0.746356;-0.8058416;-0.26021698;-0.91157144;0.9982604;-0.9753555;-0.30945504;-0.8619265;-0.97304493;-0.964514;-0.2607655;-0.80027103;0.20336308;-0.50035983;-0.25730228
-0.067270115;0.004387302;0.0046963054;8.196698e-05;-1.8240156e-05;0.0014312819;-0.0011812381;-7.04457e-07;-1.7354178e-06;-0.02249457;0.048829276;0.08784362;-0.04621004;0.039892294;0.0660273;-0.00019597117;0.00063116715;2.7648668e-05;7.780363e-06;-0.015470737;-1.7782586e-05;0.5403903;0.10732224;-0.106210835;0.9460714;0.021107199;0.020929761;-0.05432626;-2.4590132e-05;0.5392877;0.040728156;-0.04823779;0.883596;-0.06084538;0.08555028;-0.09945326;0.00013803603;-7.892631e-06;1.3012905e-05;-0.59814626;0.20547608;0.17652018;0.35143688;-0.030861624;-0.12792045;-0.032529946;0.0005574985;1.9634375e-05;-0.6445372;0.14434272;0.087759085;0.43569013;-0.5686175;-0.16530308;0.40225422;-0.99178547;-0.06621697;0.23139262;0.55593014;0.029311424;-0.38931376;-0.24150807;-0.0005179866;-0.11843072;0.31928566;-0.20303242;-0.08445698;-0.31065708;-0.85932696;-0.2170476;-0.03891219;-0.47645938;-0.88798106;-0.51329136;-0.32309297;-0.9993693;-0.9335249;0.15740956;0.32429647;-0.68354195;0.7404849;-0.81978285;-0.25338277;-0.9137414;0.9982792;-0.9753496;-0.2949806;-0.85866565;-0.9708515;-0.96303874;-0.255155;-0.7894788;0.22493209;-0.48611343;-0.25123563
-0.06726243;0.0037333616;0.005094947;8.2089566e-05;-1.9567437e-05;0.0017661282;-0.00096149056;-7.873938e-07;-1.1535449e-06;-0.024608422;0.05215763;0.13022836;-0.04831114;0.038721286;0.11189016;-0.00020250963;0.00058332196;2.9041665e-05;1.6980535e-05;-0.016430642;-1.8079787e-05;0.5409796;0.11091707;-0.10947092;0.94848275;0.02778876;0.019282168;-0.05653424;-2.5812871e-05;0.5342953;0.04136677;-0.04712933;0.87905395;-0.06459933;0.08933357;-0.10148428;0.0001253928;-8.043367e-06;1.3810815e-05;-0.60633135;0.20737162;0.16322225;0.3742662;-0.044492543;-0.1228186;-0.021164121;0.0005104645;2.041302e-05;-0.6593461;0.15697119;0.07580635;0.4667061;-0.5697519;-0.1620707;0.4010656;-0.99151987;-0.0773445;0.25086755;0.5620517;0.013427988;-0.3922281;-0.24121028;-0.0014809879;-0.14684935;0.3578722;-0.25400272;-0.119369335;-0.32785127;-0.8789913;-0.27913788;-0.07265008;-0.48025987;-0.89538497;-0.5535298;-0.3575557;-0.99935603;-0.9255004;0.14515838;0.31957924;-0.70572424;0.73020214;-0.8288323;-0.24271423;-0.9152607;0.9982273;-0.9754822;-0.2875468;-0.8553237;-0.9679469;-0.96171767;-0.24928237;-0.7793696;0.24516726;-0.47356158;-0.24674663
-0.06735599;0.0029969185;0.0055532176;8.064683e-05;-2.0869309e-05;0.0020390335;-0.0007808821;-8.4519485e-07;-5.2974065e-07;-0.02496375;0.056616366;0.1725889;-0.04857778;0.038675826;0.15776967;-0.00020722285;0.0005409856;3.051944e-05;2.5510188e-05;-0.017335555;-1.8054117e-05;0.54164773;0.11431014;-0.1123863;0.95049125;0.033960782;0.017821454;-0.059222326;-2.7087008e-05;0.5290309;0.04175668;-0.046009414;0.8747181;-0.06764562;0.0919569;-0.103138246;0.00011483457;-8.227784e-06;1.4588237e-05;-0.6137069;0.2052097;0.14686234;0.39911956;-0.050781067;-0.122731514;-0.007110334;0.00047037585;2.1286862e-05;-0.67561406;0.16842349;0.06606486;0.5029674;-0.56949806;-0.15905413;0.3992887;-0.99132293;-0.08958223;0.27004984;0.56839144;-0.0010038721;-0.39506558;-0.24114825;-0.0005903317;-0.17474061;0.39408076;-0.29937074;-0.1494244;-0.34465683;-0.89511174;-0.33622444;-0.10386365;-0.48243552;-0.9016304;-0.58974034;-0.39201805;-0.9993424;-0.91739273;0.13637796;0.31700233;-0.721653;0.7176144;-0.8336071;-0.22960743;-0.91641164;0.99812555;-0.9756031;-0.28535384;-0.85238546;-0.96445715;-0.96045166;-0.24420995;-0.7709408;0.26392865;-0.46181786;-0.24402492
-0.06753453;0.0023098488;0.006022131;7.837021e-05;-2.1979824e-05;0.0022486392;-0.00064224825;-8.8062166e-07;7.724884e-08;-0.023857558;0.06157986;0.21062927;-0.0473551;0.039594237;0.19885086;-0.00021080385;0.0005066502;3.1898177e-05;3.3036355e-05;-0.018182062;-1.7798644e-05;0.5421193;0.11722224;-0.114798084;0.9520075;0.039824314;0.017026076;-0.062106874;-2.8258699e-05;0.5240127;0.04204896;-0.045008656;0.8708071;-0.0701321;0.09331861;-0.10425736;0.000106791245;-8.415642e-06;1.5242753e-05;-0.6205873;0.20062469;0.12937428;0.42475805;-0.050523043;-0.12749672;0.008542858;0.0004389225;2.2130494e-05;-0.69114524;0.17746697;0.058843084;0.53883696;-0.5681223;-0.15633349;0.39716005;-0.9911935;-0.102252014;0.2875994;0.57495296;-0.0143795265;-0.39786866;-0.2417888;0.0009947042;-0.20106721;0.42603138;-0.338614;-0.17369203;-0.35983488;-0.90776724;-0.38590008;-0.13179256;-0.4832624;-0.9068482;-0.62073594;-0.42433167;-0.999328;-0.9098798;0.13164169;0.3163218;-0.7323404;0.70436287;-0.8349332;-0.21590053;-0.91735256;0.99798906;-0.9756239;-0.28648397;-0.85014796;-0.96050346;-0.9591775;-0.24026838;-0.76473165;0.28099155;-0.45026433;-0.24234822
-0.06775658;0.0017407287;0.006475172;7.586973e-05;-2.2822263e-05;0.0024051175;-0.0005410185;-8.9903006e-07;6.277696e-07;-0.021846388;0.066636205;0.24254388;-0.04523669;0.041271687;0.23309048;-0.00021401524;0.0004809669;3.3067452e-05;3.9461276e-05;-0.018949483;-1.7443788e-05;0.5422483;0.11955662;-0.11666544;0.9530352;0.04526546;0.016996728;-0.065021686;-2.923618e-05;0.5195151;0.04236041;-0.044212963;0.86748433;-0.0720031;0.093491636;-0.104827724;0.00010116231;-8.585084e-06;1.5727011e-05;-0.62696487;0.19485256;0.11228647;0.44969863;-0.044929113;-0.13622284;0.024887985;0.00041595663;2.2863882e-05;-0.7046033;0.18357696;0.053886045;0.57047784;-0.5660255;-0.15385902;0.39516675;-0.99112517;-0.114541814;0.30248967;0.58132875;-0.027202234;-0.4012271;-0.24349847;0.0021330381;-0.22528523;0.4525721;-0.37208748;-0.19251248;-0.37287065;-0.9174342;-0.42759734;-0.1562118;-0.4830851;-0.9111433;-0.64620376;-0.4531911;-0.99931204;-0.9033421;0.13067527;0.31717676;-0.73878306;0.6913678;-0.8337042;-0.20325652;-0.9181194;0.9978258;-0.9755091;-0.28941834;-0.8486642;-0.9561728;-0.95784134;-0.23714957;-0.7607852;0.296338;-0.43865335;-0.24053785
-0.067978755;0.0012993406;0.0068931365;7.347448e-05;-2.338941e-05;0.0025206164;-0.0004696451;-9.0538265e-07;1.1034062e-06;-0.019529395;0.07152979;0.26822874;-0.042839628;0.043461654;0.26036528;-0.00021738006;0.0004633334;3.399409e-05;4.4835106e-05;-0.01961218;-1.7099643e-05;0.5420609;0.121380255;-0.1180405;0.95363843;0.04999129;0.017549913;-0.067925416;-2.9991657e-05;0.5156691;0.042726617;-0.04367297;0.8648909;-0.07309553;0.09266028;-0.104938984;9.757025e-05;-8.727286e-06;1.6037287e-05;-0.6326881;0.18872209;0.096511856;0.47270072;-0.035447072;-0.14764482;0.041306823;0.0004003515;2.3460307e-05;-0.7155804;0.18686263;0.050570697;0.5963863;-0.56359285;-0.15141287;0.39360225;-0.9911069;-0.12603363;0.31418622;0.58702904;-0.039737195;-0.40594923;-0.24630164;0.0021284411;-0.24705492;0.47328553;-0.40037996;-0.20679398;-0.38365096;-0.92465717;-0.46169004;-0.17718959;-0.48216906;-0.91455585;-0.6663107;-0.4780515;-0.9992933;-0.8978798;0.13271177;0.31916383;-0.74191695;0.67890716;-0.83069503;-0.19270372;-0.91866326;0.9976364;-0.97525054;-0.29318258;-0.8477835;-0.9515178;-0.95638216;-0.23422709;-0.75877696;0.31012374;-0.42705423;-0.23755334
-0.06816875;0.0009615384;0.0072598225;7.12754e-05;-2.3711065e-05;0.0026036974;-0.0004208799;-9.029503e-07;1.5012338e-06;-0.017402621;0.07611445;0.28842252;-0.040656805;0.04591492;0.281523;-0.00022106156;0.00045259084;3.4692406e-05;4.924564e-05;-0.020139888;-1.6831043e-05;0.54169726;0.122849554;-0.119027436;0.9539026;0.05370108;0.018421218;-0.07084472;-3.0536336e-05;0.5125515;0.0431154;-0.043408025;0.86310565;-0.07325769;0.09105316;-0.104716495;9.558132e-05;-8.841518e-06;1.6193095e-05;-0.63756;0.18275207;0.082338616;0.49291345;-0.023541704;-0.16050115;0.057553794;0.0003907412;2.3926288e-05;-0.72424275;0.18778028;0.04821619;0.6166643;-0.56112653;-0.14857931;0.3924027;-0.9911245;-0.13690783;0.32265952;0.5917121;-0.052059054;-0.41273713;-0.2500162;0.0006922855;-0.26618436;0.48833424;-0.4240772;-0.21749656;-0.39225334;-0.92988414;-0.48888564;-0.19489211;-0.48067424;-0.917063;-0.681476;-0.49888495;-0.99927074;-0.8933727;0.13683458;0.32195297;-0.74252796;0.6668648;-0.82644916;-0.1845384;-0.91889036;0.9974171;-0.9748511;-0.29726216;-0.84725994;-0.9465784;-0.95473814;-0.23085509;-0.75823694;0.3225295;-0.4157564;-0.23278588
-0.06830831;0.000693821;0.007564931;6.923347e-05;-2.3830362e-05;0.002658279;-0.00038937156;-8.9338545e-07;1.8267456e-06;-0.015798472;0.08032355;0.30414662;-0.03900275;0.048420604;0.29774976;-0.00022494035;0.00044756246;3.519634e-05;5.2754345e-05;-0.020506226;-1.6660306e-05;0.5413342;0.12413605;-0.11974672;0.95390356;0.05620279;0.019418392;-0.073804095;-3.0897485e-05;0.5102184;0.043464087;-0.043407008;0.86209506;-0.07245288;0.08890567;-0.10427251;9.4837815e-05;-8.929921e-06;1.6222242e-05;-0.64139247;0.17723173;0.06957557;0.5098812;-0.01051028;-0.17380138;0.07377848;0.0003859655;2.4280453e-05;-0.7309842;0.18687733;0.046289474;0.63213664;-0.5588353;-0.14479299;0.391267;-0.9911621;-0.14785165;0.328268;0.59524506;-0.06424705;-0.42195648;-0.25450176;-0.0022876817;-0.28269243;0.49829847;-0.4437608;-0.22543761;-0.3988527;-0.9334331;-0.5099684;-0.20949002;-0.47870123;-0.91860247;-0.69225794;-0.5159518;-0.99924415;-0.8895691;0.14220247;0.32532522;-0.74120843;0.6549865;-0.8212598;-0.178509;-0.9187038;0.9971634;-0.9743207;-0.30148628;-0.8468699;-0.9414102;-0.95286745;-0.22657244;-0.7587496;0.33367229;-0.4051905;-0.22607435
-0.06839123;0.00046768776;0.0078062117;6.7263725e-05;-2.3792934e-05;0.0026851161;-0.0003718874;-8.773611e-07;2.0896186e-06;-0.014886816;0.08414613;0.31642509;-0.03802295;0.0508278;0.3102378;-0.00022877398;0.0004473186;3.5544246e-05;5.5392164e-05;-0.020701585;-1.658062e-05;0.5411346;0.12537678;-0.12031064;0.9536975;0.057450566;0.020466873;-0.07678941;-3.1106538e-05;0.5087014;0.04371334;-0.043636374;0.86171305;-0.07079363;0.086437434;-0.10369112;9.510269e-05;-8.995259e-06;1.615462e-05;-0.6440463;0.17226009;0.057764065;0.5234922;0.0026475799;-0.18692233;0.09041273;0.0003852271;2.4543755e-05;-0.7362337;0.18464991;0.04444385;0.643784;-0.5568438;-0.13946427;0.3898818;-0.991207;-0.15982728;0.33157685;0.5976463;-0.076482125;-0.4335828;-0.25976327;-0.0068858066;-0.29683125;0.50401646;-0.46005848;-0.23128487;-0.40367004;-0.93551266;-0.52572775;-0.22116183;-0.4763351;-0.91909856;-0.69927;-0.52964073;-0.99921304;-0.88618076;0.14815561;0.32913688;-0.73838353;0.6430586;-0.8152303;-0.1740907;-0.91803783;0.9968729;-0.97367835;-0.30593652;-0.8464909;-0.93610674;-0.9507623;-0.221186;-0.76005775;0.34359688;-0.39587474;-0.21758616
-0.06841979;0.00026432553;0.007988362;6.5271975e-05;-2.3646018e-05;0.0026837927;-0.0003667397;-8.552131e-07;2.3018147e-06;-0.014713375;0.08760718;0.3261598;-0.03773934;0.05304818;0.32003304;-0.00023232253;0.00045119424;3.5777863e-05;5.71825e-05;-0.020740043;-1.6569189e-05;0.5412257;0.12665462;-0.12081068;0.9533245;0.057533387;0.021586386;-0.079748474;-3.1197895e-05;0.5079986;0.043827083;-0.044053614;0.86174744;-0.06850731;0.083835505;-0.10303467;9.624012e-05;-9.04168e-06;1.6021557e-05;-0.6454514;0.1677754;0.04636574;0.5338944;0.015285545;-0.19956438;0.10796724;0.00038803832;2.4739973e-05;-0.7403793;0.18149093;0.042465426;0.6524875;-0.5551989;-0.13212268;0.3880871;-0.9912513;-0.17381495;0.33319533;0.599;-0.08899798;-0.44729757;-0.2658905;-0.013142914;-0.30902526;0.5064329;-0.47366026;-0.23559801;-0.4069342;-0.9362516;-0.5369432;-0.23013124;-0.47366264;-0.9184755;-0.7031138;-0.5403762;-0.999178;-0.8829579;0.15423276;0.3332739;-0.7343688;0.6309894;-0.80836624;-0.17070682;-0.9168748;0.99654794;-0.9729535;-0.31084803;-0.84611756;-0.930806;-0.94845307;-0.21473953;-0.7620642;0.35232115;-0.3883535;-0.20767066
-0.068401396;7.3816045e-05;0.00811991;6.3163345e-05;-2.34404e-05;0.0026541774;-0.00037299408;-8.2732896e-07;2.4771507e-06;-0.0152499415;0.09075205;0.3340772;-0.038103983;0.05504816;0.3279706;-0.0002353985;0.00045867177;3.5944773e-05;5.8159123e-05;-0.020655531;-1.6597085e-05;0.5416963;0.12799923;-0.121313445;0.9528178;0.056647167;0.02284747;-0.082609735;-3.1211108e-05;0.5080729;0.043800004;-0.044619367;0.86197245;-0.06587929;0.0812454;-0.102355495;9.816693e-05;-9.075717e-06;1.585712e-05;-0.6456099;0.16359815;0.034884583;0.54140574;0.027088828;-0.21165207;0.12683593;0.00039407113;2.4898676e-05;-0.74374557;0.17768879;0.040210374;0.6589628;-0.55387527;-0.1225124;0.3859247;-0.9912937;-0.1906066;0.3336718;0.5993985;-0.101971805;-0.46262246;-0.2729433;-0.021022081;-0.3197657;0.5064786;-0.485295;-0.2388677;-0.40884784;-0.93571794;-0.54436964;-0.23669492;-0.47077367;-0.9166649;-0.7043377;-0.54857606;-0.99913967;-0.87972647;0.16013597;0.33762878;-0.72942406;0.61881393;-0.80065423;-0.16785246;-0.91523975;0.99619436;-0.9721837;-0.31649414;-0.8458285;-0.92567664;-0.94600046;-0.20742437;-0.7647696;0.35988593;-0.383121;-0.19673854
-0.06834573;-0.00010734494;0.008210016;6.0845283e-05;-2.3229397e-05;0.0025971523;-0.0003898676;-7.9427883e-07;2.6304624e-06;-0.01643825;0.09363432;0.34070665;-0.039043624;0.056836676;0.3346551;-0.00023785824;0.0004692469;3.609847e-05;5.836702e-05;-0.020492395;-1.6635655e-05;0.5425972;0.12939772;-0.12186072;0.9522124;0.05506435;0.024330525;-0.08530029;-3.1190037e-05;0.50885636;0.043655686;-0.04530378;0.86218905;-0.06320398;0.078769684;-0.10170523;0.000100805046;-9.106727e-06;1.569686e-05;-0.64459026;0.15948716;0.022934971;0.54644257;0.03800257;-0.22323172;0.14717376;0.00040300665;2.5054644e-05;-0.74659026;0.17345473;0.037571356;0.6637788;-0.55278075;-0.110628635;0.38359657;-0.9913373;-0.2106549;0.3334519;0.5989197;-0.11542604;-0.47901663;-0.2808628;-0.030372808;-0.32950515;0.5049758;-0.49566996;-0.24153818;-0.40956318;-0.9339317;-0.5487091;-0.24121246;-0.46775135;-0.91360444;-0.7034182;-0.5546295;-0.99909997;-0.8763938;0.1656801;0.34210002;-0.72378093;0.6066616;-0.7921058;-0.1651318;-0.9131799;0.9958216;-0.97140545;-0.3230687;-0.84572804;-0.92089176;-0.9434782;-0.19948103;-0.76819247;0.3663868;-0.38052633;-0.18517642
-0.06826265;-0.000278736;0.008266367;5.8236183e-05;-2.3063854e-05;0.0025148059;-0.00041640757;-7.567932e-07;2.7761707e-06;-0.018217599;0.09630604;0.34637874;-0.040486638;0.058451027;0.34046382;-0.00023957298;0.00048233834;3.6293786e-05;5.785181e-05;-0.020295832;-1.6661143e-05;0.5439401;0.1308059;-0.12247087;0.951547;0.0531;0.026093515;-0.087757386;-3.1179618e-05;0.51025605;0.043440312;-0.046087287;0.86224854;-0.06075411;0.076471105;-0.10114011;0.00010404899;-9.145515e-06;1.557442e-05;-0.6425235;0.15519989;0.010280142;0.5494727;0.04814434;-0.23439233;0.16884801;0.00041443252;2.5244284e-05;-0.74910355;0.16896157;0.034475345;0.6674048;-0.55176413;-0.09670751;0.38138205;-0.99138755;-0.23396568;0.3328729;0.5976273;-0.12916595;-0.49592185;-0.28942937;-0.0409092;-0.33856848;0.50255144;-0.50539577;-0.24400327;-0.40916333;-0.9308712;-0.55057204;-0.24406588;-0.46465293;-0.9092406;-0.7007495;-0.5588781;-0.9990603;-0.8729322;0.170748;0.34659535;-0.71764994;0.59471196;-0.78277117;-0.1622525;-0.9107432;0.9954397;-0.9706443;-0.33059454;-0.84589285;-0.91659886;-0.9409524;-0.1911222;-0.7723027;0.37196836;-0.3806895;-0.17329046
-0.06816074;-0.00043789032;0.008294374;5.527737e-05;-2.2986496e-05;0.0024103345;-0.00045142652;-7.1569787e-07;2.926623e-06;-0.020538207;0.09880984;0.35124516;-0.042374615;0.05994343;0.34557348;-0.00024040163;0.0004972554;3.6580546e-05;5.6648307e-05;-0.020104505;-1.6658312e-05;0.5456985;0.13215847;-0.123141;0.95086217;0.05107717;0.028152496;-0.08993138;-3.1221294e-05;0.5121594;0.043214995;-0.046957348;0.8620687;-0.05876619;0.07438028;-0.10072141;0.000107752516;-9.202973e-06;1.5517551e-05;-0.639603;0.1505496;-0.003141647;0.5509858;0.057720747;-0.2452124;0.19144873;0.00042779837;2.5500893e-05;-0.7514122;0.16438086;0.030897709;0.6702545;-0.5506277;-0.08118497;0.37955812;-0.99145;-0.26003253;0.33217573;0.5955813;-0.14276464;-0.51277876;-0.29826114;-0.052202333;-0.34708977;0.49956673;-0.5149115;-0.24658047;-0.40764934;-0.92648226;-0.55044115;-0.2456031;-0.46148804;-0.90353465;-0.69663876;-0.56159407;-0.99902195;-0.86935633;0.17526188;0.35103795;-0.7112177;0.58316404;-0.77274215;-0.15901105;-0.9079629;0.99505883;-0.9699063;-0.33887675;-0.84633714;-0.9129009;-0.93846583;-0.1824935;-0.7769941;0.37679398;-0.38345096;-0.16127719
-0.068046845;-0.0005817088;0.008297818;5.1945914e-05;-2.3027154e-05;0.002287826;-0.00049356616;-6.7187614e-07;3.0908996e-06;-0.02336249;0.10117406;0.355322;-0.044663895;0.0613673;0.35000584;-0.00024018655;0.0005132179;3.6997837e-05;5.4775664e-05;-0.019946305;-1.6622631e-05;0.5478089;0.13337892;-0.1238514;0.9501976;0.049293943;0.03047755;-0.091786526;-3.1348274e-05;0.5144398;0.04304771;-0.04790354;0.8616393;-0.05743311;0.07250697;-0.10051059;0.00011173175;-9.288124e-06;1.5544327e-05;-0.6360856;0.14545092;-0.017200582;0.55146676;0.066960886;-0.2557278;0.21434836;0.00044242578;2.584909e-05;-0.7535902;0.15990831;0.026873175;0.6727137;-0.54914886;-0.064633034;0.37834194;-0.9915282;-0.2878436;0.33151335;0.5928478;-0.15559778;-0.52904534;-0.306844;-0.06369517;-0.35499415;0.49607554;-0.52443993;-0.24947163;-0.40494046;-0.9206886;-0.54864925;-0.24609311;-0.45820615;-0.89647526;-0.6913092;-0.56296706;-0.998987;-0.86569595;0.17917246;0.3553709;-0.70464474;0.5722146;-0.76215315;-0.15529074;-0.9048536;0.9946854;-0.96917665;-0.34752604;-0.8470083;-0.90984917;-0.93603003;-0.17367458;-0.7820912;0.38101402;-0.38838762;-0.1492322
-0.06792641;-0.0007077652;0.008280472;4.826684e-05;-2.3199304e-05;0.0021519456;-0.0005414265;-6.262852e-07;3.2735115e-06;-0.026661048;0.10341149;0.3585623;-0.047320988;0.06276517;0.35370806;-0.0002387691;0.0005294224;3.7568505e-05;5.2241223e-05;-0.019836847;-1.6560523e-05;0.5501775;0.13439235;-0.12457314;0.9495892;0.047991037;0.03300532;-0.09330161;-3.158154e-05;0.5169627;0.043004192;-0.048912633;0.8610169;-0.05689759;0.07085485;-0.10055875;0.00011578322;-9.406584e-06;1.5661499e-05;-0.63227373;0.13994536;-0.031581115;0.55135345;0.07607151;-0.26590762;0.23680222;0.0004575681;2.630119e-05;-0.75567424;0.15576716;0.022486184;0.6751441;-0.54711837;-0.04768176;0.3778729;-0.9916233;-0.31601158;0.33094987;0.58950126;-0.1669313;-0.5442428;-0.31458765;-0.07475149;-0.3620363;0.49183276;-0.5339922;-0.2527271;-0.40089607;-0.9134034;-0.5453772;-0.24570818;-0.45470017;-0.8880895;-0.6849168;-0.56311333;-0.9989557;-0.8619722;0.1824621;0.3595652;-0.6980581;0.5620379;-0.7511823;-0.1510767;-0.90141654;0.994324;-0.9684239;-0.35604292;-0.8478065;-0.9074467;-0.93363327;-0.1647065;-0.78738123;0.3847421;-0.39490268;-0.13719255
-0.06780424;-0.0008154367;0.00824798;4.4320244e-05;-2.3499364e-05;0.0020075568;-0.00059370464;-5.800032e-07;3.4736804e-06;-0.030407216;0.105523735;0.36094734;-0.05031689;0.06416029;0.3566486;-0.00023602477;0.0005451406;3.8295344e-05;4.9050017e-05;-0.019779442;-1.6487495e-05;0.552691;0.13514085;-0.12527815;0.9490669;0.04732555;0.035661556;-0.09447426;-3.1927004e-05;0.5195932;0.043138705;-0.049965337;0.8603075;-0.057245947;0.06943537;-0.100894414;0.000119711454;-9.559124e-06;1.586396e-05;-0.6284805;0.1342014;-0.045822777;0.55098456;0.08521911;-0.275635;0.25807512;0.00047250662;2.6854163e-05;-0.757684;0.15219016;0.017843077;0.67786723;-0.54438895;-0.030935384;0.3782286;-0.9917335;-0.34300947;0.33045277;0.585615;-0.17605041;-0.5580243;-0.3208942;-0.08473947;-0.36788782;0.48634955;-0.54341775;-0.25622916;-0.3953546;-0.9045306;-0.54066956;-0.24453317;-0.45082265;-0.87843645;-0.6775727;-0.5621033;-0.9989292;-0.85817605;0.18515265;0.36362508;-0.69154096;0.55275834;-0.7400443;-0.14647144;-0.8976476;0.9939768;-0.96760994;-0.3639402;-0.8486182;-0.905658;-0.931255;-0.15562013;-0.7926534;0.3880514;-0.4023715;-0.12519845
-0.067685515;-0.0009067465;0.00820907;4.0240237e-05;-2.3907167e-05;0.0018593115;-0.0006493224;-5.3426015e-07;3.6849888e-06;-0.034574203;0.10750916;0.36256087;-0.053624805;0.065553926;0.35890096;-0.00023189778;0.0005598127;3.9158913e-05;4.521388e-05;-0.019765304;-1.6424383e-05;0.55522805;0.13559692;-0.12594745;0.94865435;0.047354802;0.038384143;-0.09532399;-3.2373486e-05;0.5222044;0.043486666;-0.05103593;0.8596396;-0.0585046;0.068275236;-0.10151576;0.00012335682;-9.74079e-06;1.6135338e-05;-0.62498015;0.12848829;-0.05939585;0.5505526;0.09452552;-0.28469342;0.27755418;0.00048664905;2.7488277e-05;-0.7596378;0.14938925;0.013040961;0.6811368;-0.5409194;-0.014899843;0.3794612;-0.9918544;-0.3674302;0.32988906;0.5812418;-0.18237719;-0.5702284;-0.32521975;-0.09312435;-0.37223092;0.47897056;-0.5524796;-0.2597081;-0.38817134;-0.8939498;-0.53445584;-0.24258895;-0.4464051;-0.86757743;-0.6693597;-0.5599981;-0.998907;-0.8542494;0.18730797;0.36758894;-0.68511504;0.54442203;-0.7289693;-0.14170311;-0.8935439;0.9936438;-0.9666988;-0.37084833;-0.84934694;-0.9044202;-0.92888635;-0.14645053;-0.79773355;0.39097613;-0.41029087;-0.113342665
-0.06757627;-0.0009865686;0.008174919;3.6212383e-05;-2.4388748e-05;0.0017114022;-0.0007074532;-4.904234e-07;3.8953294e-06;-0.03913579;0.109369196;0.36361143;-0.05722106;0.066928275;0.36067313;-0.00022642224;0.00057309045;4.011771e-05;4.0758026e-05;-0.01977378;-1.6392267e-05;0.55766976;0.13576886;-0.12657389;0.94836664;0.04803762;0.041135296;-0.095891275;-3.2893542e-05;0.52468556;0.04406146;-0.052094813;0.85913426;-0.060643088;0.06741554;-0.10239269;0.00012660978;-9.94093e-06;1.6450067e-05;-0.6219678;0.123127654;-0.071792506;0.5500963;0.10405138;-0.29276198;0.29481453;0.0004995834;2.8168142e-05;-0.76155573;0.14752913;0.008154579;0.6851139;-0.5367871;5.486235e-05;0.381636;-0.9919803;-0.38814467;0.32903364;0.5763923;-0.18552041;-0.5808887;-0.32709762;-0.099540696;-0.37480405;0.46893734;-0.5609214;-0.2627978;-0.37923083;-0.8814843;-0.5265782;-0.23985282;-0.4412629;-0.85552853;-0.6603344;-0.5568805;-0.9988886;-0.8500815;0.18902166;0.3715193;-0.67873365;0.5369837;-0.7181839;-0.13712506;-0.88910776;0.99332577;-0.9656639;-0.37656155;-0.8499328;-0.9036558;-0.9265451;-0.13724114;-0.802504;0.3935093;-0.4183775;-0.101793304
-0.06748289;-0.0010615927;0.008155694;3.2464508e-05;-2.4898094e-05;0.0015675685;-0.00076735875;-4.499518e-07;4.086949e-06;-0.044065375;0.11110172;0.36437595;-0.06108594;0.06824585;0.3622537;-0.00021971951;0.0005847844;4.1110587e-05;3.5729172e-05;-0.019772194;-1.6404287e-05;0.55990887;0.13569593;-0.12715706;0.9482059;0.049252465;0.043897733;-0.09623073;-3.3444885e-05;0.5269482;0.044857092;-0.053114418;0.8588772;-0.06357923;0.066899665;-0.10347856;0.0001294038;-1.014358e-05;1.677507e-05;-0.61954236;0.118433684;-0.082607985;0.5495442;0.11372946;-0.2994317;0.30961445;0.00051105017;2.8844574e-05;-0.7634439;0.1467036;0.0032454722;0.6898509;-0.5321423;0.013674534;0.3848493;-0.9921032;-0.4042998;0.3275959;0.57102954;-0.18523572;-0.59017617;-0.32611352;-0.10382096;-0.37537384;0.4554316;-0.5684986;-0.26511878;-0.3684304;-0.8668616;-0.5168443;-0.2362783;-0.43519467;-0.84222114;-0.65052915;-0.552868;-0.9988732;-0.84552413;0.19039178;0.3754791;-0.67230165;0.5303427;-0.70792305;-0.13321891;-0.8843497;0.9930235;-0.9644906;-0.38101184;-0.85035485;-0.90329105;-0.9242849;-0.12806572;-0.80690503;0.3955754;-0.4265855;-0.09080989
-0.06741079;-0.001137615;0.008154177;2.9263203e-05;-2.5378598e-05;0.0014314307;-0.0008279424;-4.1437033e-07;4.2360116e-06;-0.04932228;0.11267265;0.36507228;-0.06519562;0.06943657;0.3638728;-0.00021197757;0.000594716;4.2057596e-05;3.0215142e-05;-0.019719388;-1.6453836e-05;0.56185806;0.13543528;-0.12769087;0.9481563;0.05083166;0.046657845;-0.096403055;-3.3972043e-05;0.52893037;0.045854438;-0.054077517;0.8588932;-0.06717716;0.06675191;-0.10472587;0.00013168826;-1.0328287e-05;1.7070735e-05;-0.61771625;0.11464954;-0.09158768;0.54879737;0.12322123;-0.30424574;0.32184634;0.0005208369;2.9456423e-05;-0.7652597;0.1469091;-0.001616644;0.6952796;-0.52708936;0.02572637;0.38920832;-0.99221355;-0.4151923;0.32526326;0.56509674;-0.1813375;-0.59829664;-0.32184982;-0.10599114;-0.37366438;0.43764997;-0.57497543;-0.26637113;-0.35567224;-0.84970385;-0.50514746;-0.23183267;-0.42800146;-0.8275085;-0.6399815;-0.5481206;-0.99885875;-0.84044445;0.19149342;0.37949395;-0.6657303;0.5244425;-0.6984925;-0.13060305;-0.87929785;0.99273866;-0.96317935;-0.38419813;-0.85061353;-0.9032717;-0.9221915;-0.11909945;-0.81091195;0.39698377;-0.43503907;-0.08079138
-0.06736256;-0.0012145874;0.0081579015;2.690428e-05;-2.576207e-05;0.0013068325;-0.00088712276;-3.8521227e-07;4.31246e-06;-0.054825805;0.113969654;0.3656991;-0.06950272;0.07037226;0.36551788;-0.00020342474;0.00060253334;4.286284e-05;2.4377136e-05;-0.019576455;-1.6500722e-05;0.5634575;0.1350431;-0.12814865;0.9481753;0.052605186;0.04938497;-0.09646878;-3.440959e-05;0.53059816;0.047029205;-0.054987226;0.8591251;-0.07123654;0.06694986;-0.1060975;0.0001333959;-1.047094e-05;1.729111e-05;-0.6164401;0.11188644;-0.09863388;0.547804;0.13174284;-0.3067843;0.33150637;0.00052864035;2.993329e-05;-0.76687133;0.14800075;-0.0063413754;0.7011952;-0.52151203;0.03586529;0.39476466;-0.9922986;-0.42015362;0.32177;0.5585864;-0.1736767;-0.6053776;-0.31387392;-0.10625028;-0.3693414;0.41499445;-0.5801063;-0.26641586;-0.3409266;-0.82958335;-0.49166957;-0.22656798;-0.41956237;-0.8112499;-0.62881714;-0.5428506;-0.99884313;-0.83481383;0.19235581;0.38351214;-0.6590236;0.51941705;-0.69035953;-0.13000049;-0.8740082;0.9924755;-0.9617484;-0.38611913;-0.8506979;-0.9035774;-0.9203648;-0.11071809;-0.81448996;0.3973815;-0.44389436;-0.07234643
-0.06733702;-0.0012813121;0.008135647;2.568157e-05;-2.5970163e-05;0.001197552;-0.0009415574;-3.637433e-07;4.282134e-06;-0.06043393;0.114780344;0.36594528;-0.07391967;0.07086139;0.3668278;-0.00019429345;0.00060762325;4.3419015e-05;1.8467053e-05;-0.019323697;-1.6467922e-05;0.56467074;0.13455583;-0.128472;0.94819367;0.05443657;0.052021388;-0.096480094;-3.468567e-05;0.5319453;0.04835741;-0.055872712;0.85943425;-0.075494476;0.067408144;-0.107565835;0.00013442997;-1.0545729e-05;1.738465e-05;-0.6156325;0.11009752;-0.10376669;0.5465725;0.13805577;-0.30678993;0.33874756;0.00053400046;3.0199357e-05;-0.7680503;0.14966352;-0.010832902;0.7072526;-0.514957;0.04359739;0.40139592;-0.99234295;-0.41863865;0.3169982;0.5516247;-0.16230455;-0.61142087;-0.30187294;-0.10493411;-0.36216983;0.3873821;-0.5836467;-0.2653024;-0.32440805;-0.806152;-0.4770475;-0.22069098;-0.40996566;-0.7934398;-0.61734957;-0.5373271;-0.998825;-0.82878685;0.1929459;0.3873821;-0.652342;0.51568425;-0.6841491;-0.13207905;-0.86856043;0.9922414;-0.96022975;-0.38674307;-0.8505537;-0.90422326;-0.9188746;-0.10351391;-0.81754655;0.39628074;-0.45317912;-0.066271864
-0.06733011;-0.0013147484;0.008045683;2.581533e-05;-2.5922258e-05;0.0011057878;-0.0009874536;-3.5036567e-07;4.112968e-06;-0.06596223;0.114855826;0.3652965;-0.0783295;0.07070859;0.36721197;-0.0001847641;0.0006092689;4.3620763e-05;1.2784174e-05;-0.018972509;-1.6261452e-05;0.5654682;0.13398124;-0.12857562;0.94813025;0.05622311;0.054492217;-0.096466586;-3.4731333e-05;0.53298724;0.049812783;-0.05678118;0.8596414;-0.0796702;0.06800046;-0.10909718;0.00013469363;-1.0529206e-05;1.7299084e-05;-0.6152118;0.109118946;-0.10705883;0.5451044;0.1408381;-0.3042788;0.34397152;0.0005364098;3.0182884e-05;-0.76854926;0.15145731;-0.015031534;0.7130211;-0.50675315;0.048484486;0.40867695;-0.9923309;-0.41059425;0.31107575;0.5445019;-0.14776912;-0.61638105;-0.2859383;-0.10243635;-0.35234722;0.35548732;-0.58542305;-0.26321062;-0.3067713;-0.779273;-0.46228242;-0.2145525;-0.39961025;-0.7743017;-0.60608715;-0.53185475;-0.9988037;-0.822682;0.19316325;0.39088818;-0.64599246;0.5138475;-0.68041867;-0.13714279;-0.8630355;0.9920467;-0.95864564;-0.38603428;-0.8500957;-0.90523285;-0.91770864;-0.09811761;-0.819936;0.3932204;-0.46269384;-0.06330695
-0.067337796;-0.001287787;0.007853775;2.735795e-05;-2.5559042e-05;0.0010304358;-0.00102233;-3.441254e-07;3.7862046e-06;-0.07124072;0.11403942;0.36329806;-0.082624026;0.06981707;0.36615813;-0.00017493937;0.0006070334;4.3393055e-05;7.5853204e-06;-0.018556131;-1.5807811e-05;0.5658239;0.13331187;-0.12837306;0.9479194;0.057856847;0.056724895;-0.096424356;-3.4498997e-05;0.53376025;0.051356222;-0.05775556;0.85959166;-0.08353249;0.068616405;-0.110634625;0.00013415975;-1.04073915e-05;1.6997277e-05;-0.6151144;0.108756475;-0.108606175;0.54331857;0.13926032;-0.29956627;0.3477893;0.0005356013;2.9836898e-05;-0.76822853;0.15295005;-0.01894897;0.71810615;-0.49639824;0.05047737;0.4158836;-0.9922533;-0.39687672;0.3044038;0.5376272;-0.13120754;-0.62028843;-0.2667349;-0.09906497;-0.34071714;0.32065564;-0.58542675;-0.260349;-0.28910357;-0.74908745;-0.44838166;-0.20855501;-0.38916147;-0.7542962;-0.5956053;-0.52672774;-0.9987791;-0.8168737;0.19287102;0.393848;-0.6403511;0.51443475;-0.67935073;-0.14489405;-0.85751027;0.9919038;-0.9569918;-0.3840338;-0.84928864;-0.90660256;-0.9167689;-0.09495216;-0.8215637;0.3879903;-0.47206488;-0.063792795
-0.06735814;-0.0011808132;0.007546288;3.0163908e-05;-2.4869601e-05;0.0009672346;-0.0010461843;-3.4304276e-07;3.3055694e-06;-0.07616242;0.112344705;0.35974517;-0.0867359;0.06823828;0.36344692;-0.0001649276;0.00060110533;4.2721455e-05;3.0307474e-06;-0.018101726;-1.5080892e-05;0.5657439;0.13255022;-0.12780856;0.94752705;0.059192237;0.058658153;-0.09632543;-3.3980716e-05;0.53431994;0.052929435;-0.058815457;0.85919344;-0.086919546;0.069199264;-0.11210117;0.00013293042;-1.0181357e-05;1.6474602e-05;-0.61528516;0.1088523;-0.108555935;0.54103947;0.13325487;-0.2931713;0.35079968;0.0005318174;2.9160408e-05;-0.7671105;0.15383603;-0.022655249;0.7222706;-0.48390725;0.049993623;0.42223865;-0.99210906;-0.37931412;0.2975651;0.5314483;-0.11398856;-0.6232604;-0.24528563;-0.09488297;-0.32852983;0.28445882;-0.58384424;-0.25689676;-0.27260733;-0.7160025;-0.4360598;-0.2030857;-0.37935683;-0.7340675;-0.5863843;-0.5221765;-0.998753;-0.8117057;0.19196749;0.3962108;-0.6358047;0.5176627;-0.6807021;-0.15452148;-0.85211086;0.9918237;-0.955257;-0.3809724;-0.8482498;-0.90827906;-0.9159474;-0.09418445;-0.822516;0.3807512;-0.48090476;-0.06757287
-0.067390606;-0.0009887852;0.007129513;3.39729e-05;-2.3893575e-05;0.00091098173;-0.0010610555;-3.451604e-07;2.6955531e-06;-0.08070663;0.10992388;0.3546857;-0.09065561;0.06612937;0.35915074;-0.000154974;0.0005923535;4.1648018e-05;-8.0306563e-07;-0.01761039;-1.4104022e-05;0.5652818;0.1317215;-0.12687238;0.94694275;0.060057618;0.060237754;-0.09614282;-3.3206496e-05;0.5347265;0.054461747;-0.059955735;0.8584045;-0.08970176;0.06972889;-0.11342292;0.00013123103;-9.864336e-06;1.5760132e-05;-0.6156552;0.10930674;-0.107131116;0.5380317;0.12333619;-0.2856354;0.3533892;0.00052583474;2.819486e-05;-0.76532394;0.15396221;-0.026232898;0.72545755;-0.46983314;0.047635876;0.42725092;-0.99190474;-0.36032832;0.29113504;0.5263555;-0.0971909;-0.62544525;-0.22253516;-0.08964294;-0.31689945;0.24811503;-0.5809936;-0.25300318;-0.2581946;-0.68057936;-0.42568418;-0.19851013;-0.37078863;-0.7143356;-0.5787227;-0.5183281;-0.9987272;-0.80745584;0.19043149;0.3980685;-0.63274574;0.5233611;-0.6840427;-0.16504343;-0.84707147;0.99181753;-0.95346344;-0.37734565;-0.8472606;-0.9101656;-0.9152094;-0.09588738;-0.8230727;0.37200257;-0.4889257;-0.07422566
-0.06743355;-0.0007214609;0.0066218264;3.8529164e-05;-2.270157e-05;0.00085787644;-0.0010696404;-3.4942093e-07;1.9912986e-06;-0.08494448;0.10698688;0.3483452;-0.09444319;0.0636775;0.35354298;-0.00014549846;0.00058208307;4.024562e-05;-3.889634e-06;-0.01706199;-1.2937089e-05;0.56452394;0.1308687;-0.12559672;0.94617254;0.060292974;0.061411414;-0.095875196;-3.2227093e-05;0.5350276;0.055883244;-0.061156478;0.85721;-0.09173963;0.07017748;-0.11455441;0.00012934224;-9.474439e-06;1.4903257e-05;-0.6161412;0.11007963;-0.104597494;0.53405637;0.11029085;-0.27737224;0.35569844;0.0005187373;2.7004106e-05;-0.76302475;0.15329833;-0.029725928;0.7277272;-0.45501804;0.04384103;0.43089002;-0.99165064;-0.34241036;0.28549057;0.52258134;-0.08133181;-0.6270559;-0.19904074;-0.08283464;-0.3064149;0.21206984;-0.57722443;-0.24880911;-0.24629399;-0.6433171;-0.41735554;-0.19516459;-0.36380556;-0.6957481;-0.5727392;-0.51518726;-0.9987028;-0.8043079;0.18831272;0.39958197;-0.63158584;0.5310536;-0.6890108;-0.17562951;-0.8427257;0.99189395;-0.9516903;-0.37390012;-0.8466749;-0.9121429;-0.91461605;-0.100211434;-0.8235846;0.36247537;-0.49595544;-0.083385356
-0.06748281;-0.0004000281;0.0060475604;4.3621403e-05;-2.1379004e-05;0.0008065976;-0.0010739969;-3.557965e-07;1.2320452e-06;-0.08902275;0.10374266;0.34107798;-0.09822389;0.061049886;0.3470373;-0.00013699691;0.0005716426;3.8600527e-05;-6.232989e-06;-0.016435647;-1.1660231e-05;0.5635672;0.13004044;-0.12404793;0.9452469;0.05979601;0.062133204;-0.09555909;-3.1102347e-05;0.5352569;0.057134617;-0.06238993;0.8556232;-0.092888676;0.070486404;-0.115491465;0.00012751167;-9.031035e-06;1.3962737e-05;-0.6166724;0.11118485;-0.101205416;0.5289476;0.0949885;-0.26865909;0.35768065;0.0005115769;2.5661226e-05;-0.7603648;0.15192243;-0.033095103;0.7291785;-0.44029877;0.03871949;0.43352452;-0.9913597;-0.3276911;0.2807234;0.52012706;-0.06643351;-0.62844765;-0.17492318;-0.073814616;-0.2971145;0.17596354;-0.5728397;-0.24446842;-0.23692715;-0.6044665;-0.4109967;-0.19331539;-0.35854378;-0.6787537;-0.5684142;-0.5126482;-0.998681;-0.80234325;0.18569273;0.40087754;-0.6327347;0.5401071;-0.69541264;-0.18574265;-0.83943164;0.99205786;-0.9500665;-0.37151778;-0.84677976;-0.9140945;-0.9142895;-0.1074006;-0.82430536;0.35302106;-0.50190365;-0.09491039
-0.06753276;-5.2971765e-05;0.005435627;4.903681e-05;-2.0022155e-05;0.0007581106;-0.0010747992;-3.6480787e-07;4.59273e-07;-0.09311387;0.10037867;0.3333397;-0.10214888;0.058382142;0.34014693;-0.00012986605;0.0005620365;3.6812504e-05;-7.865719e-06;-0.015728623;-1.0357995e-05;0.5625065;0.12928215;-0.122322604;0.94423985;0.058569197;0.06238246;-0.09526986;-2.9902745e-05;0.5354435;0.05817123;-0.06361844;0.85371006;-0.09304785;0.07058073;-0.11626863;0.00012588163;-8.556228e-06;1.3004232e-05;-0.6172154;0.11267624;-0.09715322;0.5226965;0.07835279;-0.2597522;0.35914144;0.00050507014;2.424838e-05;-0.7575022;0.15002601;-0.036193825;0.7299112;-0.4262968;0.032122586;0.43569872;-0.99104685;-0.31765014;0.27668813;0.5187502;-0.052278906;-0.63010234;-0.1500446;-0.062027745;-0.28872335;0.13908383;-0.5680603;-0.24016152;-0.2299057;-0.564079;-0.4064125;-0.193096;-0.35500386;-0.6635555;-0.56563616;-0.51053685;-0.99866223;-0.80156827;0.18264256;0.40197185;-0.6365003;0.549856;-0.7031536;-0.19511083;-0.83745426;0.99230677;-0.9487354;-0.3710018;-0.84767;-0.9159222;-0.9143476;-0.11761941;-0.8252576;0.34450328;-0.50674033;-0.10881904
-0.06758;0.00028884027;0.0048201843;5.4507633e-05;-1.8735504e-05;0.0007145168;-0.0010713934;-3.768713e-07;-2.8272189e-07;-0.097340904;0.09705617;0.32563692;-0.10632551;0.05578247;0.33342066;-0.00012423442;0.0005536879;3.4999684e-05;-8.8587985e-06;-0.014965348;-9.103758e-06;0.5614263;0.12863319;-0.12054206;0.943274;0.056743946;0.062188245;-0.095112644;-2.8710187e-05;0.53561854;0.058961906;-0.06478926;0.8516059;-0.09221681;0.07040369;-0.11694349;0.000124463;-8.076888e-06;1.2098637e-05;-0.61777776;0.11462008;-0.09259535;0.5155239;0.061394844;-0.25101092;0.35974637;0.0004994497;2.2858323e-05;-0.7546241;0.14790829;-0.03879335;0.7300325;-0.41331333;0.023859503;0.43787152;-0.9907273;-0.31295636;0.2731606;0.51803875;-0.038713682;-0.63246524;-0.12433466;-0.047303442;-0.2809677;0.10114814;-0.5630321;-0.23608552;-0.22501348;-0.5223713;-0.4033388;-0.19445567;-0.35310853;-0.6501785;-0.56425446;-0.50868356;-0.99864686;-0.80194867;0.1792022;0.40276965;-0.6429174;0.5596595;-0.71207285;-0.20358972;-0.83684283;0.99262714;-0.9478033;-0.37282404;-0.84917897;-0.9175501;-0.91483873;-0.13068284;-0.8261853;0.33767682;-0.51047313;-0.12505905
-0.067626745;0.0005989888;0.00423808;5.970802e-05;-1.7618528e-05;0.0006773575;-0.001062691;-3.918591e-07;-9.505893e-07;-0.10171533;0.09389336;0.3184306;-0.11075288;0.05332416;0.32732886;-0.00011987533;0.0005464535;3.3286633e-05;-9.331474e-06;-0.014193406;-7.9452075e-06;0.5603891;0.12812492;-0.118833974;0.94249713;0.054555174;0.061636563;-0.09519588;-2.7608927e-05;0.5358133;0.059488103;-0.06583783;0.849497;-0.09052502;0.0699435;-0.11757159;0.00012316898;-7.622897e-06;1.1313357e-05;-0.61839116;0.11705139;-0.08768513;0.50789076;0.045202583;-0.24291639;0.3590566;0.000494535;2.158375e-05;-0.7519478;0.14591815;-0.0406828;0.72969323;-0.401318;0.013932216;0.44023338;-0.99041396;-0.31345683;0.2700286;0.51756907;-0.025859553;-0.6357201;-0.09809668;-0.030087914;-0.27381736;0.062989466;-0.5578609;-0.23241366;-0.22212362;-0.48022425;-0.40149608;-0.19714497;-0.352743;-0.6386219;-0.56415534;-0.5069943;-0.9986359;-0.8034257;0.17540349;0.40314868;-0.65160364;0.56892115;-0.7217952;-0.21100529;-0.83735734;0.9929929;-0.94728875;-0.37695768;-0.8509098;-0.9189181;-0.91570115;-0.14588906;-0.8266237;0.33305597;-0.5131193;-0.14326963
-0.06768164;0.00086287194;0.0037214872;6.432866e-05;-1.6743725e-05;0.00064629834;-0.0010483457;-4.090208e-07;-1.5107944e-06;-0.106128365;0.090938754;0.3120164;-0.1153078;0.051028688;0.32213292;-0.000116270254;0.00053985836;3.1777163e-05;-9.442203e-06;-0.013468865;-6.8950976e-06;0.55942684;0.12777555;-0.1173029;0.9420312;0.05227178;0.060850654;-0.09558632;-2.6665555e-05;0.5360501;0.059747696;-0.066703886;0.8475623;-0.088219;0.06924042;-0.118182294;0.000121888464;-7.2202456e-06;1.06964435e-05;-0.61908567;0.11993513;-0.0826121;0.5004039;0.030814473;-0.23597232;0.3566345;0.00048996374;2.049643e-05;-0.7496887;0.14435588;-0.04179713;0.7291114;-0.39002338;0.0026549597;0.44267663;-0.99011624;-0.31834996;0.2674024;0.517066;-0.014146936;-0.6396634;-0.0720922;-0.011421377;-0.26756275;0.02663882;-0.5526491;-0.22925028;-0.22125383;-0.4394093;-0.4006439;-0.20075387;-0.35380912;-0.6289953;-0.5653171;-0.5054757;-0.9986288;-0.80591315;0.17133644;0.40308848;-0.66178125;0.5771328;-0.7317332;-0.21709254;-0.8385191;0.9933697;-0.9471182;-0.38291243;-0.85236514;-0.91997516;-0.91678053;-0.16214424;-0.8260669;0.3308068;-0.51469564;-0.162737
-0.06775651;0.0010808107;0.003290684;6.816501e-05;-1.613822e-05;0.00061926147;-0.0010293121;-4.2720455e-07;-1.948043e-06;-0.11039421;0.088167585;0.30646253;-0.11978427;0.048865657;0.31782982;-0.000112820824;0.0005333967;3.052823e-05;-9.350877e-06;-0.012839795;-5.934191e-06;0.5585411;0.12758416;-0.11600789;0.94192934;0.050130494;0.059959643;-0.0962684;-2.5912523e-05;0.5363332;0.059760805;-0.067348965;0.8459094;-0.085615955;0.06837787;-0.11876805;0.000120551245;-6.8843656e-06;1.0264936e-05;-0.61987746;0.12316192;-0.077590436;0.49364755;0.019025225;-0.23056637;0.35219595;0.00048542934;1.9629311e-05;-0.748007;0.14339663;-0.042269748;0.72854143;-0.37904662;-0.009397181;0.4449045;-0.98984015;-0.32650647;0.26557592;0.51646686;-0.004171395;-0.6437889;-0.04734436;0.007378108;-0.26271328;-0.005336172;-0.54750484;-0.22662401;-0.22254598;-0.40225652;-0.40060353;-0.20480749;-0.35627463;-0.62152547;-0.5677937;-0.5042122;-0.9986258;-0.8092996;0.16720416;0.40274495;-0.672495;0.5839597;-0.74126405;-0.22158737;-0.8397883;0.99372405;-0.94717467;-0.3899698;-0.85311997;-0.92069036;-0.91790473;-0.17835186;-0.82414937;0.33071873;-0.5152741;-0.18260878
-0.067861415;0.0012643156;0.002952957;7.11598e-05;-1.5785277e-05;0.0005939534;-0.0010074439;-4.4520698e-07;-2.2668246e-06;-0.11430615;0.08551854;0.30164754;-0.123952;0.0467854;0.31421477;-0.000109105014;0.0005267521;2.9545743e-05;-9.17109e-06;-0.012335396;-5.0274757e-06;0.5577134;0.12752989;-0.11496244;0.94216603;0.048304375;0.05907518;-0.09713776;-2.5346977e-05;0.5366435;0.059569668;-0.06776198;0.844543;-0.08304034;0.06746436;-0.11929045;0.00011915232;-6.6182693e-06;1.0005751e-05;-0.6207687;0.12658583;-0.0728081;0.4880413;0.010238582;-0.22688009;0.3457203;0.000480806;1.8976454e-05;-0.7469715;0.14307632;-0.04235998;0.72819304;-0.36810386;-0.021555975;0.44659424;-0.9895885;-0.33678654;0.26487833;0.5158603;0.0035189204;-0.6475115;-0.024812175;0.025134146;-0.25978753;-0.030803287;-0.5425243;-0.22452037;-0.22615804;-0.3709087;-0.40123165;-0.20888464;-0.36016393;-0.6164185;-0.57161516;-0.5033171;-0.9986262;-0.8134658;0.16330422;0.40241224;-0.6828983;0.58932173;-0.74994355;-0.22438319;-0.84076685;0.99403435;-0.94736886;-0.39746428;-0.85295004;-0.92107624;-0.9189709;-0.19378996;-0.82075167;0.3322797;-0.51505923;-0.20220345
-0.068001024;0.0014283342;0.0027074101;7.33831e-05;-1.563938e-05;0.0005695573;-0.0009846172;-4.6207776e-07;-2.4855253e-06;-0.11767025;0.082947016;0.2973725;-0.12759699;0.044762276;0.31102228;-0.00010503619;0.0005198824;2.8798124e-05;-8.943149e-06;-0.011962856;-4.1448584e-06;0.5569142;0.12757815;-0.11415178;0.94266427;0.046904456;0.058282275;-0.09803399;-2.4942754e-05;0.53694147;0.059229687;-0.06795124;0.8433809;-0.080760874;0.06660855;-0.119696215;0.00011773958;-6.4154374e-06;9.8867895e-06;-0.62175703;0.13007389;-0.068391;0.4837941;0.0044367206;-0.22486834;0.33746025;0.00047615572;1.850599e-05;-0.7465562;0.14332692;-0.04231507;0.7281587;-0.35713646;-0.033230055;0.44750953;-0.98936164;-0.34822166;0.26552525;0.5153697;0.008595212;-0.6503685;-0.0051495084;0.041084655;-0.25910473;-0.048729505;-0.537768;-0.22291732;-0.23209912;-0.3466492;-0.40235856;-0.21270308;-0.36547545;-0.61369956;-0.5766723;-0.50289285;-0.998629;-0.81830436;0.15993857;0.4024091;-0.6924378;0.5934035;-0.75760347;-0.22560976;-0.84130245;0.9942927;-0.94767576;-0.40494996;-0.8518635;-0.92119825;-0.91998935;-0.20822579;-0.8160034;0.33481628;-0.51440203;-0.22118604
-0.06817396;0.0015847023;0.0025509035;7.497065e-05;-1.5646452e-05;0.0005474218;-0.00096207386;-4.77261e-07;-2.6264315e-06;-0.12031973;0.08045687;0.29346618;-0.13054061;0.042817067;0.30804735;-0.00010086756;0.00051299966;2.8239854e-05;-8.641215e-06;-0.011710347;-3.2763055e-06;0.55610824;0.12768881;-0.113552086;0.9433296;0.04599605;0.05764043;-0.09879163;-2.466618e-05;0.5371753;0.058795523;-0.067932755;0.84229714;-0.07895429;0.065895684;-0.1199346;0.000116386946;-6.2651234e-06;9.871321e-06;-0.6228436;0.1335339;-0.06441448;0.48095912;0.0012644595;-0.22428901;0.32786706;0.00047167292;1.817831e-05;-0.74666685;0.14402354;-0.042276576;0.7284;-0.34631455;-0.04400128;0.44753507;-0.989158;-0.3600522;0.26755187;0.51507187;0.011022023;-0.65210074;0.011349878;0.05491016;-0.26067045;-0.059255358;-0.5332519;-0.22180468;-0.24011238;-0.3296801;-0.40374747;-0.21614012;-0.3720925;-0.61315244;-0.58267146;-0.50301427;-0.9986333;-0.82372755;0.15732229;0.40297747;-0.70088345;0.5965792;-0.7643043;-0.22558151;-0.8414676;0.99450415;-0.94812727;-0.41221604;-0.8500545;-0.9211636;-0.92106086;-0.22177057;-0.8102124;0.33763504;-0.51371896;-0.23953179
-0.0683746;0.001739355;0.0024812839;7.605995e-05;-1.5761412e-05;0.00053057465;-0.0009402893;-4.905594e-07;-2.7075293e-06;-0.1221219;0.078098826;0.28983364;-0.13264558;0.041010264;0.30519202;-9.7076314e-05;0.00050649495;2.7832168e-05;-8.203821e-06;-0.0115573015;-2.436478e-06;0.5552606;0.12782514;-0.1131428;0.9440762;0.0456128;0.057187263;-0.09928549;-2.448952e-05;0.53729343;0.058310285;-0.06772331;0.8411624;-0.07770334;0.06537795;-0.119968176;0.0001151719;-6.1577666e-06;9.929732e-06;-0.6240416;0.13691148;-0.060939595;0.4795335;0.00017656386;-0.22477041;0.31748703;0.0004676262;1.7961196e-05;-0.7471814;0.14502287;-0.042273287;0.7288044;-0.3359484;-0.053628393;0.44665983;-0.98897475;-0.3717226;0.27084997;0.5149896;0.011026482;-0.65264976;0.024660192;0.06659946;-0.26419365;-0.06333953;-0.52896637;-0.22119397;-0.24968226;-0.31937316;-0.40511656;-0.21920796;-0.37975994;-0.6143954;-0.5891897;-0.5037363;-0.9986389;-0.82965744;0.1555516;0.4042435;-0.70825034;0.59929466;-0.7702267;-0.22466943;-0.8414664;0.9946813;-0.94877625;-0.41921234;-0.84781766;-0.9210963;-0.9223202;-0.2346361;-0.8037685;0.34013906;-0.51337254;-0.25736266
-0.06859573;0.0018926396;0.002497548;7.6740514e-05;-1.595929e-05;0.00052265945;-0.0009192529;-5.0200276e-07;-2.7371716e-06;-0.12298217;0.075948335;0.28644648;-0.13381542;0.039420445;0.30243954;-9.421104e-05;0.0005008636;2.755705e-05;-7.56869e-06;-0.011488311;-1.660781e-06;0.5543438;0.12796238;-0.11291081;0.94483685;0.045759544;0.056941018;-0.09945848;-2.4400113e-05;0.5372539;0.05779969;-0.06733949;0.83986753;-0.0770212;0.06508156;-0.11977694;0.000114165865;-6.0886377e-06;1.0047312e-05;-0.6253786;0.14016826;-0.058039695;0.47955352;0.00059624744;-0.22589898;0.30686963;0.0004643222;1.783995e-05;-0.74798906;0.14618823;-0.04227439;0.72927356;-0.326391;-0.061986513;0.44493952;-0.98881125;-0.3828992;0.27525848;0.5151357;0.00898379;-0.6521275;0.03486672;0.07627828;-0.26920867;-0.062285416;-0.5249214;-0.22114009;-0.26016504;-0.31475195;-0.40622574;-0.22201806;-0.38814867;-0.61703354;-0.59580266;-0.5051064;-0.9986456;-0.8360132;0.1546262;0.40623587;-0.7146869;0.6019555;-0.7755683;-0.22317101;-0.84153074;0.9948379;-0.94966465;-0.42595747;-0.84545994;-0.9211137;-0.9238791;-0.24694951;-0.797055;0.34191325;-0.51359284;-0.27478445
-0.06883064;0.0020410288;0.002598502;7.70326e-05;-1.623921e-05;0.00052701414;-0.0008988376;-5.117204e-07;-2.7127244e-06;-0.12284308;0.07408535;0.28330514;-0.13398714;0.03812686;0.29980078;-9.277629e-05;0.00049665547;2.7422851e-05;-6.6951416e-06;-0.0115044685;-9.977375e-07;0.5533437;0.1280937;-0.11284991;0.945567;0.046412878;0.05690187;-0.099328145;-2.4402121e-05;0.5370269;0.057270776;-0.06679895;0.8383301;-0.07688107;0.06502039;-0.119357035;0.0001134347;-6.059425e-06;1.0227057e-05;-0.6268949;0.14325872;-0.055807006;0.48115876;0.0020502552;-0.22730249;0.29650876;0.00046209389;1.7820625e-05;-0.74901396;0.14739482;-0.042250395;0.7297933;-0.31797263;-0.06898032;0.4424644;-0.98867005;-0.39351565;0.2806536;0.5155618;0.0052672094;-0.65079314;0.042008433;0.08406964;-0.2752335;-0.057360224;-0.52119917;-0.22177649;-0.27096364;-0.31494427;-0.4069899;-0.22476102;-0.39695945;-0.6208047;-0.60222137;-0.50717;-0.99865466;-0.8427092;0.15448861;0.4089297;-0.72038233;0.6048452;-0.7804814;-0.22122732;-0.8418505;0.9949875;-0.9508066;-0.4324781;-0.8432385;-0.92130953;-0.9257974;-0.25867665;-0.7903836;0.34277463;-0.5144681;-0.29179588
-0.06907381;0.002179028;0.0027818717;7.689372e-05;-1.6623235e-05;0.00054640655;-0.0008789884;-5.198864e-07;-2.6216148e-06;-0.12167552;0.07258701;0.28040424;-0.13311864;0.037205853;0.29726928;-9.319665e-05;0.0004944536;2.746089e-05;-5.5671107e-06;-0.011627305;-5.024922e-07;0.55225927;0.12823007;-0.11295816;0.9462419;0.047526643;0.057056256;-0.09897482;-2.4514928e-05;0.53659177;0.056712825;-0.066120334;0.83648765;-0.077239595;0.065207355;-0.11871708;0.00011304237;-6.0775856e-06;1.0488322e-05;-0.6286375;0.14611556;-0.054352794;0.48462695;0.004256249;-0.22870298;0.28682607;0.00046129964;1.7927377e-05;-0.7502238;0.14851978;-0.04220442;0.73046046;-0.3109706;-0.074466266;0.4393406;-0.98855907;-0.403804;0.28699967;0.51637524;0.00011442229;-0.64902866;0.04595488;0.09000017;-0.2819032;-0.049574323;-0.5180048;-0.22335546;-0.2816683;-0.31946388;-0.4075675;-0.22769679;-0.40600798;-0.6256594;-0.6083835;-0.50996304;-0.9986669;-0.849666;0.15505569;0.41229102;-0.72550637;0.6080796;-0.7850474;-0.21879904;-0.8425392;0.9951409;-0.95219153;-0.43878132;-0.8413273;-0.9217418;-0.9280815;-0.2696296;-0.78396136;0.34277803;-0.51597965;-0.30828378
