0;1;2;3;4;5;6;7;8;9;10;11;12;13;14;15;16;17;18;19;20;21;22;23;24;25;26;27;28;29;30;31;32;33;34;35;36;37;38;39;40;41;42;43;44;45;46;47;48;49;50;51;52;53;54;55;56;57;58;59;60;61;62;63;64;65;66;67;68;69;70;71;72;73;74;75;76;77;78;79;80;81;82;83;84;85;86;87;88;89;90;91;92;93;94
-0.046965003;0.03746288;0.011816756;-0.0046560713;0.0066534597;0.010889609;-0.016990999;-0.004586279;-0.00031819334;-0.037613496;0.03486174;-0.11198447;-0.025569394;0.034493282;-0.12908472;0.0059254793;-0.004922703;-0.0035085399;-0.022519264;-0.024415214;-0.0129264;0.5617193;-0.03032256;-0.03617958;0.82529104;0.13905708;-0.00021833321;0.064331986;-0.0011786332;0.5733427;0.13501762;-0.09483935;0.8221975;-0.058499534;-0.019023316;-0.12819844;0.016642818;-0.011054627;0.000210042;-0.7389438;0.1242566;-0.13701524;0.7136338;-0.16915797;0.066417255;0.053978536;0.0043911384;-0.0012777644;-0.59115493;0.1259019;-0.3132679;0.65882313;-0.20993988;0.10169521;-0.08035715;-0.9113467;-0.1794645;0.24933496;0.52078944;0.32482237;-0.61355066;0.21760479;0.29607165;0.032182172;-0.62497795;-0.12911993;0.18914711;-0.019491144;-0.00048045433;-0.08743472;0.08253183;-0.10955742;-0.23979603;-0.32221416;-0.15090263;-0.957947;-0.28274935;0.23156264;0.45215604;-0.11434293;0.15612805;-0.23428047;-0.02535809;-0.3430861;0.6243571;-0.73972106;-0.2029632;-0.38732246;-0.68087953;-0.65391666;-0.24754925;-0.489724;-0.10744942;-0.2051477;-0.25647318
-0.05824838;0.030420922;0.005177555;0.002323623;0.018343855;0.019886592;-0.021381974;-0.0033612559;-0.0056123314;-0.008479764;0.041634247;-0.10176065;0.0055653225;0.032652184;-0.1411597;0.0032854178;-0.01028178;-0.004581454;-0.01040911;-0.02183024;-0.020171113;0.64861643;-0.049116082;-0.038067646;0.9001474;0.1672712;-0.008877256;0.09799228;-0.0048680548;0.6550695;0.15529336;-0.12333427;0.9072998;-0.0818716;-0.023147622;-0.15455496;0.017777171;-0.014932267;-0.006809237;-0.83770984;0.13551617;-0.14095777;0.82014173;-0.211458;0.14636742;-0.03567999;-0.003017242;-0.00942648;-0.70812875;0.17931174;-0.35924897;0.7615386;-0.31940737;0.14486073;0.04859203;-0.96718466;-0.39732546;0.32791975;0.58140564;0.41516045;-0.7566779;0.28423563;0.28442016;0.11368608;-0.8376051;-0.083377466;0.23433802;-0.0028354232;0.17897134;-0.054199465;0.07487307;-0.19404912;-0.30042866;-0.4076295;-0.30485615;-0.991952;-0.33826667;0.2731139;0.5201964;-0.16497533;0.27272728;-0.28837;-0.15668987;-0.4157937;0.789851;-0.86299723;-0.29775736;-0.5456219;-0.89137095;-0.8146258;-0.2975375;-0.66959244;-0.3575973;-0.23109008;-0.25079316
-0.062102746;0.021683067;0.0014677611;0.010679595;0.02525717;0.02107662;-0.01797956;-0.006400463;-0.0064879563;0.03715446;0.036774144;-0.11681519;0.04037217;0.033873145;-0.18368442;0.0003052589;-0.016087294;-0.0003523468;0.005519902;-0.011703137;-0.015024771;0.65217906;-0.057028428;-0.04065665;0.89110845;0.16791639;-0.01559305;0.10482233;-0.00899488;0.6494075;0.14645149;-0.11637704;0.90745604;-0.08837948;-0.022535432;-0.15651987;0.023152206;-0.019277496;-0.008896069;-0.83393043;0.11145265;-0.11050928;0.8359476;-0.21791545;0.13782033;-0.11346032;-0.010150649;-0.023016294;-0.7222358;0.19329391;-0.3786158;0.76860327;-0.3529769;0.15624806;0.17487252;-0.9696919;-0.50909096;0.34634656;0.54394686;0.43690082;-0.775169;0.23353541;0.18785942;0.12291856;-0.8702422;-0.0656931;0.21210274;-0.054384828;0.15979177;-0.08584099;0.011198659;-0.28765598;-0.36399183;-0.47812834;-0.40839744;-0.9940466;-0.36226407;0.28958005;0.5132237;-0.17633882;0.35489914;-0.28733385;-0.2687075;-0.45934078;0.79007274;-0.87551934;-0.32039797;-0.6283838;-0.93147665;-0.84552646;-0.25370672;-0.74791086;-0.4910726;-0.23598798;-0.16542836
-0.06808781;0.019718444;-0.0022040491;0.015383099;0.027883392;0.016016327;-0.012372273;-0.0102044605;-0.0088555515;0.06858074;0.022943502;-0.17351201;0.06501897;0.03097794;-0.24743399;-0.00044632764;-0.020710433;-0.00028251996;0.013924064;-0.00742002;-0.010490205;0.65883106;-0.063159965;-0.0414916;0.88611686;0.17424652;-0.018953487;0.10553974;-0.006392744;0.64946836;0.14566499;-0.109952435;0.9086081;-0.09323012;-0.023148896;-0.1520168;0.028571418;-0.019776048;-0.010611079;-0.82823986;0.09707214;-0.100398354;0.8461828;-0.21126959;0.09038759;-0.13323377;-0.011316835;-0.030823855;-0.7228831;0.19685408;-0.40769187;0.7678131;-0.3558764;0.13219538;0.25116467;-0.9690756;-0.5641276;0.35312167;0.522669;0.45723492;-0.7735227;0.19462885;0.13753302;0.110453255;-0.8734371;-0.060471576;0.2231879;-0.09616562;0.104296155;-0.13782874;-0.036691777;-0.34898618;-0.40836784;-0.52586424;-0.4478487;-0.9942082;-0.3949364;0.31372863;0.51529706;-0.17220984;0.40176582;-0.27016598;-0.31562397;-0.5033575;0.7402802;-0.87467974;-0.3160002;-0.6741443;-0.9357878;-0.85;-0.19555338;-0.78627765;-0.53276646;-0.24601422;-0.09112636
-0.07233988;0.017855309;-0.005392587;0.016560588;0.026915934;0.010720409;-0.005834124;-0.014064497;-0.011706243;0.084493764;0.004490593;-0.22288291;0.07533289;0.021702196;-0.28963178;-0.0007546493;-0.024182443;-0.0011354767;0.018757029;-0.0048355404;-0.0068100565;0.6569344;-0.070136204;-0.042058308;0.87800044;0.17821841;-0.022682834;0.107234426;0.00066082674;0.6411221;0.14299327;-0.10396538;0.9064728;-0.09918004;-0.024007397;-0.14449528;0.032053903;-0.018184392;-0.01371628;-0.8207118;0.09697596;-0.09371142;0.8447301;-0.18151551;0.038632825;-0.12417812;-0.011343214;-0.034441374;-0.712201;0.19290076;-0.4208361;0.7564079;-0.33524904;0.09603879;0.29349613;-0.9643575;-0.5830667;0.3442234;0.50355107;0.46706745;-0.75595164;0.1855509;0.12254716;0.09781378;-0.8605198;-0.049554486;0.24780007;-0.10359008;0.06610931;-0.1636298;-0.06500555;-0.36113745;-0.41536343;-0.5278771;-0.4499837;-0.99312484;-0.416731;0.3274902;0.5078324;-0.15309155;0.42001376;-0.24733646;-0.31475687;-0.5220217;0.66312957;-0.85919666;-0.28580174;-0.6881879;-0.92267084;-0.83728945;-0.12855464;-0.7964211;-0.5248771;-0.24376349;-0.01880649
-0.075230144;0.017353404;-0.008191476;0.015561914;0.024056064;0.0065104216;-0.00080942526;-0.017997717;-0.014709224;0.08491614;-0.014783516;-0.25754791;0.06930774;0.010145263;-0.3116776;-0.0012828707;-0.025914786;-0.0019883648;0.020951893;-0.0035880043;-0.00375836;0.65623295;-0.07841667;-0.043028373;0.8729099;0.17954487;-0.02572999;0.11314255;0.009009492;0.6330556;0.13940057;-0.099654764;0.90618384;-0.10550365;-0.024279242;-0.13844177;0.033749968;-0.015919724;-0.016854582;-0.81775045;0.10628147;-0.08854829;0.8382899;-0.15354542;-0.004077142;-0.10437328;-0.011199226;-0.03548209;-0.70345545;0.18991254;-0.42293343;0.74138826;-0.31208056;0.06564979;0.31000587;-0.9588098;-0.57881516;0.33113337;0.49162105;0.4763108;-0.7361005;0.19343466;0.12473137;0.09488857;-0.8419722;-0.034933183;0.27005425;-0.08522265;0.042177286;-0.16238993;-0.07675017;-0.3433119;-0.4034283;-0.50325274;-0.43397933;-0.991648;-0.43514815;0.33603984;0.4993354;-0.12153791;0.4263407;-0.21617503;-0.2766886;-0.52326363;0.5992446;-0.8342551;-0.24046496;-0.68776554;-0.90258056;-0.8147922;-0.057171818;-0.79418606;-0.49703878;-0.23882657;0.05213867
-0.07714233;0.018678367;-0.011091423;0.0133287655;0.020388685;0.003447267;0.002610301;-0.021346338;-0.017843714;0.07212462;-0.033356257;-0.28159663;0.050926857;-0.001127981;-0.32392007;-0.0018809068;-0.02571785;-0.002372001;0.021882582;-0.0030484523;-0.00067717006;0.655977;-0.08711541;-0.043255772;0.8694186;0.1790488;-0.027637916;0.121191695;0.016774362;0.6268423;0.13629243;-0.09679957;0.9062658;-0.1111677;-0.023993844;-0.13419719;0.034376748;-0.013670456;-0.018881684;-0.8165597;0.11919862;-0.08007024;0.8286391;-0.1378238;-0.035483852;-0.081246756;-0.011439477;-0.035272177;-0.69594735;0.1892542;-0.41624716;0.72244287;-0.29575178;0.04732367;0.30707896;-0.9531859;-0.56113404;0.3161122;0.48263058;0.48700833;-0.7161197;0.20532408;0.1301037;0.10311506;-0.8183419;-0.0157023;0.28481036;-0.052029308;0.016448224;-0.14640792;-0.07582678;-0.31281656;-0.38891438;-0.46724033;-0.40798151;-0.9899462;-0.4513423;0.33828336;0.48838162;-0.07922655;0.43051568;-0.17691752;-0.214587;-0.5158153;0.57381344;-0.8010059;-0.19123572;-0.68018585;-0.88128823;-0.7836314;0.013439639;-0.7868222;-0.46625483;-0.23548622;0.11952421
-0.07824285;0.021365283;-0.014208424;0.010775085;0.016622366;0.0011335188;0.004607615;-0.023914333;-0.02099878;0.05046362;-0.049739294;-0.30171403;0.025263028;-0.010870632;-0.3343392;-0.002459341;-0.023983825;-0.0025309953;0.021891464;-0.0030270803;0.0023293255;0.65657026;-0.09430733;-0.04246623;0.86803;0.17867212;-0.028417762;0.12940674;0.023273053;0.62443924;0.13508147;-0.09563876;0.90697646;-0.11569612;-0.024208058;-0.1313426;0.034153853;-0.01156533;-0.01963309;-0.81586766;0.13155836;-0.068522245;0.81670964;-0.1348105;-0.057808764;-0.054808237;-0.011850353;-0.03442658;-0.6892501;0.18953095;-0.40523484;0.70088744;-0.28582364;0.04025764;0.28757557;-0.9487492;-0.5375363;0.3005334;0.4758206;0.49978778;-0.6970478;0.2200492;0.14018305;0.11793349;-0.7916921;0.005655144;0.29262623;-0.014359136;-0.013151292;-0.12845692;-0.07054127;-0.28063002;-0.38110134;-0.43298858;-0.3799081;-0.9883289;-0.46705315;0.33672258;0.47790968;-0.034223933;0.43446448;-0.13924141;-0.14409113;-0.5064276;0.5876003;-0.7663574;-0.14927045;-0.671114;-0.86242604;-0.7508441;0.073478855;-0.7789133;-0.4374673;-0.239562;0.17397468
-0.07843599;0.024487631;-0.01744043;0.008797378;0.013122973;-0.0005332659;0.0056372695;-0.025810681;-0.023868207;0.023776991;-0.063067466;-0.32036272;-0.0038226375;-0.018671531;-0.34525114;-0.0031123252;-0.02145443;-0.0024551563;0.021185998;-0.0032787477;0.0052018436;0.65679026;-0.09920455;-0.040700924;0.8676655;0.17876859;-0.0283591;0.13628297;0.028328607;0.6241731;0.13544169;-0.09580977;0.9076962;-0.11917759;-0.025296215;-0.12889907;0.033316176;-0.009649088;-0.019387234;-0.81413543;0.1407457;-0.054702178;0.8016284;-0.14031073;-0.073871;-0.02377795;-0.012249105;-0.033486605;-0.681863;0.18898933;-0.39197296;0.6755552;-0.2780983;0.04069369;0.2542583;-0.94550717;-0.5108325;0.28512502;0.47057116;0.5131987;-0.67838824;0.23813894;0.15625009;0.13548343;-0.76301914;0.028622942;0.29633695;0.022010926;-0.04385804;-0.113943934;-0.06531699;-0.25061902;-0.38073054;-0.4058102;-0.35342133;-0.98688066;-0.4817262;0.33290908;0.46806613;0.004528238;0.43662435;-0.113646984;-0.08042899;-0.4983505;0.6241824;-0.7371797;-0.1197561;-0.66401285;-0.8465945;-0.7239736;0.115051076;-0.7722557;-0.41040784;-0.25273177;0.20886952
-0.077808395;0.027340703;-0.020646276;0.0078706555;0.010201372;-0.0015375759;0.005972351;-0.02722748;-0.02607934;-0.0049514608;-0.072761126;-0.33783102;-0.03318516;-0.024104154;-0.35641545;-0.0038054294;-0.018841662;-0.0020987373;0.020037303;-0.0035746342;0.007795204;0.6563182;-0.10164531;-0.038460776;0.86776465;0.17924413;-0.027691446;0.14092809;0.03201584;0.6249188;0.13653831;-0.09692236;0.9082346;-0.12185587;-0.027145647;-0.12659673;0.032035787;-0.008006881;-0.01845993;-0.8110454;0.14573659;-0.03956119;0.7831226;-0.15079533;-0.08550507;0.010573448;-0.012483316;-0.032716293;-0.6733213;0.18714172;-0.37802756;0.64599615;-0.27061227;0.046044514;0.20783854;-0.9433055;-0.48271647;0.2707063;0.46734887;0.5266213;-0.6603948;0.2589129;0.17663515;0.15378939;-0.73320043;0.0523523;0.2982148;0.054035086;-0.07424183;-0.104475096;-0.06172268;-0.22395523;-0.3864148;-0.3866734;-0.3302088;-0.9856953;-0.49459714;0.3279855;0.4589474;0.031220313;0.43701914;-0.106127985;-0.035535607;-0.49386647;0.66935056;-0.7188688;-0.10410662;-0.6611593;-0.8343631;-0.70867765;0.13414495;-0.76779616;-0.38402894;-0.27467084;0.22093111
-0.07648178;0.02939762;-0.023652362;0.008020298;0.008039923;-0.0018919384;0.0058464264;-0.028269757;-0.027376415;-0.033337384;-0.078473255;-0.3538554;-0.06039153;-0.026681837;-0.36727566;-0.0043418254;-0.016639326;-0.0015243032;0.01869109;-0.0037075698;0.00988892;0.6547877;-0.10141124;-0.03639666;0.867616;0.17987384;-0.026571132;0.14278214;0.034419145;0.6260688;0.1374033;-0.09840979;0.9082473;-0.12380529;-0.029565973;-0.124601506;0.03032649;-0.0066388305;-0.017165724;-0.8064097;0.14681569;-0.0239826;0.76108366;-0.16249348;-0.09329245;0.044257816;-0.012415811;-0.03210155;-0.663223;0.18380387;-0.3642546;0.61239314;-0.26233888;0.055041965;0.14725575;-0.94180393;-0.45513675;0.25754794;0.4661113;0.53922045;-0.6434909;0.27904636;0.19742188;0.17118126;-0.7023605;0.0741394;0.29870823;0.079830006;-0.104064226;-0.10068795;-0.060437083;-0.20067345;-0.39602906;-0.3750667;-0.31201234;-0.98480284;-0.50494385;0.3220428;0.45015603;0.0435461;0.43679062;-0.11773627;-0.015722869;-0.49471065;0.7157048;-0.71393746;-0.101544805;-0.66329587;-0.82633495;-0.70725435;0.13005176;-0.76564443;-0.3566041;-0.3044546;0.20845664
-0.07469022;0.030478718;-0.026347935;0.008943492;0.006606247;-0.0017089882;0.0055006556;-0.028919145;-0.02772346;-0.05963032;-0.07995021;-0.36803734;-0.08378865;-0.025859907;-0.37706304;-0.0044605085;-0.015066372;-0.0009272184;0.01713211;-0.0036676906;0.011221234;0.65208584;-0.09835758;-0.03496155;0.8665702;0.18070324;-0.025017597;0.14174932;0.03559514;0.62790555;0.13753664;-0.09981165;0.9075312;-0.12519851;-0.032536685;-0.12333047;0.02813872;-0.005413976;-0.015859932;-0.8002403;0.1451138;-0.008599763;0.735286;-0.17157826;-0.096550785;0.072344996;-0.011930172;-0.031465773;-0.6512619;0.17876738;-0.35101736;0.57570314;-0.25236621;0.06648041;0.06994305;-0.9408213;-0.43036318;0.24598779;0.46679294;0.55020577;-0.62865055;0.29426768;0.2149386;0.1866687;-0.6702806;0.09079223;0.29701537;0.09856079;-0.13326871;-0.10293505;-0.06132843;-0.18024437;-0.4072965;-0.36977917;-0.3008912;-0.9841968;-0.5120132;0.3146682;0.44148386;0.04117352;0.4370039;-0.14570777;-0.021499313;-0.50241196;0.7607923;-0.7226211;-0.11017945;-0.6698688;-0.82286125;-0.7192103;0.104330294;-0.76469713;-0.32494494;-0.341185;0.16995607
-0.072738215;0.030942677;-0.028809879;0.010153058;0.005673944;-0.0011677223;0.0051496644;-0.029002361;-0.027222408;-0.0832018;-0.07671939;-0.37921876;-0.102743186;-0.021084115;-0.38369602;-0.004056285;-0.01401932;-0.0005063465;0.015048137;-0.0037440953;0.011689365;0.6487211;-0.0929095;-0.034083627;0.86431813;0.18211102;-0.022870423;0.13846532;0.03557039;0.6313385;0.13722268;-0.10122013;0.9062218;-0.12649073;-0.036194663;-0.12332307;0.025587289;-0.004124967;-0.014821753;-0.7927738;0.1417242;0.0064777103;0.7047255;-0.17543119;-0.094226845;0.09099008;-0.011044523;-0.030683901;-0.63751566;0.17244788;-0.33866313;0.53837633;-0.24032067;0.07887402;-0.025873564;-0.9403207;-0.41017106;0.23687257;0.46965003;0.5592985;-0.6167759;0.30205265;0.22890066;0.20163822;-0.63635397;0.102003805;0.29198697;0.11154353;-0.1608732;-0.10932955;-0.06150649;-0.16085385;-0.41797256;-0.36663303;-0.29710805;-0.9838177;-0.5139162;0.30569828;0.43358287;0.02554829;0.43719617;-0.18429388;-0.049092;-0.5166883;0.80308235;-0.7424446;-0.12682512;-0.6781963;-0.82335514;-0.7410072;0.060773604;-0.7617202;-0.28648338;-0.38230604;0.10615861
-0.070927344;0.031872727;-0.031530928;0.011103151;0.004858593;-0.00033804215;0.0047271037;-0.028254298;-0.025917403;-0.1062551;-0.06793472;-0.38510478;-0.118907005;-0.012165301;-0.38288203;-0.003525183;-0.013261843;-0.0003585643;0.011892556;-0.0046377056;0.0115701;0.64697665;-0.08654048;-0.032979675;0.861941;0.1850957;-0.019904826;0.13484916;0.034464926;0.6377466;0.13757898;-0.10373509;0.90528435;-0.12839876;-0.040651448;-0.12505993;0.02322002;-0.0026160176;-0.013993171;-0.78544414;0.1365711;0.02121751;0.6677884;-0.1755906;-0.086690545;0.099724546;-0.01007053;-0.02991192;-0.6231848;0.16719246;-0.3287363;0.50663644;-0.22790568;0.092151724;-0.13345553;-0.9401625;-0.39521798;0.23212178;0.47536415;0.56778187;-0.606349;0.30532792;0.24761806;0.2219268;-0.60001534;0.11511242;0.2840362;0.12399591;-0.18277194;-0.11173241;-0.05126863;-0.1376242;-0.4255073;-0.3540135;-0.2952309;-0.98359275;-0.5062585;0.2970935;0.4299613;0.003916571;0.4340448;-0.2221983;-0.08942379;-0.5304559;0.8390247;-0.7662216;-0.14637074;-0.6806834;-0.82521945;-0.7650473;0.007924469;-0.74999344;-0.24570988;-0.41978866;0.02829932
-0.069264345;0.033805665;-0.034422442;0.011625093;0.0041305805;0.0005230381;0.0039836825;-0.02669328;-0.024250355;-0.13067633;-0.05365813;-0.3811857;-0.13515204;-0.00047141025;-0.3697539;-0.0036655483;-0.0126093095;-0.0005520633;0.007711794;-0.006759481;0.011279275;0.648947;-0.08013271;-0.031406816;0.8610989;0.1897598;-0.015956767;0.1310652;0.0323046;0.64746016;0.13935782;-0.107598305;0.9055161;-0.13060038;-0.045297023;-0.12816377;0.021369554;-0.00080944854;-0.013214624;-0.78013295;0.12908201;0.03408765;0.6225706;-0.17719491;-0.07707363;0.102743246;-0.009397812;-0.029718325;-0.60792834;0.16371964;-0.32086882;0.48468855;-0.21449937;0.10974234;-0.23919076;-0.93980616;-0.38305014;0.23372461;0.48411503;0.5779176;-0.59382045;0.31027612;0.28016275;0.25092688;-0.560866;0.13727306;0.2754757;0.13972066;-0.19119486;-0.101768255;-0.023027023;-0.107431404;-0.4272532;-0.3221575;-0.2893322;-0.9834395;-0.48273793;0.29097655;0.4333936;-0.010143215;0.42602128;-0.24250121;-0.122028604;-0.53082305;0.86633766;-0.78576714;-0.16266547;-0.666999;-0.8258524;-0.7837758;-0.04161674;-0.72260886;-0.21056645;-0.4430835;-0.045299146
-0.06691007;0.034987055;-0.035563465;0.012257437;0.0044945353;0.00076752505;0.0032024179;-0.024985086;-0.02360723;-0.15188418;-0.03780434;-0.36282393;-0.15157107;0.010223567;-0.3459248;-0.0044558668;-0.011490095;-0.0011035324;0.0042379564;-0.008616106;0.011029933;0.6521826;-0.07223296;-0.0311296;0.8607678;0.19284688;-0.011258252;0.12198195;0.028742412;0.65851265;0.14174534;-0.10995178;0.9056768;-0.12999506;-0.048632473;-0.13120085;0.019429397;0.0010799137;-0.012475184;-0.7742173;0.121078975;0.042382304;0.5655619;-0.18093736;-0.06928487;0.10512369;-0.008854045;-0.030551283;-0.58739084;0.15581764;-0.3078042;0.46074972;-0.19149546;0.1336354;-0.3396057;-0.9389498;-0.37084305;0.24045415;0.49381238;0.5870088;-0.5795906;0.31399697;0.31172273;0.27597708;-0.5158751;0.15572102;0.26370054;0.14983286;-0.18647254;-0.09041444;0.0060043614;-0.08054574;-0.42609724;-0.29176074;-0.28685257;-0.98330706;-0.44759932;0.2851431;0.4383625;-0.01259868;0.42135718;-0.23817696;-0.12342549;-0.51872593;0.88852906;-0.8020155;-0.17399137;-0.6409895;-0.826785;-0.7987972;-0.08073136;-0.68584996;-0.17475404;-0.45571792;-0.112033695
-0.063101105;0.03461083;-0.03486488;0.013008409;0.0063189906;0.00048028576;0.0027276096;-0.023509907;-0.02448359;-0.17026326;-0.023703992;-0.33232898;-0.16939951;0.018183675;-0.31671628;-0.0052097645;-0.009330812;-0.0017526294;0.002572566;-0.009113195;0.011107924;0.65506667;-0.06292524;-0.032712713;0.8604208;0.19403575;-0.006604553;0.10747127;0.023963861;0.6707261;0.14522165;-0.11040587;0.90595794;-0.12546195;-0.050814264;-0.13380522;0.017318849;0.0028319978;-0.0112035815;-0.7644605;0.113250375;0.045031883;0.49331543;-0.18404657;-0.06168099;0.10577337;-0.00819043;-0.03189723;-0.5608403;0.140256;-0.28683403;0.42539203;-0.15489803;0.15961725;-0.43129763;-0.938241;-0.36120507;0.24885425;0.50091213;0.59107697;-0.56319386;0.31317073;0.3257862;0.2873508;-0.46174902;0.1590803;0.24197246;0.14769422;-0.18072851;-0.0926722;0.016700363;-0.06468;-0.42697173;-0.2856321;-0.2969788;-0.9833805;-0.4199455;0.28037855;0.44351453;-0.012864476;0.42210764;-0.2208474;-0.09769587;-0.5101572;0.90642065;-0.8206605;-0.18832703;-0.6160115;-0.826828;-0.8146989;-0.11219729;-0.6514111;-0.12774153;-0.47024703;-0.1775861
-0.058210395;0.03348787;-0.033580214;0.013314878;0.008866805;-0.00017681252;0.0026524945;-0.022175083;-0.02643818;-0.19041121;-0.012707356;-0.29794633;-0.19006214;0.023322588;-0.2881912;-0.005572351;-0.005861564;-0.002405286;0.0019257322;-0.008781407;0.0117793055;0.6584519;-0.053735904;-0.03509019;0.86151123;0.19487865;-0.0027314369;0.091442965;0.018916424;0.6842363;0.15095907;-0.11032195;0.90771616;-0.118201755;-0.052723438;-0.13619272;0.015699392;0.004468297;-0.009260005;-0.75058985;0.10385939;0.042717546;0.4070761;-0.18221512;-0.051626194;0.10148156;-0.00710815;-0.032712642;-0.5312012;0.1176385;-0.26200557;0.3822346;-0.10785984;0.18208544;-0.50718814;-0.9382315;-0.35313085;0.25674006;0.5048732;0.58936745;-0.54364485;0.30715588;0.318577;0.28457442;-0.40122417;0.14779484;0.21040453;0.13554883;-0.1816861;-0.113101;0.0037587215;-0.05636775;-0.4279595;-0.305302;-0.3195961;-0.98388714;-0.4180693;0.27985618;0.4517658;-0.018373998;0.422876;-0.19982095;-0.0568093;-0.5206514;0.9185623;-0.8440699;-0.21278936;-0.6022492;-0.8223272;-0.8331375;-0.14201654;-0.62730074;-0.066089705;-0.49361613;-0.24443962
-0.053376023;0.03249731;-0.03266077;0.0124711385;0.011032493;-0.0011957597;0.0031015796;-0.020696897;-0.028982231;-0.21462679;-0.005213285;-0.26618695;-0.21179658;0.025370417;-0.26437813;-0.005500398;-0.0011833071;-0.00333143;0.0010596156;-0.008077833;0.013172399;0.662561;-0.04640649;-0.03660664;0.8650104;0.19547996;-5.0277915e-05;0.07705794;0.014505731;0.69706976;0.15912575;-0.110060304;0.91089946;-0.10900688;-0.05426321;-0.13816537;0.015144827;0.0060510826;-0.0070184735;-0.7331741;0.09110209;0.03819735;0.31374577;-0.17124398;-0.038778294;0.093853004;-0.0053653857;-0.032206364;-0.50090986;0.0883107;-0.23854561;0.33971202;-0.056788873;0.1970107;-0.5621807;-0.9385768;-0.3387494;0.26390618;0.50797594;0.58208644;-0.52217114;0.29165304;0.28884518;0.26861998;-0.3400402;0.12460744;0.17472108;0.116964236;-0.19035089;-0.149349;-0.028949188;-0.0493717;-0.4232639;-0.3404581;-0.3487915;-0.9848184;-0.44495404;0.28484738;0.46382913;-0.028446626;0.41958907;-0.17188965;-0.001615059;-0.5570771;0.92483664;-0.86992735;-0.24648368;-0.60398805;-0.8106182;-0.85332024;-0.17089932;-0.6183587;0.0073193153;-0.5254015;-0.31102163
-0.049632765;0.032185033;-0.032534514;0.009777384;0.011948183;-0.002566934;0.0039684516;-0.018749774;-0.03188203;-0.24270847;-0.00078925845;-0.24086724;-0.23198594;0.024420999;-0.24666032;-0.0049725985;0.0042512054;-0.004631621;-0.00067013304;-0.0073073595;0.015151055;0.66749656;-0.04243463;-0.035778154;0.87148964;0.1957941;0.0013527075;0.066016525;0.011328789;0.70801896;0.16941532;-0.10972026;0.9152422;-0.09845133;-0.05482635;-0.13951097;0.01587672;0.007558749;-0.004989326;-0.7142184;0.07472338;0.03350149;0.2263074;-0.15040259;-0.024402745;0.086619645;-0.0030763748;-0.029967058;-0.47297335;0.0519216;-0.22113435;0.30736738;-0.011587038;0.20286061;-0.5928154;-0.93892914;-0.31445265;0.272486;0.5142019;0.56943285;-0.5028527;0.26251632;0.23955947;0.23869409;-0.28453365;0.090496846;0.14334275;0.092782855;-0.20417044;-0.196955;-0.07315801;-0.040849805;-0.40766636;-0.37905213;-0.37813747;-0.9860908;-0.4938881;0.2958695;0.47993422;-0.039051343;0.40911996;-0.12972406;0.07247424;-0.6157722;0.9258293;-0.894452;-0.28373066;-0.61974096;-0.78943515;-0.8732795;-0.19498612;-0.6257979;0.089118905;-0.5605717;-0.37296513
-0.047175422;0.032563012;-0.03318952;0.0055039586;0.0114564495;-0.003922985;0.004781894;-0.016255908;-0.034785;-0.27248538;0.001095017;-0.22520693;-0.25020918;0.021472607;-0.23565352;-0.0041934345;0.009780353;-0.0056019668;-0.00284096;-0.0069236956;0.017206043;0.6733229;-0.04192637;-0.03234528;0.8807154;0.1968725;0.0016370506;0.05848762;0.009552685;0.7176952;0.18056935;-0.109962575;0.92080396;-0.08915777;-0.0547676;-0.1404199;0.017609883;0.008539188;-0.0038025859;-0.69606936;0.056911025;0.02585504;0.15554635;-0.12614481;-0.0117728915;0.08264124;-0.0011347312;-0.026241614;-0.45255518;0.009685974;-0.21286915;0.29576573;0.01692914;0.2007682;-0.5973619;-0.9396268;-0.29398462;0.28599602;0.52728957;0.5532361;-0.49108785;0.22658266;0.1891083;0.19633202;-0.24283703;0.04592701;0.12468801;0.06338721;-0.21013702;-0.24841055;-0.11761723;-0.031068858;-0.3765357;-0.40947187;-0.39965835;-0.98759097;-0.5573772;0.31230983;0.4995768;-0.04896587;0.3895291;-0.072148904;0.1609525;-0.6831185;0.9224509;-0.914732;-0.31574953;-0.6446752;-0.75824296;-0.8908574;-0.21292551;-0.6466508;0.17442209;-0.59104836;-0.42308882
-0.045627244;0.0331225;-0.034757126;0.0008190133;0.009997406;-0.0044119954;0.005346108;-0.013543192;-0.036965128;-0.30040503;7.28257e-05;-0.22308904;-0.26707742;0.017693002;-0.23335598;-0.0036349958;0.014800984;-0.0057109357;-0.0047296844;-0.0070936913;0.018634854;0.67893136;-0.04365143;-0.02717048;0.8911777;0.20027174;0.0009111708;0.054160856;0.008987153;0.7263252;0.19045757;-0.11153936;0.9266621;-0.08492185;-0.055602532;-0.14122681;0.019551754;0.008370283;-0.0039286623;-0.67884785;0.03913491;0.01126363;0.10263115;-0.10835582;-0.0066604433;0.08696778;-0.000635947;-0.021830685;-0.4431339;-0.03437078;-0.21328326;0.31081426;0.025044778;0.19150761;-0.57686853;-0.941534;-0.30407253;0.3059806;0.5475601;0.53422976;-0.4902303;0.20038606;0.16553694;0.14459866;-0.22458845;-0.0097283805;0.11636118;0.02898099;-0.18663819;-0.29633418;-0.15645917;-0.02588214;-0.32552326;-0.4256287;-0.40733027;-0.9890533;-0.62552494;0.32977808;0.5182121;-0.058346074;0.36035767;-0.006254982;0.24452122;-0.7426454;0.9158535;-0.928885;-0.33297622;-0.6719776;-0.7219783;-0.90378624;-0.22742566;-0.67332685;0.25126365;-0.6080477;-0.4542131
-0.044837993;0.03314819;-0.037959706;-0.003838997;0.0078058876;-0.003284136;0.006150203;-0.011155386;-0.037813555;-0.3232592;-0.0053904904;-0.24129997;-0.2818828;0.013190868;-0.2450104;-0.0036084156;0.01910719;-0.0058600577;-0.006493892;-0.0075801355;0.018953146;0.6829518;-0.046321027;-0.021448756;0.9015358;0.20682895;-0.0010929698;0.053004373;0.009728798;0.73281336;0.19762796;-0.11470386;0.9309114;-0.08692797;-0.058579497;-0.14219242;0.020837216;0.0068386625;-0.005321876;-0.66194457;0.017412344;-0.008234883;0.06807288;-0.10425712;-0.01682901;0.109321825;-0.0018750507;-0.017116927;-0.44089365;-0.07753979;-0.21824157;0.34368196;0.016699389;0.17455715;-0.5332005;-0.9458763;-0.36807075;0.3307858;0.57205856;0.505692;-0.5018172;0.19491047;0.18340251;0.07299687;-0.23187932;-0.08620345;0.092374735;-0.01942993;-0.12144026;-0.346721;-0.2041433;-0.04539239;-0.2556657;-0.4383224;-0.4113225;-0.9901933;-0.6856588;0.34156585;0.5287441;-0.06420294;0.31788588;0.057682004;0.30184743;-0.7852872;0.9049352;-0.9364366;-0.33100447;-0.69381654;-0.687206;-0.91053987;-0.24270308;-0.69503576;0.307006;-0.60716516;-0.46502286
-0.044910233;0.032453958;-0.043139778;-0.008661196;0.0052685314;-0.00041991373;0.0077563603;-0.009694087;-0.03712689;-0.33946657;-0.016640492;-0.2864638;-0.29398498;0.007471832;-0.27729264;-0.00424269;0.022615831;-0.006661914;-0.008345262;-0.008207047;0.01846736;0.68641543;-0.0494633;-0.01664589;0.91197515;0.21572284;-0.004482414;0.053929806;0.012071332;0.7372444;0.20198567;-0.11993844;0.9330589;-0.09410309;-0.06385373;-0.14381625;0.021130279;0.004019319;-0.007700656;-0.6471018;-0.013642518;-0.026754303;0.055898912;-0.11792887;-0.04885065;0.15734866;-0.0045135785;-0.012026731;-0.43955705;-0.12068106;-0.22366227;0.37791938;-0.003947915;0.15212722;-0.4708248;-0.9534528;-0.4879824;0.35798588;0.5979562;0.4604187;-0.5265637;0.21438901;0.2407006;-0.0370037;-0.25313333;-0.19386142;0.023970656;-0.09547542;-0.0251288;-0.410061;-0.27873656;-0.10944547;-0.17814936;-0.4628956;-0.43032312;-0.9910531;-0.7339207;0.34447455;0.5282304;-0.065249495;0.25611776;0.10980581;0.3252183;-0.812583;0.88503367;-0.9390096;-0.31399083;-0.7076339;-0.6524677;-0.9120953;-0.26683983;-0.7068641;0.34266448;-0.5919589;-0.46279106
-0.045610394;0.032685306;-0.047957577;-0.013133842;0.004267844;0.003133401;0.010315848;-0.009445372;-0.03504421;-0.34690905;-0.030896094;-0.34306106;-0.30103415;0.0016103808;-0.32220936;-0.0055947015;0.025069382;-0.0062265606;-0.009630415;-0.008862112;0.018958405;0.6900378;-0.054768424;-0.013210921;0.9217392;0.2219229;-0.008175592;0.054797035;0.015232965;0.7394931;0.20545258;-0.12736872;0.93472654;-0.10464176;-0.07009607;-0.14582296;0.02116464;0.0007548246;-0.0109788;-0.6338909;-0.05134295;-0.03840146;0.0605441;-0.13806434;-0.10122664;0.2234338;-0.007288622;-0.0071596163;-0.4362054;-0.16227813;-0.22717854;0.4118262;-0.02917162;0.12643978;-0.4069053;-0.9620531;-0.61646235;0.38048998;0.6202396;0.407913;-0.55553806;0.25221533;0.31570068;-0.16907334;-0.26769742;-0.3070449;-0.06441107;-0.18650353;0.055953793;-0.46942267;-0.3613402;-0.19391379;-0.113706864;-0.48863304;-0.45904422;-0.99186903;-0.7787649;0.33860624;0.51852095;-0.06637931;0.19393885;0.14355473;0.3330909;-0.8334699;0.8614216;-0.9401459;-0.29502708;-0.7225965;-0.62089074;-0.9118486;-0.3068654;-0.7214207;0.3707425;-0.572953;-0.46155223
-0.046298046;0.03479549;-0.049340647;-0.016667362;0.005528832;0.0065089394;0.013809802;-0.010069843;-0.032389928;-0.34307355;-0.04180805;-0.3812454;-0.29972982;-0.0016427219;-0.35475406;-0.007873135;0.026335102;-0.0037888715;-0.0102259535;-0.008895871;0.0212844;0.6917805;-0.06226171;-0.010966661;0.9287703;0.220408;-0.011556458;0.055479217;0.018138675;0.7361324;0.20936987;-0.1339406;0.9368774;-0.11636572;-0.07559641;-0.14710091;0.02106542;-0.0015442097;-0.015107311;-0.61545986;-0.08912416;-0.039317388;0.07836364;-0.15014422;-0.16614388;0.28886935;-0.00952631;-0.003257734;-0.4287512;-0.1967593;-0.22827502;0.45446298;-0.050392684;0.09474029;-0.35833982;-0.9688945;-0.7071109;0.38623676;0.63117635;0.36198857;-0.56955117;0.29651806;0.38094187;-0.28027305;-0.24285132;-0.3772027;-0.12271461;-0.2592565;0.059443038;-0.4925807;-0.42010283;-0.2542035;-0.08596668;-0.4898973;-0.47631627;-0.99263185;-0.82283604;0.32448143;0.5017283;-0.07307907;0.16435796;0.15611883;0.34603965;-0.8523203;0.8522749;-0.9416177;-0.2804307;-0.7447704;-0.60769707;-0.911575;-0.35766518;-0.74719596;0.3953946;-0.5551239;-0.4667238
-0.04675934;0.0382012;-0.047652047;-0.019166753;0.007891992;0.00985721;0.017826771;-0.011330789;-0.030245522;-0.32990807;-0.04751207;-0.39344642;-0.2911023;-0.0024029666;-0.36447448;-0.011126096;0.026563844;-0.0012645429;-0.010887986;-0.00804972;0.024186749;0.6900874;-0.07056791;-0.008790524;0.9324045;0.21153927;-0.014794985;0.059174314;0.020461986;0.7248319;0.21371393;-0.1372656;0.9386242;-0.12706889;-0.079716034;-0.14689088;0.019992728;-0.0022658815;-0.019366477;-0.59075326;-0.1236257;-0.030682338;0.110464714;-0.15304723;-0.22888626;0.33964875;-0.011241513;-0.00023747422;-0.41448694;-0.22092037;-0.22929111;0.50277185;-0.059470773;0.052338574;-0.32397157;-0.9732422;-0.7571839;0.37133518;0.6297211;0.32924163;-0.5567212;0.34170878;0.42853904;-0.34840074;-0.16078499;-0.38944253;-0.13791463;-0.29386708;-0.03533897;-0.46864495;-0.4503132;-0.27274314;-0.10315957;-0.4540977;-0.47877797;-0.9932442;-0.85962737;0.30453432;0.48085806;-0.08381527;0.1716086;0.14922714;0.36729783;-0.86720735;0.8623728;-0.9427389;-0.2645135;-0.7668569;-0.6208602;-0.9099566;-0.40619537;-0.7739804;0.41129816;-0.53232706;-0.47381577
-0.04733067;0.042685732;-0.045845784;-0.020479279;0.010930254;0.013104892;0.021614341;-0.013294949;-0.02908527;-0.31390408;-0.052814417;-0.39235494;-0.28048366;-0.0047985865;-0.36390826;-0.014885029;0.02622858;0.00046892688;-0.011728036;-0.007209151;0.026726868;0.6854676;-0.0802878;-0.004830837;0.9336915;0.19928525;-0.017113844;0.0682022;0.021808749;0.70891476;0.2189756;-0.13948725;0.93914694;-0.13610053;-0.0829273;-0.14547703;0.017874595;-0.0016984064;-0.022571271;-0.5708727;-0.15326889;-0.018891709;0.14545658;-0.15082037;-0.2717554;0.37260222;-0.01175021;0.0021989197;-0.39352077;-0.2349337;-0.23226139;0.5439004;-0.04958181;-0.0025637725;-0.29650524;-0.97562337;-0.78177714;0.34602478;0.62401515;0.31799206;-0.5250977;0.3844525;0.46502006;-0.37617022;-0.061746225;-0.37080988;-0.12742838;-0.29122087;-0.17616753;-0.41595277;-0.4664219;-0.25286272;-0.14067931;-0.3874567;-0.48239976;-0.99375206;-0.88566023;0.2834932;0.4612982;-0.090730116;0.20026672;0.13300696;0.3972184;-0.87779444;0.8818228;-0.94396055;-0.2448846;-0.78245765;-0.6583348;-0.9062207;-0.4435401;-0.792777;0.41484767;-0.49926442;-0.4818259
-0.048237238;0.047421105;-0.045055803;-0.020868704;0.014188084;0.015626881;0.024718257;-0.015572141;-0.028728485;-0.29951483;-0.059987027;-0.3868005;-0.27201363;-0.010107035;-0.3617817;-0.01844469;0.025729643;0.0019948403;-0.012622138;-0.0067812256;0.028930489;0.6788469;-0.09080061;6.991997e-05;0.93362355;0.18691541;-0.017941209;0.07968232;0.022061128;0.6924976;0.2241478;-0.1419942;0.93839616;-0.14339775;-0.08543525;-0.14407837;0.015242397;-0.00048166505;-0.024579186;-0.5619766;-0.17772827;-0.009154021;0.17513648;-0.14558107;-0.2917273;0.39098966;-0.0110323345;0.0041238167;-0.36860228;-0.24216695;-0.23620439;0.5719199;-0.02351549;-0.06648004;-0.2724772;-0.9769628;-0.79527926;0.32030922;0.6191196;0.3244168;-0.49348557;0.41848132;0.49260396;-0.37898305;0.0026296237;-0.35314777;-0.11391923;-0.266478;-0.29557538;-0.3616638;-0.4834011;-0.2121579;-0.16630523;-0.31151074;-0.4981446;-0.99409634;-0.9017597;0.26421142;0.44518247;-0.08879435;0.23602091;0.11818231;0.43120438;-0.88422346;0.9008111;-0.9456063;-0.22507109;-0.79097015;-0.70895076;-0.9006179;-0.46844375;-0.80057925;0.4086401;-0.45758456;-0.49200347
-0.04932261;0.0512498;-0.04474224;-0.020761637;0.017007152;0.017173404;0.027039073;-0.017616823;-0.02866637;-0.2883564;-0.067366354;-0.37974742;-0.26660004;-0.016526576;-0.35988426;-0.021376528;0.025233313;0.0038710586;-0.013494832;-0.006540996;0.030964443;0.6719191;-0.100437194;0.004158696;0.93285656;0.1753419;-0.017599676;0.08958402;0.021498434;0.67782944;0.22795062;-0.14437209;0.93682957;-0.1480955;-0.0868028;-0.1434978;0.012536683;0.00066830765;-0.025542026;-0.56160706;-0.19780293;-0.0032540534;0.20157048;-0.13838303;-0.29680896;0.39822173;-0.009850384;0.0054754755;-0.34412032;-0.24545515;-0.24137172;0.5887858;0.010033896;-0.13133071;-0.25391492;-0.9779194;-0.80559164;0.29859436;0.6150396;0.33850735;-0.4730308;0.4403907;0.5111945;-0.37229106;0.01857665;-0.34905335;-0.10648032;-0.23729219;-0.37038603;-0.32312584;-0.5040988;-0.17051671;-0.17174025;-0.24750185;-0.5225028;-0.9942621;-0.9114148;0.24739036;0.43200338;-0.079800315;0.2722825;0.1094058;0.46194407;-0.8872298;0.91569644;-0.9473434;-0.2091058;-0.79459333;-0.758076;-0.89405787;-0.48431712;-0.7997229;0.39971963;-0.4125121;-0.5042355
-0.05044817;0.053397175;-0.04449617;-0.020346958;0.019077903;0.018089078;0.028671166;-0.019158807;-0.028447894;-0.28085077;-0.07299646;-0.3721362;-0.26376486;-0.022560384;-0.35899195;-0.023668483;0.024805779;0.005991691;-0.014099646;-0.0059953826;0.03273254;0.6661601;-0.108044095;0.006743008;0.93186873;0.16466652;-0.016606867;0.09620408;0.02026962;0.6655802;0.2299565;-0.1457712;0.93486935;-0.14950143;-0.08653982;-0.14380963;0.0099255415;0.0012530881;-0.02536143;-0.56544054;-0.21510364;-0.0014437444;0.22770452;-0.13056682;-0.29420128;0.39577663;-0.008848779;0.0060332147;-0.32398757;-0.24519488;-0.249005;0.5973804;0.0416325;-0.18930463;-0.2437858;-0.9788387;-0.815124;0.28246245;0.610786;0.35309076;-0.4636707;0.45215854;0.5226313;-0.3654964;-0.0019163538;-0.3575585;-0.105405435;-0.21518037;-0.41078243;-0.30551732;-0.5256001;-0.13941781;-0.16516608;-0.20539166;-0.54843086;-0.99431676;-0.9176495;0.23303865;0.42128178;-0.06798327;0.30708498;0.10681501;0.48551735;-0.88785577;0.9265323;-0.9487761;-0.19934827;-0.795383;-0.7971063;-0.88738024;-0.49518377;-0.7945089;0.39427012;-0.36884376;-0.51648295
-0.05176975;0.053890567;-0.044244118;-0.019646779;0.020763334;0.018643033;0.029691625;-0.020370094;-0.028016914;-0.2770377;-0.077260785;-0.36636782;-0.26288998;-0.028260766;-0.360914;-0.0254715;0.02418089;0.007922127;-0.014038938;-0.0050587207;0.033905555;0.6616812;-0.11358404;0.007916218;0.9308992;0.15524992;-0.015378632;0.09987058;0.018602585;0.6555595;0.22990598;-0.14588448;0.9327366;-0.1487065;-0.084647834;-0.14474279;0.007622537;0.0010955329;-0.024417434;-0.5713039;-0.23065175;-0.0021685942;0.25349528;-0.12222445;-0.28710407;0.3873846;-0.008079489;0.0058881044;-0.30946717;-0.24248005;-0.25817394;0.5992016;0.06709266;-0.23804905;-0.2425433;-0.979862;-0.8240292;0.2720466;0.60637665;0.36414525;-0.46149337;0.45726165;0.5294171;-0.36231786;-0.040518574;-0.3752726;-0.10947306;-0.20479555;-0.43359601;-0.30589575;-0.5455789;-0.122835755;-0.15534413;-0.1845859;-0.57154256;-0.9943114;-0.92170626;0.22107096;0.41326866;-0.05635272;0.33864748;0.10920735;0.5032864;-0.8870441;0.93420166;-0.9495835;-0.19466494;-0.7942351;-0.8251322;-0.8804386;-0.5028535;-0.78745216;0.39381564;-0.32830447;-0.52696997
-0.053506803;0.0530994;-0.04411771;-0.018641938;0.022495821;0.019118734;0.030232882;-0.02146965;-0.027467694;-0.27782553;-0.08157833;-0.36533195;-0.26440582;-0.034299325;-0.36785182;-0.026953084;0.023118233;0.009403075;-0.013006112;-0.0037380212;0.034377407;0.6581437;-0.11761656;0.007913141;0.9300721;0.14741918;-0.014132977;0.10132639;0.01658801;0.6474008;0.22801545;-0.14477655;0.93060905;-0.1474269;-0.08152511;-0.14604852;0.005832088;0.00027912483;-0.022973334;-0.578272;-0.24517453;-0.0032660041;0.27813762;-0.112160526;-0.27636322;0.37683314;-0.0074876645;0.0051673967;-0.30013442;-0.23840715;-0.26753548;0.59502727;0.08712576;-0.2796503;-0.24956891;-0.98104435;-0.83228946;0.26653528;0.60213834;0.37019885;-0.46276662;0.45853755;0.53317773;-0.3628465;-0.08393214;-0.39943206;-0.11894317;-0.20632318;-0.45187342;-0.3194106;-0.5639018;-0.11997562;-0.14828336;-0.18047144;-0.59090513;-0.9942765;-0.92408615;0.2109642;0.40791816;-0.04623179;0.3660666;0.11606051;0.51844674;-0.8854041;0.9397247;-0.94961363;-0.19365324;-0.7913738;-0.84460694;-0.87236416;-0.5083607;-0.779382;0.39781862;-0.28999108;-0.53489536
-0.05565878;0.051425423;-0.044203863;-0.017317189;0.024493162;0.019576637;0.030492766;-0.022552466;-0.026928948;-0.28398946;-0.086686596;-0.3696362;-0.26903388;-0.041215893;-0.37962317;-0.028278539;0.021535382;0.010423263;-0.010927615;-0.00221588;0.034196388;0.6549105;-0.12072693;0.00712285;0.9293172;0.14119247;-0.012899845;0.10158169;0.014285651;0.6402658;0.22476724;-0.1427337;0.9285157;-0.14681116;-0.077715985;-0.14738064;0.004535439;-0.00091778825;-0.021220976;-0.5858663;-0.2590511;-0.0030928915;0.30052087;-0.09904966;-0.26260722;0.36549678;-0.007007652;0.0039975354;-0.29470408;-0.23361729;-0.2767789;0.5856087;0.1035704;-0.31664893;-0.26406056;-0.9823458;-0.83971393;0.2644329;0.59788543;0.37115556;-0.46453848;0.45747495;0.5347075;-0.3664161;-0.124836326;-0.42782876;-0.13362475;-0.21801673;-0.47372285;-0.34178826;-0.5810271;-0.1281117;-0.14691825;-0.18891628;-0.60727495;-0.9942185;-0.9250662;0.20188786;0.40518776;-0.038131017;0.38892087;0.1264761;0.5327038;-0.88314736;0.94383377;-0.9489287;-0.19567955;-0.7865201;-0.8578692;-0.86239815;-0.5127443;-0.7701884;0.40572116;-0.25288543;-0.5402684
-0.057883445;0.049237918;-0.04438319;-0.015763585;0.026674462;0.019744927;0.030640919;-0.023597304;-0.026501339;-0.2946286;-0.09209081;-0.37689897;-0.27637172;-0.04900746;-0.3926662;-0.029558713;0.019480297;0.011115939;-0.008096933;-0.0010182806;0.033419684;0.65113956;-0.123159856;0.006064627;0.928426;0.13628878;-0.011689662;0.101762615;0.011983943;0.6329096;0.2206059;-0.14027862;0.9263127;-0.14690618;-0.073800996;-0.14820224;0.0034501897;-0.0020951969;-0.019524872;-0.59347475;-0.2718874;-0.0010151729;0.3195023;-0.0828;-0.24753888;0.35193947;-0.0065032504;0.002684348;-0.29138437;-0.2287102;-0.28618917;0.5719168;0.11734714;-0.34962872;-0.28465998;-0.983621;-0.84582627;0.26390955;0.5928729;0.36775792;-0.46435905;0.45441458;0.5345123;-0.37248394;-0.16005383;-0.45760465;-0.15032463;-0.23652728;-0.5017691;-0.3684053;-0.59613293;-0.14320838;-0.1507424;-0.20635608;-0.6214466;-0.99413264;-0.92490184;0.19320491;0.40533686;-0.03279542;0.4063279;0.13798928;0.54511815;-0.88031787;0.9469083;-0.94790405;-0.2004173;-0.7796344;-0.86644727;-0.8511963;-0.5169044;-0.759717;0.41733685;-0.21843247;-0.54406035
-0.059923045;0.04676301;-0.044477034;-0.014152983;0.02878523;0.019449284;0.030666541;-0.024531327;-0.02619408;-0.3081375;-0.09675775;-0.38404807;-0.2851932;-0.057183564;-0.403051;-0.030786743;0.016988901;0.011636056;-0.0049644206;-0.00068273477;0.032090385;0.64633703;-0.12482346;0.0050966777;0.9272779;0.13238682;-0.010572337;0.10245194;0.010011075;0.6244213;0.21572918;-0.13788885;0.92389345;-0.1470351;-0.07005532;-0.14814936;0.0022751314;-0.0029612223;-0.018148892;-0.6003333;-0.28279087;0.003095287;0.33485743;-0.06440645;-0.23320551;0.3339712;-0.0058330796;0.0015499409;-0.28896707;-0.2241616;-0.2954601;0.5548258;0.12884538;-0.3782211;-0.30957666;-0.9847507;-0.85030586;0.26357505;0.5863954;0.3614585;-0.4607685;0.4496288;0.5329241;-0.3796273;-0.18944658;-0.4855969;-0.16494974;-0.25766197;-0.5348251;-0.39460233;-0.60754186;-0.16069022;-0.15752405;-0.22888884;-0.63374335;-0.99402475;-0.9238468;0.18461575;0.40858063;-0.031123895;0.417548;0.14815077;0.55399346;-0.8769867;0.94926137;-0.9470286;-0.20763813;-0.771427;-0.8714694;-0.84060925;-0.52105856;-0.74813443;0.4321941;-0.18939851;-0.5475922
-0.0618708;0.044088595;-0.044394214;-0.012625476;0.03060433;0.0188282;0.030425379;-0.025266852;-0.025915464;-0.32364687;-0.09996141;-0.38924825;-0.29449072;-0.06513488;-0.40883148;-0.03186507;0.014016912;0.0120724905;-0.0018646378;-0.0014368666;0.030243289;0.6405884;-0.1255802;0.0043287715;0.9259178;0.12935497;-0.009632767;0.10363353;0.008493441;0.6146447;0.21014343;-0.13581575;0.92132074;-0.1466358;-0.0664052;-0.1472683;0.00090186665;-0.0034373375;-0.017058218;-0.60598725;-0.29096755;0.009325813;0.34746253;-0.04480006;-0.22078164;0.310559;-0.004933837;0.00070885924;-0.28714705;-0.22018215;-0.30357465;0.5351312;0.13876101;-0.40272206;-0.3370778;-0.98571825;-0.8532347;0.26292282;0.57827437;0.35377085;-0.4535035;0.44354424;0.5300863;-0.3857705;-0.21435042;-0.5099331;-0.17557743;-0.27808318;-0.5708413;-0.41747048;-0.6142829;-0.17707618;-0.16563368;-0.25290194;-0.64428884;-0.99390835;-0.9220691;0.17609783;0.4148087;-0.033592254;0.422787;0.15582679;0.5586453;-0.8732235;0.9512504;-0.94657207;-0.21706933;-0.76282835;-0.8739914;-0.8321407;-0.52467173;-0.7355774;0.44922206;-0.16725396;-0.5516089
-0.06395701;0.041235726;-0.04406565;-0.01123671;0.031977933;0.01806431;0.029798707;-0.025668062;-0.025528213;-0.3407109;-0.101383686;-0.3916329;-0.3035952;-0.0723275;-0.40951535;-0.032663874;0.010525002;0.012413587;0.0009701713;-0.00326925;0.027902002;0.6343218;-0.12537843;0.0037653414;0.92448026;0.12725952;-0.0089211445;0.10516388;0.007371881;0.60404646;0.20390469;-0.1341784;0.91876566;-0.14555293;-0.06274523;-0.14585796;-0.00062850455;-0.0035249998;-0.016075378;-0.6106389;-0.2959783;0.017285708;0.35885167;-0.024680331;-0.21042395;0.2819916;-0.0038076872;0.000104334205;-0.28598446;-0.2168538;-0.30959174;0.51389605;0.14789279;-0.4238859;-0.36566058;-0.98656833;-0.85495645;0.26223212;0.5689106;0.34566388;-0.44313058;0.43629432;0.5262496;-0.38939348;-0.2362444;-0.5303069;-0.18213473;-0.29588223;-0.6079337;-0.43633878;-0.6164766;-0.19053406;-0.17439345;-0.27596635;-0.65323555;-0.9937919;-0.9196073;0.1679019;0.42366132;-0.04020738;0.42308274;0.16067502;0.5593451;-0.86904377;0.9531464;-0.9465361;-0.22819725;-0.75439394;-0.8749622;-0.82631886;-0.5269871;-0.72203267;0.46717444;-0.15204151;-0.55605394
-0.06633932;0.03816484;-0.04337619;-0.009963218;0.032787062;0.017173609;0.028729813;-0.025555575;-0.024926057;-0.35857815;-0.10095475;-0.39071378;-0.31188998;-0.078331806;-0.40517664;-0.033062123;0.0065412195;0.012529393;0.0033582337;-0.006071115;0.025074823;0.6280497;-0.12418791;0.003348576;0.92312723;0.12629439;-0.008425218;0.1069739;0.0064693536;0.593503;0.19721831;-0.13301966;0.91641504;-0.14387685;-0.059090503;-0.14426804;-0.0022484579;-0.0031912215;-0.015021114;-0.61511356;-0.29774022;0.025750317;0.37073654;-0.0051209717;-0.20161705;0.2495758;-0.0024865505;-0.00038967654;-0.28566462;-0.21420503;-0.31306213;0.4923463;0.15669896;-0.44220188;-0.39403963;-0.9873589;-0.85590464;0.2623178;0.55913377;0.33748317;-0.4309677;0.42789298;0.5220649;-0.3899547;-0.2565916;-0.5472137;-0.18503988;-0.31019598;-0.64397997;-0.45192236;-0.6149216;-0.20046516;-0.18327603;-0.29684544;-0.66078687;-0.9936791;-0.91639024;0.16052413;0.43467024;-0.050784353;0.41981456;0.16252305;0.5568342;-0.86445314;0.95506585;-0.94680464;-0.24028194;-0.7463975;-0.87509197;-0.8231479;-0.5274227;-0.70770293;0.4849919;-0.14365688;-0.5603234
-0.069045685;0.034793004;-0.042202085;-0.008750321;0.032964263;0.016028428;0.027199002;-0.02477403;-0.024076905;-0.37601727;-0.09876477;-0.38618454;-0.31865188;-0.0828448;-0.39601246;-0.032971192;0.0021558395;0.012217806;0.0052077016;-0.009666591;0.021777222;0.62215084;-0.12196526;0.002931236;0.9219786;0.12667777;-0.0080790045;0.1090767;0.0055491515;0.5839437;0.19033824;-0.13228256;0.9143799;-0.14176187;-0.05552421;-0.14277495;-0.003912827;-0.002360034;-0.0137514975;-0.62043345;-0.2964509;0.033063315;0.38442004;0.012219897;-0.19358626;0.21534711;-0.0010257722;-0.00089846516;-0.2863119;-0.21215585;-0.31394455;0.47135615;0.16514169;-0.45769376;-0.4210142;-0.98813695;-0.85647404;0.26411682;0.5498019;0.32917213;-0.41909763;0.41884065;0.5184489;-0.38765037;-0.27737048;-0.56122434;-0.18469088;-0.32086316;-0.67642576;-0.46527842;-0.6106601;-0.2070913;-0.19122997;-0.31504738;-0.6672121;-0.99357086;-0.91232634;0.1545063;0.4472594;-0.065112524;0.4141952;0.16125114;0.5519565;-0.8594987;0.9570084;-0.94726497;-0.25262854;-0.7391492;-0.8748075;-0.8225847;-0.52565444;-0.6932449;0.5018519;-0.14241457;-0.56359655
-0.07198919;0.031104404;-0.040506776;-0.0075768637;0.032539375;0.014505247;0.025230726;-0.02329226;-0.023030473;-0.39156884;-0.09498608;-0.37776983;-0.32308012;-0.0857157;-0.3820046;-0.032360885;-0.0024900262;0.011330281;0.006533613;-0.013793611;0.018086389;0.6167473;-0.11874784;0.0023242414;0.92105234;0.12847547;-0.007818006;0.111547776;0.004422957;0.5758978;0.18344894;-0.13181351;0.91263986;-0.13933358;-0.052118555;-0.14151324;-0.005566818;-0.000984767;-0.012188052;-0.62724334;-0.29248062;0.037900936;0.40025544;0.025513392;-0.18577537;0.18171492;0.00048434635;-0.0014885875;-0.28765494;-0.21056968;-0.31237406;0.45110306;0.17271875;-0.47015363;-0.4453244;-0.98892826;-0.85691327;0.26823255;0.54141784;0.3205914;-0.41011077;0.41035295;0.51613945;-0.3829984;-0.30156475;-0.57260156;-0.18148102;-0.32820317;-0.70267683;-0.47717318;-0.6047063;-0.21115898;-0.19653685;-0.33043426;-0.67285293;-0.9934644;-0.9073826;0.15017274;0.46069127;-0.0828762;0.40695947;0.15690601;0.5453695;-0.85428745;0.9589276;-0.9478404;-0.2648129;-0.73314697;-0.87433356;-0.82462734;-0.5215803;-0.67965585;0.5171655;-0.14865944;-0.56511724
-0.07499597;0.027277188;-0.038421717;-0.006483767;0.03165483;0.012624826;0.022933137;-0.021280779;-0.021907762;-0.40383568;-0.08979161;-0.36502728;-0.32439888;-0.08694485;-0.36270735;-0.031289335;-0.0071939207;0.009888909;0.007398807;-0.018102696;0.01419194;0.6117306;-0.11478417;0.0014134708;0.9202627;0.13140993;-0.0076470706;0.1144592;0.0030711729;0.5692191;0.17665312;-0.13142233;0.91106313;-0.13664506;-0.048912577;-0.14045502;-0.007100011;0.0008596197;-0.010354602;-0.63546824;-0.28621006;0.039788343;0.4174907;0.033294264;-0.17812814;0.15101764;0.0019091761;-0.0021356142;-0.28881377;-0.20943229;-0.30845726;0.4312939;0.17856999;-0.47939652;-0.46563962;-0.98973894;-0.8572733;0.27471378;0.53410524;0.31180897;-0.40653363;0.4038904;0.51538795;-0.3764708;-0.33294916;-0.58122236;-0.17577837;-0.33277008;-0.7206272;-0.48795593;-0.5979381;-0.21360421;-0.19722903;-0.34307906;-0.67802465;-0.9933543;-0.9015911;0.14750746;0.47405457;-0.10343407;0.39844254;0.14979559;0.53737444;-0.84900016;0.96079063;-0.9484631;-0.27658862;-0.7290233;-0.87383;-0.8291713;-0.51526034;-0.6680341;0.5306128;-0.16220699;-0.56437415
-0.07783981;0.023667952;-0.036230825;-0.0055317893;0.0305139;0.010595073;0.020500224;-0.019087119;-0.020861149;-0.41166067;-0.083386496;-0.347441;-0.32198068;-0.08668614;-0.33755395;-0.029900044;-0.011704305;0.008106267;0.007854859;-0.0221846;0.010388339;0.6068838;-0.11052711;0.00022201613;0.9194744;0.13481759;-0.007661168;0.117767274;0.0016570685;0.56318766;0.16998658;-0.13093331;0.90947807;-0.13366853;-0.0459142;-0.1394583;-0.008347797;0.0029421605;-0.008352767;-0.6443965;-0.27786428;0.039238304;0.43457252;0.03468103;-0.17093927;0.124958135;0.003079126;-0.0027484114;-0.28850615;-0.20887987;-0.30214223;0.41177008;0.18170586;-0.48525345;-0.48079994;-0.99055725;-0.8574544;0.28315374;0.527871;0.3031849;-0.40992978;0.4003571;0.51603913;-0.36831284;-0.37465048;-0.5867176;-0.16789499;-0.33516172;-0.72907156;-0.49776012;-0.5910592;-0.21530905;-0.19199257;-0.35336003;-0.6828358;-0.9932318;-0.89498365;0.14623375;0.48636737;-0.1256684;0.3889373;0.14050427;0.5279609;-0.8438724;0.96262395;-0.9490373;-0.2875952;-0.72734565;-0.87348264;-0.8358666;-0.5068047;-0.65940773;0.5420183;-0.1821758;-0.56123245
-0.08027055;0.020601982;-0.034202836;-0.004707769;0.029264582;0.008737854;0.01812478;-0.017068759;-0.020009652;-0.41418764;-0.07634833;-0.32518095;-0.31553385;-0.08535833;-0.30709597;-0.028330766;-0.015782097;0.0062894863;0.007966269;-0.025570728;0.0069789053;0.60200644;-0.10634448;-0.0011819074;0.91858333;0.1378911;-0.008009254;0.12120061;0.00037022075;0.5569653;0.16331829;-0.13014124;0.9077405;-0.13037293;-0.043110847;-0.1383972;-0.009142169;0.004917945;-0.0062473975;-0.65298915;-0.26729497;0.03797166;0.4494755;0.029172549;-0.16445167;0.10412905;0.003804104;-0.0032408752;-0.28560242;-0.20891085;-0.29304984;0.3929278;0.18126465;-0.48728824;-0.49036843;-0.99135655;-0.8572965;0.29290453;0.522807;0.29518348;-0.42004848;0.399598;0.51779544;-0.35848612;-0.4271277;-0.58872384;-0.15836203;-0.335985;-0.72803956;-0.50704455;-0.58458376;-0.21722718;-0.18126003;-0.36242726;-0.68699324;-0.99308866;-0.8874856;0.146069;0.49679625;-0.14802827;0.37908474;0.12988243;0.51716685;-0.8391001;0.96457136;-0.9494474;-0.2973247;-0.7284609;-0.8735791;-0.8441539;-0.49611542;-0.6546694;0.5507501;-0.20716424;-0.5560764
-0.08188421;0.01810958;-0.03224974;-0.0038534324;0.027809305;0.007342116;0.015838327;-0.015297603;-0.019451184;-0.4102958;-0.070788324;-0.3010188;-0.30521697;-0.08413318;-0.27582496;-0.02645223;-0.019185819;0.004687892;0.007948478;-0.027515046;0.0041345935;0.59695256;-0.10180939;-0.0029988643;0.91760045;0.1402158;-0.0088886125;0.124156915;-0.0008928088;0.55022454;0.15607098;-0.12856005;0.90575933;-0.12700197;-0.040635403;-0.13736959;-0.009314021;0.0063791573;-0.0039083953;-0.6599246;-0.25308135;0.040554956;0.4588908;0.01563413;-0.15871382;0.08879295;0.0037863324;-0.0035622672;-0.27936548;-0.20893942;-0.27973828;0.3751309;0.1760906;-0.48427254;-0.49573994;-0.9921132;-0.85645944;0.3030586;0.5190296;0.2882166;-0.43540958;0.40086;0.52012813;-0.34629738;-0.48848575;-0.58684695;-0.14864868;-0.3360004;-0.71866846;-0.51826066;-0.5790569;-0.22127171;-0.16772197;-0.37403795;-0.68949;-0.9929214;-0.8787342;0.14723174;0.50470924;-0.16861466;0.37020618;0.11925077;0.5061021;-0.83479315;0.96704227;-0.94973534;-0.30609998;-0.7331298;-0.8748504;-0.8538686;-0.482235;-0.65488225;0.5540023;-0.23550065;-0.54993576
-0.0818301;0.015911752;-0.029596988;-0.0027143606;0.025629876;0.006517018;0.0134191625;-0.01327594;-0.019305503;-0.39718893;-0.07116134;-0.28169793;-0.29103503;-0.08516929;-0.25402126;-0.023572346;-0.021524534;0.0034934613;0.008234071;-0.026691176;0.0018729545;0.59170246;-0.094831906;-0.006083987;0.9167642;0.14212924;-0.01060061;0.12565067;-0.0027932585;0.5435779;0.14704853;-0.12506254;0.9035779;-0.12420955;-0.039071146;-0.13692498;-0.008609879;0.006909815;-0.0009952054;-0.6628483;-0.23132901;0.056571838;0.45654473;-0.009287919;-0.15359916;0.08123579;0.0024385503;-0.0035413331;-0.26901373;-0.20733184;-0.25847942;0.35710436;0.16336472;-0.47337705;-0.50152147;-0.99282444;-0.85400486;0.31228593;0.5163499;0.2829502;-0.4547059;0.4032608;0.5215839;-0.32889423;-0.55711526;-0.579189;-0.14075528;-0.33597592;-0.70253897;-0.5368251;-0.5747989;-0.23153177;-0.15657601;-0.3967776;-0.68833554;-0.9927433;-0.86791974;0.15087281;0.5092759;-0.18470237;0.3643438;0.110724546;0.4976837;-0.8311632;0.97073966;-0.95053697;-0.31705135;-0.74400955;-0.8788847;-0.8665311;-0.46295097;-0.66213614;0.5448931;-0.26623645;-0.5446609
-0.08021618;0.014210883;-0.026070984;-0.0012674379;0.022734895;0.006100507;0.010968511;-0.010821723;-0.018853826;-0.37587878;-0.07399663;-0.26340693;-0.2726443;-0.086672805;-0.23728438;-0.019889077;-0.02293235;0.0032805668;0.008393807;-0.02340191;0.00041646877;0.58710766;-0.08482323;-0.010580673;0.91665137;0.14351645;-0.01284617;0.12598367;-0.005331576;0.5375972;0.1368367;-0.11946734;0.90192896;-0.12147134;-0.0385252;-0.13769045;-0.007404397;0.006611919;0.0021778932;-0.65867347;-0.20438984;0.082952924;0.44246286;-0.04429455;-0.14738815;0.08219755;-9.253714e-05;-0.0028082877;-0.25678393;-0.20096129;-0.22839108;0.33886102;0.14225599;-0.45266807;-0.5085995;-0.99343747;-0.8494309;0.32063445;0.51426613;0.27896452;-0.47348315;0.39953423;0.51924807;-0.3003181;-0.62570745;-0.55990237;-0.12880525;-0.33249024;-0.68226695;-0.5543417;-0.56655246;-0.24880612;-0.15747948;-0.43132558;-0.68418854;-0.9926135;-0.85470986;0.15619326;0.510041;-0.19212835;0.36233416;0.104235835;0.48840314;-0.8279778;0.97501236;-0.9524121;-0.33079535;-0.7604895;-0.88597023;-0.8825968;-0.44020358;-0.67648894;0.5240816;-0.30177426;-0.5412929
-0.07855056;0.013618165;-0.02247443;0.00020666374;0.01991914;0.0058835535;0.008943795;-0.008758416;-0.017099775;-0.35514942;-0.069581024;-0.23063459;-0.252929;-0.084416725;-0.2052559;-0.017041633;-0.023949288;0.004243607;0.0073802937;-0.019933103;-6.1597675e-05;0.5841817;-0.07513823;-0.015074942;0.91739917;0.14374694;-0.014571655;0.12750344;-0.007307491;0.53220695;0.12818033;-0.113242775;0.90111774;-0.1173937;-0.038095355;-0.1397668;-0.007042097;0.006040272;0.0046863966;-0.64543456;-0.18268195;0.10063822;0.42632595;-0.078939244;-0.13768333;0.08973767;-0.002424087;-0.0014196903;-0.24833389;-0.18685943;-0.19432357;0.32094136;0.11680371;-0.4255901;-0.5094212;-0.99382776;-0.84296656;0.3295725;0.51340544;0.27387446;-0.4896472;0.37841043;0.50761783;-0.25454915;-0.68660504;-0.52043885;-0.10213414;-0.31611007;-0.6567699;-0.5471295;-0.5453624;-0.2678839;-0.17881434;-0.4682562;-0.6802993;-0.99262476;-0.83978266;0.15982361;0.5072536;-0.18854222;0.36262992;0.09653862;0.46793586;-0.8244525;0.9781565;-0.95477384;-0.34278917;-0.77596474;-0.8939481;-0.8983488;-0.4214152;-0.6928892;0.50382495;-0.34186295;-0.53975874
-0.07678638;0.013748069;-0.018583108;0.0015834038;0.017396277;0.005755475;0.0072389934;-0.0074312543;-0.015129181;-0.33611792;-0.060537875;-0.18671305;-0.23435177;-0.07968009;-0.16007638;-0.015272902;-0.024204189;0.0055521065;0.0056365514;-0.016472695;-9.018928e-06;0.5821903;-0.06711168;-0.019170683;0.91817087;0.14321828;-0.015532151;0.12938403;-0.008268456;0.5284059;0.12188505;-0.10701181;0.9000416;-0.11191655;-0.037451815;-0.14231968;-0.007734785;0.0052240496;0.006191417;-0.6247588;-0.16589391;0.10796063;0.41607922;-0.11024386;-0.12356669;0.10079811;-0.004238348;4.6318397e-05;-0.24171399;-0.1665295;-0.15782942;0.29806432;0.087978736;-0.39497492;-0.5032754;-0.993986;-0.8360573;0.3378001;0.5140423;0.26731578;-0.50147486;0.3427048;0.4837196;-0.19557655;-0.7359856;-0.4623965;-0.06577907;-0.28723127;-0.62472326;-0.5160249;-0.51607484;-0.28734773;-0.21828844;-0.5052228;-0.67633176;-0.99276936;-0.8218434;0.16209118;0.50070524;-0.17714055;0.36325288;0.08362685;0.43226144;-0.8196788;0.9798141;-0.95704275;-0.3560239;-0.7879281;-0.90049803;-0.9116998;-0.40869612;-0.70858943;0.48484582;-0.3780738;-0.5402018
-0.07496149;0.013908816;-0.014761556;0.0028837887;0.015367119;0.005415054;0.0057661957;-0.0066226847;-0.013943285;-0.3166101;-0.050980546;-0.1424535;-0.21645638;-0.074256;-0.11175237;-0.013987949;-0.023814445;0.006778343;0.0038182717;-0.013022634;6.163493e-05;0.58094853;-0.0611021;-0.022649033;0.91912186;0.14394344;-0.015515196;0.12978368;-0.008348432;0.52893615;0.1188476;-0.10244974;0.8989338;-0.106386505;-0.037133344;-0.14438075;-0.008649636;0.0041764025;0.006630558;-0.6066043;-0.15019755;0.10446229;0.42124116;-0.14190623;-0.10593752;0.10796685;-0.0057435078;0.0011360807;-0.23529008;-0.14316516;-0.122866;0.27265263;0.057065208;-0.36038864;-0.49346355;-0.99400836;-0.83256704;0.34352073;0.5148618;0.2590859;-0.5061808;0.3033593;0.45192412;-0.13769835;-0.77108735;-0.40430027;-0.031878132;-0.25775537;-0.59043574;-0.48079154;-0.4912803;-0.30807438;-0.26492137;-0.5397902;-0.6725469;-0.9929902;-0.79895365;0.16455178;0.4915079;-0.16258849;0.36505127;0.0625721;0.38376406;-0.8124806;0.98017997;-0.95855254;-0.3707724;-0.7969357;-0.9053317;-0.9220672;-0.39686736;-0.7241529;0.46241003;-0.4065781;-0.5368455
-0.073482774;0.013950637;-0.011408227;0.004052898;0.013858278;0.0046666027;0.0047329715;-0.005919193;-0.013314234;-0.29668015;-0.042414535;-0.10176762;-0.19928482;-0.06919516;-0.06679605;-0.012595284;-0.023092136;0.007769467;0.0022132748;-0.009686989;-6.284192e-05;0.580571;-0.057008866;-0.025099335;0.9206717;0.14802577;-0.014470291;0.12894489;-0.0077460255;0.53632003;0.12008139;-0.10098552;0.898714;-0.102564365;-0.038073357;-0.14618252;-0.00941205;0.0030841262;0.006155765;-0.60087174;-0.13355702;0.08908683;0.44414642;-0.17529643;-0.08649828;0.108254015;-0.00675568;0.0017683711;-0.23290467;-0.11917561;-0.09506628;0.25577366;0.027388442;-0.31974486;-0.48054847;-0.99398184;-0.8340465;0.34629402;0.51502204;0.24825642;-0.5100585;0.2666828;0.4172464;-0.089621395;-0.7966979;-0.35930318;-0.0071056187;-0.23676881;-0.55618286;-0.4549409;-0.475053;-0.33176446;-0.3076782;-0.5704131;-0.66868025;-0.9932883;-0.7711553;0.16705568;0.48216656;-0.14442538;0.36752632;0.037765414;0.33021674;-0.8034676;0.97968775;-0.9592583;-0.3850973;-0.8034141;-0.909301;-0.92974037;-0.38317364;-0.7398397;0.4317145;-0.43053725;-0.5271919
-0.07227069;0.013940433;-0.008286329;0.0048034117;0.012773744;0.0036312505;0.004170999;-0.0051467884;-0.012863297;-0.27661988;-0.034895558;-0.06486273;-0.18306886;-0.06454937;-0.027690496;-0.010854368;-0.022195218;0.008459248;0.0008864567;-0.006572512;-0.00041123843;0.58070874;-0.05453563;-0.026428554;0.9224808;0.15550183;-0.012788471;0.127744;-0.0066821785;0.549883;0.12544133;-0.102379985;0.899379;-0.10088692;-0.040468413;-0.14822638;-0.010077756;0.0020496473;0.0048795133;-0.60946137;-0.11491485;0.06427164;0.4803485;-0.20887806;-0.0659285;0.102455825;-0.007199668;0.0021047913;-0.23763345;-0.09528644;-0.07713653;0.2534324;0.00035694242;-0.27199417;-0.4640784;-0.9939022;-0.8390967;0.34610394;0.5140142;0.23471256;-0.5189;0.23191842;0.3801118;-0.052092046;-0.81793773;-0.3291644;0.008329227;-0.22554527;-0.52012384;-0.44087642;-0.46496275;-0.35871363;-0.34213328;-0.59784967;-0.66335034;-0.993644;-0.7389014;0.16871989;0.47407764;-0.12121556;0.36943075;0.0135775;0.27637017;-0.7936902;0.97865564;-0.9593519;-0.39860436;-0.80794615;-0.9128503;-0.93555135;-0.3675792;-0.7559548;0.38988805;-0.45396277;-0.51176965
-0.0711139;0.0138640795;-0.0051170285;0.0050583705;0.011992946;0.0025297636;0.003928613;-0.004263891;-0.012479576;-0.25651655;-0.028125335;-0.031918008;-0.16797759;-0.059965797;0.0053149736;-0.008828322;-0.021160731;0.00885373;-0.00012390874;-0.0036933506;-0.00096179685;0.58122414;-0.053496066;-0.026747365;0.92409986;0.16531014;-0.010914972;0.12679033;-0.005428296;0.5673066;0.13396366;-0.10558763;0.90050626;-0.10102589;-0.043958876;-0.15065552;-0.010656839;0.0010883496;0.002947811;-0.62914425;-0.09420399;0.033793524;0.5238817;-0.24114521;-0.04423815;0.09270794;-0.0072078933;0.0022889033;-0.2494388;-0.07135775;-0.06877948;0.2643374;-0.023945862;-0.21757235;-0.44404057;-0.99375343;-0.84580296;0.3432687;0.5121392;0.21961549;-0.5337766;0.19698198;0.33969298;-0.022958905;-0.83719313;-0.31143397;0.01660239;-0.22185007;-0.4796241;-0.43652827;-0.45868763;-0.387886;-0.3688448;-0.6233818;-0.65628076;-0.9940306;-0.70248336;0.16953126;0.46775016;-0.09408728;0.3699311;-0.010079447;0.2234834;-0.783994;0.97723085;-0.95902073;-0.41141394;-0.8113872;-0.9158546;-0.9403131;-0.3501928;-0.77274424;0.3374361;-0.47844523;-0.49146655
-0.06998695;0.013710039;-0.0019728113;0.005065348;0.011399031;0.0015559844;0.0038341128;-0.0032772452;-0.012129103;-0.23639567;-0.021831796;-0.003736898;-0.15396525;-0.055208676;0.032370258;-0.006726198;-0.019988552;0.009029714;-0.00080064475;-0.0009782916;-0.0016401655;0.5819776;-0.0538658;-0.026117114;0.9252244;0.17627794;-0.009114614;0.1263601;-0.004233356;0.58605975;0.14440608;-0.109611385;0.9017172;-0.102609314;-0.048104;-0.15324326;-0.011027115;0.00017761812;0.00060764764;-0.65548617;-0.07222874;0.0013650182;0.5690197;-0.27080908;-0.021542324;0.08138349;-0.0069499244;0.002324573;-0.26601964;-0.047808625;-0.06822945;0.28423753;-0.04531725;-0.15768409;-0.42063025;-0.99353874;-0.85286707;0.3382338;0.5100813;0.20490324;-0.553246;0.16165957;0.2969618;7.835298e-05;-0.8549617;-0.30343285;0.019864744;-0.22317746;-0.43298918;-0.4393326;-0.45518917;-0.41733375;-0.3890201;-0.6469574;-0.6484694;-0.9944164;-0.6622824;0.16995123;0.4631562;-0.06607542;0.36845443;-0.03562418;0.17226188;-0.77512425;0.9754698;-0.9584101;-0.4228748;-0.8143352;-0.9179445;-0.9445349;-0.33114547;-0.78982544;0.2775403;-0.5036035;-0.4674888
-0.06899773;0.013501199;0.0008744166;0.0051383376;0.010903376;0.000842924;0.0037613793;-0.0022533888;-0.011729638;-0.21624641;-0.015777823;0.018734686;-0.14064795;-0.050191235;0.053422462;-0.00477815;-0.018704228;0.00908237;-0.0012070213;0.0016174609;-0.0023303751;0.58270776;-0.055617757;-0.02461407;0.92569417;0.18738402;-0.0075114165;0.12649952;-0.0032595824;0.60397685;0.15552501;-0.11372757;0.9027644;-0.105285615;-0.05251303;-0.15565123;-0.0110989455;-0.0007212914;-0.0018201163;-0.68431115;-0.050288532;-0.029658977;0.61120605;-0.29634687;0.0015421659;0.07020487;-0.0065560956;0.0021549512;-0.284108;-0.025747828;-0.07339617;0.3087644;-0.06344158;-0.09435613;-0.39428306;-0.993278;-0.8597023;0.3314669;0.5084046;0.19257256;-0.5750742;0.12726578;0.25477397;0.01863831;-0.8708805;-0.30335963;0.019637309;-0.22750169;-0.38012055;-0.44717693;-0.45401108;-0.44469267;-0.40318528;-0.6675207;-0.641507;-0.99477136;-0.6190636;0.17030393;0.4600217;-0.04069035;0.36477852;-0.06514026;0.12361003;-0.7677688;0.9734194;-0.957642;-0.43188626;-0.8170399;-0.91882944;-0.9484489;-0.311188;-0.8063752;0.21486019;-0.52832067;-0.44170973
-0.06826399;0.01325845;0.0031941037;0.005446643;0.010477005;0.00043487822;0.003668047;-0.0012931974;-0.011166163;-0.19612783;-0.009794758;0.035204884;-0.12743858;-0.04494124;0.068538696;-0.0031385846;-0.017398065;0.009076828;-0.0014626652;0.0040716277;-0.002917844;0.5831786;-0.058538996;-0.022446657;0.9254925;0.1978412;-0.0061712484;0.1271;-0.0025485272;0.6196192;0.16626339;-0.117498696;0.9035216;-0.10862321;-0.056848787;-0.15764569;-0.010905824;-0.0016298298;-0.00403753;-0.71224827;-0.029693428;-0.056746095;0.6477365;-0.31624648;0.02392627;0.05968937;-0.0060935984;0.0017589646;-0.30077678;-0.0062869443;-0.08240677;0.33456683;-0.07817991;-0.030554984;-0.36573347;-0.99299896;-0.8661994;0.32343674;0.50731665;0.18395375;-0.5971817;0.09533963;0.21644065;0.033749674;-0.88448167;-0.31013528;0.016943157;-0.23319712;-0.32260606;-0.45839012;-0.45465663;-0.46788424;-0.4116277;-0.68406093;-0.6368614;-0.9950762;-0.57406837;0.17066197;0.45809114;-0.020608723;0.35922766;-0.09901029;0.078388125;-0.7624637;0.97115815;-0.9568373;-0.43754807;-0.81955504;-0.9184418;-0.95210534;-0.29164743;-0.82154137;0.15429354;-0.5515409;-0.41637224
-0.06784512;0.012977005;0.004899491;0.005988292;0.010131529;0.00030145328;0.0035800277;-0.0004828739;-0.010353412;-0.1763421;-0.003826497;0.046355996;-0.113917544;-0.039596;0.07831802;-0.0018645965;-0.01618898;0.009048507;-0.0016765484;0.0063345954;-0.0033256134;0.58331513;-0.0622191;-0.01994462;0.92472845;0.20712641;-0.005135153;0.12795734;-0.002051204;0.6323622;0.17588253;-0.12071459;0.9039712;-0.11215411;-0.06084354;-0.15916017;-0.010554207;-0.002538386;-0.00584928;-0.7370729;-0.011353535;-0.07864544;0.6777485;-0.32963216;0.04437731;0.049316965;-0.0055889804;0.0011739966;-0.3144263;0.010025298;-0.09377278;0.3596018;-0.08975392;0.030337416;-0.33590135;-0.99273044;-0.8724412;0.3146682;0.5067023;0.1792705;-0.6181578;0.066682965;0.18412489;0.04619921;-0.8955914;-0.32274932;0.012577808;-0.23905587;-0.26329318;-0.4716551;-0.45641908;-0.48575714;-0.41495606;-0.6962954;-0.63529235;-0.9953263;-0.5289018;0.17101638;0.45722982;-0.0069672223;0.3526415;-0.1358993;0.037181377;-0.759496;0.9687933;-0.9561152;-0.4395062;-0.821906;-0.91692764;-0.9554813;-0.27387616;-0.8347734;0.09977132;-0.57260334;-0.39339742
-0.06773268;0.012636166;0.0060281763;0.0066700396;0.009877856;0.00037495326;0.0035405268;0.00013783574;-0.009275187;-0.15745702;0.0020663242;0.05349152;-0.10010497;-0.03436964;0.08385059;-0.00094479823;-0.015159971;0.009018438;-0.0019050792;0.008378533;-0.0035271326;0.58321327;-0.0661744;-0.01745043;0.92358863;0.21497838;-0.004418615;0.12885503;-0.0016891886;0.6422281;0.18400532;-0.123309776;0.90418226;-0.11550277;-0.06433009;-0.16025625;-0.010141531;-0.0034191369;-0.0071858834;-0.75777906;0.004386139;-0.0953968;0.7016591;-0.33660546;0.06196348;0.03822564;-0.0050616134;0.00047019398;-0.32492864;0.023270713;-0.106362954;0.38291523;-0.09870639;0.08541059;-0.30572483;-0.99249625;-0.8785087;0.30577496;0.50636077;0.17775355;-0.6373425;0.041203246;0.15824682;0.05671412;-0.90438515;-0.33985928;0.0072706384;-0.2443687;-0.20540878;-0.48596483;-0.45854992;-0.49823493;-0.41416857;-0.7047191;-0.63670444;-0.9955294;-0.48527345;0.17143624;0.4573945;0.00050558144;0.34606186;-0.1736043;0.0002641771;-0.75889397;0.96644384;-0.95558083;-0.43798462;-0.8241741;-0.9145665;-0.958556;-0.2587815;-0.84592026;0.053559516;-0.59126925;-0.3739308
-0.0678701;0.012217412;0.0066819643;0.0073885047;0.009710225;0.00057757535;0.0035755385;0.0005760927;-0.007980135;-0.14008045;0.00774729;0.057942208;-0.08637015;-0.029477028;0.08632019;-0.00033063977;-0.0143343415;0.008996387;-0.002155574;0.010211039;-0.003538001;0.58305436;-0.069973126;-0.015226584;0.9222749;0.22135247;-0.0040097265;0.12962596;-0.0013959478;0.6496184;0.19056149;-0.1253004;0.90426326;-0.118450336;-0.067250334;-0.16105287;-0.009724626;-0.004239732;-0.008079436;-0.7743193;0.017653754;-0.10790686;0.7205043;-0.3380559;0.07634911;0.025855001;-0.004533512;-0.0002792515;-0.33303908;0.033892255;-0.119326115;0.40423316;-0.10570543;0.13285838;-0.27604842;-0.9923144;-0.8844202;0.29737654;0.5062112;0.17815487;-0.65463847;0.018278893;0.13799949;0.06595197;-0.9112492;-0.3599076;0.0017102929;-0.24883527;-0.15161115;-0.50058013;-0.46046537;-0.50593895;-0.410354;-0.7102433;-0.64041936;-0.99569905;-0.44468772;0.17209196;0.45853925;0.0028434317;0.3403788;-0.21003586;-0.03233081;-0.76047164;0.9642213;-0.95530623;-0.43359995;-0.8264802;-0.9116794;-0.9613326;-0.24669534;-0.85512376;0.016283022;-0.60759073;-0.35834008
-0.06818006;0.01171029;0.006974633;0.008073441;0.009612504;0.0008341733;0.0036901832;0.00086879695;-0.006552134;-0.12459284;0.013064472;0.06068945;-0.07314916;-0.025062263;0.086643435;4.1194027e-05;-0.013690428;0.0089743575;-0.002414555;0.0118633015;-0.0033992657;0.5830234;-0.07329081;-0.013433037;0.92096436;0.22634704;-0.0038760393;0.13015614;-0.0011315531;0.65509504;0.19568288;-0.12675081;0.9043273;-0.12091619;-0.069636635;-0.16167083;-0.009333932;-0.0049656346;-0.008618147;-0.78719807;0.028836185;-0.1174422;0.73548365;-0.33526716;0.087809406;0.012229217;-0.0040240483;-0.0010174704;-0.33971825;0.0423939;-0.13205747;0.42367268;-0.11138067;0.17209557;-0.24760409;-0.9921957;-0.8901478;0.28998902;0.5063693;0.17925951;-0.67030215;-0.0028753683;0.122216076;0.07446555;-0.9166263;-0.3814273;-0.0034679784;-0.25234973;-0.10344984;-0.5149906;-0.46183413;-0.5096833;-0.40442267;-0.7138278;-0.6455423;-0.99584925;-0.40823296;0.17322029;0.46054614;0.001213371;0.33619297;-0.24379562;-0.06071267;-0.7638897;0.9622138;-0.95531666;-0.4271014;-0.8289304;-0.90856665;-0.9638315;-0.23750083;-0.8626654;-0.012580339;-0.6217647;-0.3464589
-0.06858659;0.011107749;0.007001668;0.00869888;0.009567016;0.0010750317;0.0038815748;0.0010651047;-0.0050821337;-0.11102173;0.017899131;0.06229364;-0.060739975;-0.021165285;0.085335374;0.00023266324;-0.013182724;0.008915238;-0.0026776555;0.013374071;-0.0031646085;0.5832948;-0.07589912;-0.012155326;0.9198108;0.23012888;-0.003976209;0.13034397;-0.00088279706;0.6592734;0.19961281;-0.12775795;0.9044904;-0.12290803;-0.07158317;-0.1622099;-0.00899754;-0.005555692;-0.008909422;-0.79713726;0.038399667;-0.12531358;0.74774957;-0.32965484;0.09707823;-0.002038478;-0.0035447355;-0.001713858;-0.3457774;0.04915804;-0.14418912;0.4416391;-0.11626677;0.20350352;-0.22106874;-0.9921467;-0.8956466;0.28400356;0.50717634;0.18016146;-0.6848167;-0.023069454;0.11001766;0.082727686;-0.9209206;-0.40320662;-0.0076401094;-0.25479424;-0.06131697;-0.5288702;-0.46256703;-0.51012003;-0.3970183;-0.71629214;-0.6511857;-0.9959921;-0.37651682;0.17512552;0.46321595;-0.0034282813;0.33392963;-0.27427167;-0.08503476;-0.7687264;0.96047205;-0.95559156;-0.41915333;-0.8315869;-0.9054828;-0.96608114;-0.23085523;-0.8688638;-0.03412489;-0.6340585;-0.3378633
-0.06902757;0.010396692;0.00682965;0.009279033;0.00955634;0.0012301898;0.0041545406;0.0012157264;-0.003654338;-0.09905211;0.022186724;0.062987275;-0.04925049;-0.017720869;0.08253776;0.00029331842;-0.012753495;0.008737693;-0.0029714594;0.014779333;-0.0028949073;0.5840714;-0.07762038;-0.011448226;0.91897446;0.23287766;-0.004271101;0.13004571;-0.0006579387;0.662811;0.20265856;-0.12844597;0.90489894;-0.12447964;-0.0732228;-0.16275091;-0.008758688;-0.005957115;-0.00906298;-0.8048933;0.04680569;-0.13279851;0.75836086;-0.32270485;0.10519411;-0.015822312;-0.0030992553;-0.0023678627;-0.3518361;0.0543689;-0.15556155;0.45884016;-0.120820574;0.22807129;-0.19716632;-0.9921727;-0.90087783;0.27976614;0.5092578;0.18030871;-0.6988384;-0.043185577;0.101159394;0.09117969;-0.92446536;-0.42428043;-0.010069686;-0.2559005;-0.024646197;-0.5420335;-0.46277437;-0.5075553;-0.38853094;-0.71827286;-0.6565237;-0.9961382;-0.349717;0.17823644;0.4662914;-0.010439104;0.33408287;-0.3014869;-0.10541833;-0.77455235;0.9590044;-0.9560782;-0.41019693;-0.8344691;-0.90264225;-0.9681171;-0.22640426;-0.87402946;-0.0495797;-0.64481086;-0.3320955
-0.06945941;0.009547207;0.0064987275;0.009858102;0.009554876;0.0012175424;0.0045327717;0.001369997;-0.002343836;-0.08809469;0.025919927;0.062810965;-0.038639158;-0.014570121;0.07811398;0.00025423733;-0.012332111;0.008306257;-0.003365584;0.016108582;-0.0026546058;0.5856308;-0.07828374;-0.011371483;0.91865396;0.23475279;-0.004731513;0.12904072;-0.00048072674;0.6664295;0.20517893;-0.12896201;0.90575635;-0.12571004;-0.07471338;-0.16336642;-0.00868166;-0.0061033317;-0.009184521;-0.81119263;0.054491073;-0.14120902;0.76830333;-0.3159973;0.113380335;-0.027554732;-0.0026882624;-0.0030059535;-0.3584192;0.05799956;-0.16616556;0.47632262;-0.1254752;0.24710281;-0.17673309;-0.9922792;-0.9058143;0.27769727;0.51358527;0.17942443;-0.7131482;-0.06428094;0.09615713;0.100234196;-0.9275141;-0.44386584;-0.009759221;-0.2551887;0.007836684;-0.5544108;-0.46271777;-0.5018905;-0.37913424;-0.7202467;-0.6607392;-0.9962964;-0.32771063;0.18316643;0.4694824;-0.01946186;0.33742177;-0.3259013;-0.12192195;-0.7809843;0.9577778;-0.9567084;-0.4003845;-0.8375657;-0.900239;-0.96998334;-0.22393572;-0.8784529;-0.060069703;-0.6544665;-0.32879323
-0.06985677;0.008504422;0.0060340306;0.010487799;0.009510787;0.0009338061;0.0050550136;0.0015769242;-0.001215006;-0.07740654;0.029154025;0.061756287;-0.028786857;-0.011481307;0.07181496;0.00012967852;-0.011831151;0.007450847;-0.0039640064;0.017383983;-0.00250019;0.58830214;-0.077719696;-0.012000017;0.9190691;0.23588072;-0.0053403373;0.12706895;-0.0003826865;0.67086273;0.20755978;-0.12945405;0.9072986;-0.12669681;-0.0762173;-0.16412304;-0.0088400915;-0.0059249927;-0.009360956;-0.8167033;0.0618396;-0.15189637;0.7784574;-0.31111535;0.12285964;-0.035413887;-0.0023196957;-0.0036651993;-0.36604214;0.059891567;-0.17606418;0.49536446;-0.1307442;0.26199314;-0.16057965;-0.9924672;-0.91042775;0.27834547;0.5213628;0.17738485;-0.7284647;-0.08756441;0.09609889;0.11017717;-0.9302357;-0.4613498;-0.00544799;-0.25204673;0.037743352;-0.56604606;-0.4627022;-0.49273863;-0.3688344;-0.7225678;-0.6629592;-0.99647385;-0.31028485;0.19064668;0.47249496;-0.030321857;0.3449229;-0.3481953;-0.13462839;-0.7877137;0.95672864;-0.9574077;-0.3896111;-0.84084016;-0.8984573;-0.9717256;-0.22341946;-0.88239664;-0.06657249;-0.6635752;-0.32767546
-0.0702111;0.007191655;0.0054660784;0.011179435;0.00933424;0.0002748696;0.005735332;0.0018813551;-0.00030640652;-0.06636568;0.032031737;0.059899133;-0.019556755;-0.00821078;0.06359385;-6.48757e-05;-0.011164707;0.0060562664;-0.0048493785;0.018621732;-0.0024558925;0.5922892;-0.07583155;-0.013389832;0.9203319;0.23635688;-0.006088838;0.124022774;-0.0003867303;0.6765733;0.2100811;-0.12999934;0.9096533;-0.12752454;-0.07782832;-0.16506338;-0.009280563;-0.005385437;-0.009621046;-0.8219364;0.069084466;-0.1658588;0.7893893;-0.30921236;0.13445398;-0.03793083;-0.0020203907;-0.0043530557;-0.3751829;0.060054373;-0.18533902;0.5169498;-0.13742425;0.27392742;-0.14895685;-0.99272346;-0.9146492;0.28221023;0.5334294;0.1741017;-0.7449775;-0.11400575;0.10177923;0.12100056;-0.93269306;-0.47635847;0.0039665257;-0.24607083;0.0662414;-0.5770581;-0.46279112;-0.479869;-0.35754502;-0.72550595;-0.66235673;-0.99667174;-0.29743338;0.20112689;0.4750827;-0.042909317;0.35716793;-0.36894488;-0.14395933;-0.7945065;0.9557978;-0.9580971;-0.37774947;-0.8442422;-0.89746296;-0.9733766;-0.22478618;-0.88606423;-0.07006249;-0.67262673;-0.32831743
-0.07053249;0.005532045;0.0048558046;0.011843806;0.008932735;-0.00079100276;0.0064814496;0.0023054548;0.000400525;-0.05492617;0.034817684;0.057443283;-0.010805173;-0.004622528;0.053997714;-0.00027492433;-0.010317338;0.004214256;-0.005977669;0.019838171;-0.0024937377;0.5973776;-0.07272575;-0.015510546;0.9222381;0.23626041;-0.006969018;0.120264255;-0.000480113;0.6832772;0.21263066;-0.13049015;0.9126203;-0.12816001;-0.07942117;-0.16617893;-0.009977075;-0.0045271143;-0.0098902965;-0.82704824;0.07618035;-0.18283024;0.8010223;-0.3103005;0.14806505;-0.035115417;-0.0018316199;-0.0050024763;-0.3861641;0.05922562;-0.19415604;0.5408552;-0.14687623;0.28340822;-0.14080313;-0.9930106;-0.9183284;0.2892711;0.5492039;0.16943133;-0.76179826;-0.14361481;0.11206999;0.1323771;-0.9348391;-0.48882127;0.018510794;-0.23764558;0.092881195;-0.58746487;-0.4623751;-0.4639429;-0.34514388;-0.729281;-0.65861744;-0.99688196;-0.28967103;0.21406433;0.47710678;-0.05719968;0.37336636;-0.38820127;-0.15114638;-0.80119604;0.9549973;-0.95869666;-0.3651293;-0.84777457;-0.8974154;-0.97493243;-0.22736506;-0.8895384;-0.07173786;-0.6816467;-0.32980332
-0.070854396;0.0034786034;0.004309605;0.012291343;0.008295545;-0.0021709849;0.0070542586;0.0028334404;0.000990821;-0.043826714;0.037911616;0.054603357;-0.0023836466;-0.0007317223;0.04416471;-0.00038484228;-0.009397676;0.0022681858;-0.007136274;0.021048104;-0.0025486255;0.6029057;-0.06876506;-0.018217625;0.92424756;0.2356844;-0.007957937;0.11671105;-0.0006125256;0.6898693;0.21457061;-0.1306158;0.91566765;-0.12834966;-0.080575675;-0.16742511;-0.010825127;-0.0034728781;-0.010012536;-0.8317801;0.0828073;-0.20083039;0.81265086;-0.31308123;0.16260953;-0.029110579;-0.0017719631;-0.005493937;-0.39919215;0.05917053;-0.20296624;0.5654575;-0.16104099;0.29006052;-0.13362567;-0.99327666;-0.9212594;0.29866052;0.5663363;0.16318314;-0.7771116;-0.17527941;0.12293953;0.14389122;-0.9365623;-0.49891102;0.03655813;-0.22818056;0.115235046;-0.5969961;-0.4600732;-0.44684914;-0.3315345;-0.73404664;-0.65243065;-0.9970927;-0.28813508;0.22764915;0.47852907;-0.07336641;0.39111972;-0.4053746;-0.15825287;-0.8077025;0.9544557;-0.95916086;-0.35283172;-0.85159904;-0.8985654;-0.9763553;-0.22953266;-0.89278525;-0.07306448;-0.68993753;-0.33070973
-0.071221195;0.0010240271;0.003962386;0.012340949;0.0075166323;-0.0037289092;0.0071908147;0.0034350057;0.0015565762;-0.03402503;0.04180685;0.05148301;0.00575746;0.0035066002;0.035101533;-0.0002627119;-0.008548385;0.0005905277;-0.00807786;0.02223489;-0.0025634018;0.6082307;-0.06441339;-0.021312483;0.92581534;0.23476505;-0.008993127;0.11432421;-0.00075872825;0.6952004;0.21515888;-0.13006814;0.91829175;-0.12772681;-0.0808186;-0.16878383;-0.011702103;-0.002352757;-0.009863075;-0.8357378;0.08854644;-0.21742459;0.8235059;-0.31606856;0.17677411;-0.022906095;-0.0017925843;-0.0057676113;-0.41463143;0.061912175;-0.2125494;0.5891914;-0.18174778;0.2933701;-0.12449718;-0.99347836;-0.923228;0.30904952;0.58214056;0.15535268;-0.7893145;-0.2078414;0.12907936;0.15524371;-0.9377534;-0.5068548;0.055689815;-0.21926367;0.13072598;-0.6052118;-0.45439294;-0.4308296;-0.31682366;-0.73974186;-0.6450147;-0.99729645;-0.29405922;0.23968387;0.4792392;-0.09144357;0.4077559;-0.4196532;-0.16713825;-0.8139936;0.9543145;-0.95949787;-0.3420949;-0.85597694;-0.9013015;-0.9776057;-0.22936098;-0.895783;-0.07555822;-0.69646895;-0.32959327
-0.07163366;-0.0017910902;0.0039155046;0.011935707;0.006707876;-0.005370376;0.0068033366;0.004094609;0.002122712;-0.025956951;0.04693429;0.048133522;0.013466688;0.008399128;0.026987944;0.0001647987;-0.0078074443;-0.00066876534;-0.008657349;0.023321852;-0.0025243668;0.613077;-0.05999787;-0.024596967;0.92666155;0.23367357;-0.009969191;0.1134473;-0.00097466074;0.6987737;0.21408583;-0.12876415;0.9202663;-0.12608756;-0.080010675;-0.17025258;-0.012546136;-0.0012347039;-0.009429839;-0.8385748;0.09300027;-0.23128043;0.8330422;-0.3190101;0.18979895;-0.01784347;-0.0017714193;-0.0058835917;-0.43293315;0.068351984;-0.22365123;0.6118411;-0.20959017;0.29364437;-0.11117545;-0.9935829;-0.923924;0.31925106;0.595229;0.14654803;-0.79794353;-0.240824;0.12689455;0.16645637;-0.9383832;-0.51251084;0.07412147;-0.21123819;0.1391547;-0.6116746;-0.44445834;-0.4170715;-0.30142635;-0.74589753;-0.6367539;-0.9974841;-0.30754617;0.24867333;0.47880453;-0.110522285;0.42176586;-0.4302206;-0.17813557;-0.81982195;0.95450324;-0.9596527;-0.33322182;-0.8609017;-0.9058379;-0.9786207;-0.22556412;-0.8985357;-0.08062802;-0.700359;-0.32520935
-0.07198627;-0.0048119677;0.004198039;0.011134246;0.005942523;-0.007010673;0.0060157343;0.004794946;0.002645781;-0.019604394;0.05339228;0.04462433;0.020433305;0.014306526;0.019338073;0.0008799861;-0.007109849;-0.001584228;-0.008826412;0.024166321;-0.002464304;0.61747205;-0.055656012;-0.02787038;0.9267568;0.2326395;-0.01076894;0.113734305;-0.0013426743;0.70071626;0.21155193;-0.12686875;0.9215689;-0.12356177;-0.07844195;-0.17176181;-0.013377162;-0.00012455555;-0.008788418;-0.83992577;0.09586066;-0.24202912;0.84071636;-0.32329205;0.20140299;-0.012200557;-0.0015453207;-0.0059427507;-0.4541281;0.077765964;-0.23659624;0.634059;-0.24306464;0.2920402;-0.092662826;-0.9935645;-0.9228083;0.32847774;0.60567576;0.13820867;-0.8035607;-0.2737933;0.11569078;0.17820749;-0.93860346;-0.5147312;0.0911474;-0.20264696;0.14330475;-0.6156926;-0.43016103;-0.40533176;-0.28578082;-0.7516219;-0.62665415;-0.9976419;-0.32698238;0.2540901;0.47663587;-0.12878107;0.43269718;-0.43614578;-0.18994501;-0.82453054;0.9546682;-0.95939773;-0.32538426;-0.86583394;-0.9117721;-0.9792817;-0.21777023;-0.9009131;-0.08931754;-0.70092255;-0.31649426
-0.072080836;-0.0077180937;0.0048291716;0.010013306;0.005301793;-0.008586096;0.005007319;0.005493138;0.0030571108;-0.015000026;0.06083402;0.040983442;0.026263407;0.021301782;0.011619089;0.0017839633;-0.006364187;-0.0023358692;-0.008626259;0.024568165;-0.0024334774;0.621739;-0.051502496;-0.030969078;0.92629933;0.23203886;-0.011288241;0.11458263;-0.0018751099;0.7017068;0.20812362;-0.12471649;0.9223646;-0.120576486;-0.07657173;-0.17319348;-0.014248545;0.0010070945;-0.008044402;-0.83958596;0.09715454;-0.24952894;0.8460683;-0.33154184;0.21128966;-0.0015565907;-0.00096722745;-0.0060134996;-0.47768375;0.08854684;-0.25142902;0.6565591;-0.27855113;0.2899663;-0.06943481;-0.99341625;-0.9191833;0.3366761;0.61456454;0.13206813;-0.80720705;-0.30626452;0.09654476;0.19173913;-0.938771;-0.51107866;0.107068665;-0.19097595;0.14786674;-0.61598283;-0.4121513;-0.39479697;-0.26989213;-0.7558273;-0.6132187;-0.99776;-0.3503504;0.2562912;0.47260383;-0.14501303;0.4404275;-0.4369638;-0.20079516;-0.8273392;0.95436406;-0.9584699;-0.3173907;-0.8699438;-0.91819954;-0.97945905;-0.2063487;-0.9026283;-0.1016885;-0.69778067;-0.3030139
-0.07171623;-0.01011523;0.005858734;0.008615701;0.004902505;-0.010081903;0.0038947766;0.006130368;0.0032814292;-0.012317276;0.06870989;0.037377194;0.03064066;0.029152332;0.0037155948;0.0027450635;-0.0055071735;-0.003097354;-0.008165965;0.024352688;-0.0024601691;0.62629586;-0.04776339;-0.03379828;0.9255859;0.23235656;-0.011452895;0.11557011;-0.0025031369;0.70277035;0.20445603;-0.12266386;0.9229289;-0.117693156;-0.07471998;-0.1744429;-0.015202474;0.002196719;-0.0072688344;-0.83761936;0.09736256;-0.2537129;0.848862;-0.34672213;0.21912271;0.019749543;2.6036985e-05;-0.006142624;-0.5026039;0.099117726;-0.26821086;0.6797568;-0.3113877;0.28851455;-0.042877704;-0.99314696;-0.9122374;0.34466174;0.6234779;0.12908033;-0.8099563;-0.33864948;0.07037221;0.20853044;-0.9393379;-0.49808437;0.123185605;-0.17362261;0.15822525;-0.61064684;-0.39156777;-0.38501963;-0.2533088;-0.75750464;-0.59523;-0.9978386;-0.3763662;0.2561786;0.4671242;-0.1598723;0.44534585;-0.4334754;-0.20947193;-0.8276648;0.95329344;-0.95671976;-0.30799147;-0.87241316;-0.9243132;-0.97903967;-0.19180344;-0.9032942;-0.116952956;-0.6908488;-0.28487995
-0.07077571;-0.011687391;0.0073000398;0.0069523836;0.0048499643;-0.011487657;0.0027629754;0.006661523;0.0032469835;-0.011568346;0.07662188;0.03451338;0.03362871;0.03755251;-0.0038464845;0.0036722533;-0.004532141;-0.003961964;-0.007544365;0.023490075;-0.0025395884;0.63125134;-0.044707403;-0.036283676;0.9247827;0.23395605;-0.011251428;0.11663208;-0.003118287;0.7047435;0.20097843;-0.12092672;0.92344576;-0.11540011;-0.072974436;-0.17542626;-0.016266596;0.0034641798;-0.0064569246;-0.8341525;0.09714521;-0.25469407;0.8490284;-0.37073505;0.22487167;0.0564705;0.0013986508;-0.0063404622;-0.5275504;0.108323954;-0.28681824;0.7034252;-0.33746928;0.2881484;-0.014517944;-0.9927624;-0.9009246;0.3535746;0.6338408;0.12885197;-0.8127048;-0.37243733;0.036960308;0.23012757;-0.94071287;-0.47192615;0.1413703;-0.1486135;0.17906871;-0.5975569;-0.36940658;-0.37613875;-0.23575519;-0.7559644;-0.57183033;-0.9978802;-0.4037624;0.25461355;0.46065935;-0.17534393;0.44903046;-0.4275464;-0.21556237;-0.82514054;0.95146894;-0.95405537;-0.2957636;-0.87247777;-0.9298168;-0.97788393;-0.17435558;-0.9024272;-0.13437018;-0.6800447;-0.26219913
-0.06928671;-0.01228115;0.0091024125;0.0049864072;0.005224436;-0.0127643645;0.0016742601;0.007066031;0.002935271;-0.012642919;0.08445186;0.033754893;0.035548095;0.046251867;-0.009585912;0.004533014;-0.0034994367;-0.0049497318;-0.0068024667;0.022051694;-0.0026557196;0.636391;-0.042562917;-0.03837653;0.923936;0.23679242;-0.010740324;0.11783726;-0.0036053937;0.7078643;0.19792321;-0.11959127;0.9240115;-0.11384939;-0.07124807;-0.17610179;-0.017432978;0.0048036594;-0.0055688033;-0.829461;0.09700285;-0.25265396;0.84689623;-0.4028558;0.2287385;0.10886276;0.0030703603;-0.006547624;-0.551377;0.11576799;-0.30639014;0.7265408;-0.3547776;0.28857815;0.013608666;-0.99226534;-0.88401145;0.36394027;0.6462385;0.13038668;-0.8160338;-0.40810147;-0.003474188;0.25716695;-0.9430452;-0.43020234;0.16275164;-0.11605871;0.21136352;-0.5756993;-0.3463029;-0.36854982;-0.2183133;-0.7512129;-0.5428068;-0.9978885;-0.43078104;0.252036;0.45363793;-0.19331358;0.45326054;-0.4207341;-0.21955884;-0.81967556;0.9491912;-0.95038295;-0.27980575;-0.8696315;-0.9347793;-0.97583973;-0.15412854;-0.8995597;-0.1528766;-0.6654528;-0.23546447
-0.06746513;-0.011964861;0.011139356;0.0026550724;0.0060685077;-0.013829812;0.0006188507;0.007334026;0.0024249656;-0.015582614;0.09219939;0.036915295;0.036474817;0.054903988;-0.010681274;0.005318253;-0.0025454543;-0.0060194978;-0.005909081;0.020099143;-0.0028219072;0.64125156;-0.041438226;-0.040119566;0.9230779;0.24009098;-0.010016148;0.11903505;-0.0038581095;0.7114597;0.19547792;-0.11870163;0.9247025;-0.11260767;-0.06933143;-0.17650275;-0.018619023;0.006161719;-0.0046199537;-0.82433605;0.09702606;-0.24770747;0.8435364;-0.4386062;0.2307619;0.16861044;0.0049366923;-0.0066192527;-0.57359314;0.12213544;-0.32475102;0.7472925;-0.36444202;0.28878582;0.03841229;-0.99166733;-0.86064124;0.37475726;0.65968794;0.13338538;-0.819954;-0.44209355;-0.04732189;0.28755927;-0.94595796;-0.3753144;0.1858853;-0.08022507;0.24877879;-0.54741484;-0.32278118;-0.36242098;-0.20459644;-0.74431413;-0.5094788;-0.99786806;-0.4550807;0.24834058;0.44676358;-0.21432054;0.4576808;-0.4130882;-0.22316016;-0.81165516;0.9468087;-0.94566077;-0.26084885;-0.86410254;-0.9392038;-0.9728833;-0.13147783;-0.8944944;-0.16961153;-0.64814657;-0.20644276
-0.06564523;-0.011052874;0.013160392;1.865998e-05;0.00728479;-0.014569126;-0.0004752799;0.0074521294;0.0018420555;-0.020264847;0.09972573;0.045303516;0.036204163;0.06294941;-0.0042448677;0.0059979917;-0.0018331789;-0.0070221764;-0.0048099286;0.017700594;-0.0030932212;0.6451392;-0.041142102;-0.041658163;0.92220986;0.24244493;-0.009180282;0.11979373;-0.0038049116;0.7141296;0.19366598;-0.11824098;0.92549103;-0.11085536;-0.06702108;-0.17671984;-0.019701568;0.0074124667;-0.0037147724;-0.81987077;0.09679404;-0.24044849;0.840504;-0.4713315;0.23071946;0.22157517;0.006822788;-0.006369789;-0.5941358;0.12862715;-0.33903572;0.7637576;-0.36978483;0.28768903;0.056825563;-0.9909927;-0.83127;0.3837961;0.6718759;0.13856544;-0.823858;-0.4677597;-0.08768526;0.31662005;-0.9486797;-0.31602082;0.20680833;-0.04854481;0.28003353;-0.5185916;-0.29950023;-0.3573811;-0.19945842;-0.73705095;-0.47508284;-0.9978216;-0.4735728;0.24310976;0.4408685;-0.23681375;0.45982087;-0.40386316;-0.22854303;-0.80196995;0.94451004;-0.9400275;-0.24133042;-0.85705465;-0.9428669;-0.96929103;-0.10757732;-0.8875493;-0.18037018;-0.6305371;-0.17824362
-0.064058945;-0.009950355;0.01489871;-0.0026290717;0.008607757;-0.014919922;-0.0016873702;0.007405117;0.0012623627;-0.025961548;0.10667633;0.05832006;0.03459403;0.06986072;0.009772533;0.0064821998;-0.0014161224;-0.007724795;-0.0035395971;0.014972235;-0.0034972471;0.6475867;-0.041233823;-0.043186776;0.92132396;0.24280044;-0.008270579;0.11965858;-0.0034788845;0.7148804;0.1922123;-0.11808993;0.9262414;-0.10813894;-0.06433482;-0.17683227;-0.020606732;0.008404838;-0.0029547582;-0.81653905;0.09563758;-0.23245606;0.838811;-0.49681836;0.22832985;0.25934854;0.008511652;-0.005761252;-0.61290246;0.13564767;-0.34813052;0.77541757;-0.3730099;0.28527302;0.06776841;-0.990281;-0.7978101;0.3895493;0.68101823;0.14678004;-0.8270028;-0.4808906;-0.11906765;0.3403826;-0.9506448;-0.26210985;0.22230153;-0.025868585;0.2983075;-0.49434885;-0.27727044;-0.35275725;-0.20476308;-0.730668;-0.44306138;-0.9977532;-0.48400116;0.23623139;0.43631923;-0.257973;0.45812494;-0.39345285;-0.23628989;-0.7916044;0.94228244;-0.93387234;-0.22387163;-0.8499895;-0.9455173;-0.96557856;-0.08447666;-0.8795376;-0.18264164;-0.61508745;-0.15380295
-0.06276053;-0.008896127;0.016247442;-0.00496496;0.009787982;-0.014921702;-0.0030530838;0.007204491;0.0007155094;-0.03179362;0.112685755;0.07390864;0.031725943;0.07540531;0.028441593;0.0066893375;-0.0012137948;-0.0079657;-0.0022099928;0.012092814;-0.0039800676;0.6487411;-0.041373786;-0.044851992;0.92046994;0.24113989;-0.007258962;0.11852237;-0.0030103577;0.7138043;0.19072655;-0.11805931;0.926852;-0.10466861;-0.061488036;-0.17687403;-0.021325748;0.0090712365;-0.0023370981;-0.81390506;0.09312965;-0.22528197;0.83839893;-0.515087;0.22340389;0.28416854;0.009884214;-0.0049568294;-0.62979424;0.14269273;-0.3535509;0.78341806;-0.3737586;0.282607;0.07213642;-0.98957807;-0.7623776;0.39221734;0.68700004;0.15805933;-0.82915336;-0.48243776;-0.14064232;0.3578593;-0.95181376;-0.21780862;0.23219594;-0.01159638;0.30528972;-0.47556162;-0.25650543;-0.34819224;-0.21811949;-0.7252253;-0.41495988;-0.9976724;-0.48643672;0.22816227;0.4329801;-0.27600092;0.4535034;-0.38357508;-0.24513118;-0.7811737;0.94000983;-0.9276752;-0.20973894;-0.84383756;-0.94709766;-0.9621898;-0.063855976;-0.87129414;-0.17710777;-0.6027352;-0.13417187
-0.06173113;-0.007905009;0.017268578;-0.0068880618;0.010752154;-0.0146607645;-0.0045462544;0.0068953945;0.00023329491;-0.037412304;0.1175914;0.09025338;0.027795926;0.07962237;0.048599597;0.0066302544;-0.0011274613;-0.007757565;-0.0009057649;0.009249435;-0.0044555566;0.64910895;-0.04150402;-0.046693254;0.91972953;0.23806696;-0.006136819;0.1166475;-0.002521361;0.71156025;0.18898347;-0.11798277;0.9273235;-0.10088348;-0.05866558;-0.17685331;-0.021857556;0.009456977;-0.001782841;-0.81131154;0.08935598;-0.2193076;0.83872634;-0.5279868;0.21592942;0.30239916;0.010967217;-0.004147081;-0.64493954;0.14931738;-0.35758525;0.78930885;-0.37096763;0.28068522;0.07121385;-0.9889154;-0.7261753;0.3928205;0.69068795;0.17161421;-0.8305906;-0.4759198;-0.15451601;0.3700206;-0.9524448;-0.18204653;0.2382263;-0.002763321;0.30617702;-0.4604438;-0.23687574;-0.34379715;-0.23592292;-0.7202202;-0.39039183;-0.9975909;-0.48252273;0.2195732;0.43070462;-0.29099792;0.4477641;-0.3756079;-0.25363594;-0.7709211;0.93759525;-0.92177546;-0.19883044;-0.8387183;-0.94772696;-0.95930207;-0.0461121;-0.86318606;-0.16589414;-0.5929771;-0.11871298
-0.060934663;-0.006910028;0.018070146;-0.00846719;0.011552601;-0.014218427;-0.006099846;0.006521646;-0.00016843854;-0.04289073;0.12142149;0.10631745;0.023055816;0.082669795;0.068345755;0.0063778283;-0.0011088721;-0.0072303875;0.00034163333;0.0065598534;-0.0048743207;0.6491118;-0.04171277;-0.048655927;0.91913706;0.2342301;-0.004950989;0.11439344;-0.0020617442;0.7087368;0.18696989;-0.11778276;0.9276893;-0.09712884;-0.055941373;-0.17676033;-0.022190534;0.009646021;-0.0012291226;-0.8084039;0.08478293;-0.21414089;0.8393518;-0.5371393;0.2062635;0.31853405;0.0118364785;-0.003437626;-0.6585338;0.1554078;-0.36167362;0.79411757;-0.36443782;0.27971777;0.06615627;-0.9883007;-0.68964887;0.3923338;0.6929822;0.18638253;-0.83165765;-0.4646317;-0.16305105;0.37823156;-0.95278215;-0.15218037;0.24219961;0.002993957;0.30494204;-0.44710025;-0.21784805;-0.3398001;-0.25542572;-0.71519494;-0.3683079;-0.99751586;-0.47400612;0.2110337;0.42943326;-0.3037929;0.44214603;-0.36979556;-0.26104033;-0.7609483;0.9350068;-0.9163337;-0.19044632;-0.8343001;-0.94758534;-0.95688045;-0.030870192;-0.85512716;-0.15084043;-0.58486557;-0.10641081
-0.06032716;-0.0058690496;0.018720822;-0.009788952;0.012261631;-0.01366611;-0.007639736;0.0061043794;-0.00050457136;-0.048339207;0.12427541;0.121477626;0.01783372;0.08471002;0.08676948;0.006007256;-0.001151359;-0.0065342793;0.0015235773;0.004071223;-0.0052345325;0.64894783;-0.042090084;-0.05062732;0.9186613;0.23015217;-0.003772522;0.11205491;-0.0016220247;0.70570624;0.184797;-0.11747318;0.9279662;-0.09364404;-0.053341858;-0.17657639;-0.022321943;0.009702757;-0.00066920085;-0.80517083;0.0799785;-0.20941179;0.84004146;-0.5435738;0.19519906;0.33419263;0.012546838;-0.0028632658;-0.6706331;0.16091557;-0.3662175;0.79826903;-0.35486552;0.27928331;0.05824732;-0.98772764;-0.6531721;0.3914645;0.69447595;0.20140773;-0.83253014;-0.45089835;-0.16794834;0.3836563;-0.9529574;-0.12617987;0.24528652;0.0068966197;0.30344313;-0.4344363;-0.1992849;-0.3363071;-0.27478835;-0.7098947;-0.34799588;-0.9974489;-0.46212375;0.20297179;0.42903352;-0.31490764;0.43718857;-0.36564443;-0.26705632;-0.75137496;0.9322794;-0.9114288;-0.1838509;-0.83019;-0.9468653;-0.95481277;-0.01772672;-0.84689456;-0.13324611;-0.5776425;-0.09663258
-0.059866738;-0.0047826483;0.019247565;-0.010903941;0.0129255075;-0.013066415;-0.009105354;0.005650473;-0.0007996553;-0.053763088;0.12625842;0.13524957;0.012494149;0.08587986;0.10339795;0.0055745016;-0.0012600181;-0.0057888995;0.002632874;0.0017988948;-0.005556306;0.6486705;-0.04268111;-0.052480787;0.91824085;0.22622627;-0.0026631332;0.10983902;-0.0011745712;0.70269674;0.182611;-0.11711357;0.9281552;-0.09059293;-0.05089286;-0.17629366;-0.022269618;0.009664031;-0.00013115362;-0.8017893;0.07541923;-0.20499179;0.8406915;-0.54794234;0.18373375;0.34930965;0.0131267505;-0.0024246029;-0.6811808;0.16575202;-0.37105015;0.8018395;-0.34333813;0.27880222;0.04884338;-0.9871897;-0.6173898;0.390658;0.69548404;0.21597375;-0.8332553;-0.43628138;-0.17035629;0.38717523;-0.95302427;-0.10298315;0.24806003;0.009454403;0.3022205;-0.42209333;-0.18150872;-0.33331418;-0.29279494;-0.7042512;-0.3292969;-0.997388;-0.44770285;0.19567668;0.42927158;-0.32445037;0.43304303;-0.36247826;-0.27163082;-0.74235994;0.92949086;-0.907123;-0.17848258;-0.8261196;-0.9457579;-0.952998;-0.0064727375;-0.8383525;-0.114168145;-0.5708903;-0.08910705
-0.059521507;-0.0036786562;0.019661482;-0.0118381325;0.013562556;-0.012467941;-0.010456309;0.005167417;-0.0010688574;-0.059093725;0.12747502;0.14726914;0.007346958;0.08630614;0.11794748;0.005117739;-0.0014319475;-0.0050717206;0.0036593229;-0.00025008712;-0.005858406;0.64828825;-0.043483716;-0.0541171;0.9178214;0.22270715;-0.0016617861;0.10786968;-0.00070393394;0.69985276;0.18053356;-0.11676016;0.92825705;-0.088061556;-0.048621707;-0.17592624;-0.022067742;0.0095504485;0.00035580143;-0.7984705;0.07140909;-0.20086989;0.84126025;-0.5507062;0.1727397;0.36334103;0.013590743;-0.0021074326;-0.6901428;0.16985084;-0.37588933;0.80479753;-0.3309263;0.2778936;0.03906065;-0.9866863;-0.58314186;0.39013642;0.69615626;0.22962578;-0.8338405;-0.42182413;-0.17108704;0.3894029;-0.9530081;-0.08218221;0.250719;0.010889734;0.30130187;-0.41015786;-0.1650351;-0.33078992;-0.30875266;-0.69833;-0.31234646;-0.99733067;-0.43142623;0.18928534;0.42989317;-0.33239552;0.4296962;-0.35976145;-0.27487668;-0.7340518;0.9267286;-0.90345615;-0.17398855;-0.8219808;-0.9444318;-0.9513766;0.0029837221;-0.82951015;-0.094579026;-0.5644677;-0.08366026
-0.059271086;-0.0025930982;0.019974945;-0.0126103135;0.014174695;-0.011901689;-0.011671522;0.0046690046;-0.0013154843;-0.0642457;0.12803462;0.1573506;0.0025916914;0.0861203;0.13028397;0.0046630283;-0.0016535866;-0.004422995;0.0045926934;-0.002072561;-0.0061492817;0.6478136;-0.044461735;-0.055483893;0.9173722;0.2197151;-0.0007854963;0.10619608;-0.00021371199;0.69726133;0.17863858;-0.1164436;0.9282799;-0.086060025;-0.046547055;-0.17550339;-0.021755766;0.009376334;0.0007774258;-0.7953723;0.06808082;-0.19702892;0.8417335;-0.55221653;0.16277587;0.3758913;0.013949247;-0.0018918342;-0.6975835;0.1732198;-0.3805498;0.8071314;-0.31847763;0.27647156;0.02959395;-0.98621947;-0.551236;0.3899581;0.69656706;0.24213085;-0.8343008;-0.4081861;-0.170722;0.3907352;-0.9529304;-0.063670866;0.25328287;0.011365181;0.30062172;-0.3988945;-0.15030386;-0.3287106;-0.32240576;-0.6922674;-0.29728174;-0.9972751;-0.41396773;0.183803;0.43069562;-0.33878243;0.42706585;-0.35719654;-0.2770393;-0.72653985;0.9240639;-0.90042436;-0.17018518;-0.8177842;-0.94301564;-0.9499247;0.010731453;-0.82048756;-0.07533927;-0.55838954;-0.080058835
-0.05910274;-0.0015568521;0.020205287;-0.013239052;0.014757476;-0.011383044;-0.01274503;0.004172515;-0.0015368331;-0.06915148;0.12805174;0.16550191;-0.0016838014;0.08545773;0.1404293;0.0042280457;-0.0019070546;-0.0038567525;0.0054263105;-0.0036709278;-0.006428824;0.6472719;-0.04556279;-0.056572095;0.9168848;0.21726823;-3.5834033e-05;0.104812786;0.00028122915;0.6949662;0.17695668;-0.1161709;0.92823774;-0.08454487;-0.04467544;-0.17505686;-0.021369774;0.009154714;0.0011334851;-0.7925803;0.065443374;-0.19341613;0.842105;-0.55274606;0.15408468;0.3868566;0.014213101;-0.0017575976;-0.7036563;0.17593294;-0.3849635;0.8088825;-0.3065629;0.27465975;0.020754749;-0.9857928;-0.5222688;0.39008507;0.69676507;0.2534116;-0.83466655;-0.39573616;-0.16966435;0.39141655;-0.9528123;-0.04742122;0.25571445;0.011061383;0.30015168;-0.3885666;-0.13755041;-0.32704997;-0.33379218;-0.686216;-0.28410926;-0.99722105;-0.3959851;0.17915569;0.4315494;-0.34375367;0.4250395;-0.35468477;-0.27843302;-0.7198396;0.92154115;-0.8979771;-0.16699186;-0.81359726;-0.941593;-0.9486353;0.016909687;-0.81145614;-0.057123836;-0.552722;-0.077999406
-0.0590071;-0.0005900008;0.020371825;-0.01374297;0.015306118;-0.01091666;-0.01368092;0.0036939643;-0.001729812;-0.07377114;0.12764128;0.1718837;-0.005471638;0.08444825;0.14854197;0.0038240135;-0.0021762506;-0.0033718608;0.0061584245;-0.00505389;-0.0066932067;0.64669263;-0.04673278;-0.057401612;0.91636443;0.21532492;0.0005949133;0.103683725;0.0007641197;0.6929784;0.1754899;-0.11593616;0.9281462;-0.08344624;-0.043003276;-0.17461172;-0.020938762;0.008898469;0.001431191;-0.7901231;0.06343566;-0.1899666;0.8423696;-0.5525079;0.14668524;0.3963409;0.014394892;-0.0016869606;-0.7085591;0.17809647;-0.38912755;0.81013095;-0.29550743;0.272664;0.01261268;-0.98540723;-0.49655882;0.3904401;0.69679135;0.26348352;-0.834975;-0.384636;-0.16818342;0.3916045;-0.9526733;-0.03337947;0.25797725;0.010178201;0.2999043;-0.37935087;-0.12680487;-0.32576475;-0.3431036;-0.6803097;-0.27270952;-0.99716854;-0.3780578;0.17524129;0.43238577;-0.34751278;0.42349723;-0.35224488;-0.27937075;-0.7139037;0.91918015;-0.896032;-0.16437164;-0.8094961;-0.9402108;-0.94750476;0.021706495;-0.80258644;-0.040384725;-0.54752135;-0.07715629
-0.058975007;0.00029793126;0.020492686;-0.014139863;0.01581764;-0.010501295;-0.0144893145;0.0032451332;-0.0018932158;-0.07808832;0.12691201;0.17674398;-0.008807998;0.08320717;0.15487088;0.0034568517;-0.0024494394;-0.002960123;0.00679239;-0.0062358584;-0.006938543;0.6461031;-0.0479246;-0.05800715;0.9158234;0.21381778;0.0011192475;0.102762274;0.0012218633;0.69128764;0.1742252;-0.11572983;0.9280202;-0.082688786;-0.041520618;-0.17418425;-0.020484867;0.008619908;0.0016796598;-0.7879945;0.061967865;-0.18662876;0.8425232;-0.55167115;0.14047629;0.40453872;0.0145083945;-0.0016652673;-0.71249336;0.17981987;-0.39305595;0.81097233;-0.28545326;0.27068156;0.005124995;-0.985062;-0.47416544;0.39094156;0.69668496;0.27241257;-0.835261;-0.37491214;-0.16645704;0.3914139;-0.9525288;-0.021434898;0.26005083;0.0089118155;0.29990315;-0.3713195;-0.117947474;-0.32479233;-0.35058942;-0.6746499;-0.26289028;-0.9971176;-0.36064175;0.17195718;0.43317387;-0.35027587;0.4223299;-0.34994212;-0.2801141;-0.7086483;0.9169865;-0.89449775;-0.16229443;-0.8055404;-0.93889177;-0.94652563;0.02533323;-0.79402065;-0.025365932;-0.54281294;-0.0772274
-0.058996383;0.0011052514;0.020582745;-0.014445822;0.016290748;-0.010132853;-0.01518324;0.0028328313;-0.0020279945;-0.08210361;0.12596118;0.18035868;-0.01174697;0.08182945;0.15970354;0.0031282788;-0.0027189176;-0.0026110287;0.0073349145;-0.007235066;-0.0071624885;0.64552385;-0.049101353;-0.058427706;0.9152756;0.2126742;0.0015516151;0.102003485;0.0016465251;0.6898705;0.17314342;-0.11554362;0.9278721;-0.08220234;-0.040214237;-0.17378326;-0.020024616;0.008329691;0.0018875379;-0.7861724;0.060944524;-0.18337505;0.8425644;-0.55037403;0.1353096;0.41165486;0.014567355;-0.0016806656;-0.71564233;0.1811995;-0.39675722;0.81149817;-0.2764234;0.26886004;-0.0017840301;-0.9847538;-0.45495048;0.39151987;0.6964835;0.2802889;-0.83555096;-0.36650944;-0.16460338;0.39094186;-0.95239013;-0.011424314;0.26192844;0.007434599;0.30016375;-0.36445814;-0.110773236;-0.3240611;-0.3565074;-0.66930413;-0.2544352;-0.9970688;-0.34405804;0.16921175;0.4339033;-0.35224238;0.4214486;-0.34784663;-0.28085387;-0.7039771;0.91495776;-0.89328843;-0.16072059;-0.80176926;-0.93764466;-0.9456862;0.027998965;-0.78586125;-0.012145461;-0.5385927;-0.077957086
-0.059060425;0.0018351274;0.020653384;-0.014675053;0.016725611;-0.009806495;-0.015776293;0.0024597314;-0.0021368135;-0.08582774;0.12487011;0.18299083;-0.014344767;0.08038887;0.16332488;0.0028371818;-0.0029801254;-0.002314177;0.0077950577;-0.008071853;-0.007364471;0.64496887;-0.050236464;-0.058700822;0.914734;0.21182613;0.001906379;0.101369515;0.0020345314;0.6886968;0.17222382;-0.115371585;0.9277116;-0.081926696;-0.03906942;-0.17341216;-0.019570036;0.008036788;0.002062067;-0.78462696;0.06027646;-0.1801986;0.8424948;-0.5487326;0.13103291;0.41786784;0.014584558;-0.0017233351;-0.7181616;0.18231413;-0.40022838;0.8117856;-0.26837128;0.26729086;-0.008187085;-0.98447907;-0.43864873;0.3921222;0.6962206;0.2872124;-0.8358633;-0.3593288;-0.16270386;0.39027533;-0.9522649;-0.003150082;0.26361153;0.0058844998;0.3006839;-0.35869393;-0.10504126;-0.32350072;-0.3611002;-0.6643125;-0.24713409;-0.99702257;-0.32850707;0.16692598;0.43457142;-0.35358375;0.42078957;-0.3460145;-0.28171128;-0.69979864;0.91308975;-0.8923322;-0.15959738;-0.7982044;-0.93647254;-0.9449725;0.029894326;-0.77817416;-0.000686366;-0.53483576;-0.079140395
-0.059156295;0.0024932043;0.020712858;-0.014840039;0.017122962;-0.009517221;-0.016281419;0.0021255233;-0.0022232824;-0.0892771;0.12370318;0.18487014;-0.016652342;0.07893915;0.16599326;0.0025806471;-0.003230507;-0.0020604304;0.008182382;-0.008766792;-0.0075452533;0.6444468;-0.051312473;-0.058859345;0.9142098;0.21121435;0.0021967678;0.10083071;0.0023854994;0.687735;0.17144652;-0.11521033;0.9275457;-0.08181224;-0.038071305;-0.17307127;-0.019129822;0.0077481857;0.0022089323;-0.78332734;0.05988577;-0.17710593;0.84232;-0.54684496;0.12750952;0.42332107;0.0145711815;-0.0017850582;-0.72017807;0.18322472;-0.4034588;0.8118953;-0.26121604;0.2660185;-0.014142157;-0.98423386;-0.42492953;0.39271143;0.695926;0.293284;-0.83620876;-0.35325235;-0.1608154;0.3894936;-0.95215917;0.0035990898;0.26510587;0.0043631764;0.30144775;-0.35392272;-0.10050797;-0.32305017;-0.36458647;-0.659694;-0.24079634;-0.9969791;-0.314092;0.16503261;0.43517786;-0.35444123;0.4203112;-0.3444821;-0.28274998;-0.69603485;0.91137785;-0.8915729;-0.1588618;-0.79485637;-0.9353756;-0.9443705;0.031184277;-0.7709948;0.009118136;-0.5315067;-0.08061926
-0.059273936;0.003086246;0.020766953;-0.014951466;0.017483966;-0.009260285;-0.016710144;0.0018280351;-0.0022916577;-0.09247084;0.122508205;0.18618514;-0.018712988;0.077516936;0.16792932;0.002354885;-0.003468878;-0.0018420843;0.00850628;-0.009339754;-0.0077064144;0.64396137;-0.05231927;-0.0589305;0.91371197;0.21078898;0.002434371;0.10036462;0.0027010962;0.6869537;0.17079338;-0.115057886;0.92737937;-0.0818194;-0.03720539;-0.1727589;-0.018709904;0.0074691675;0.0023326483;-0.7822437;0.059706863;-0.17410879;0.842048;-0.54479396;0.12462499;0.42812732;0.014536501;-0.0018588701;-0.72179186;0.18397689;-0.40643537;0.8118714;-0.2548647;0.26505417;-0.019692352;-0.9840148;-0.4134431;0.39326292;0.6956249;0.29860058;-0.83659315;-0.34815937;-0.15897901;0.3886669;-0.95207703;0.009032702;0.266419;0.002940649;0.30243126;-0.35002807;-0.09694686;-0.32266125;-0.36715844;-0.65545285;-0.23525602;-0.99693847;-0.30084392;0.16347413;0.4357224;-0.35492876;0.41999096;-0.34326807;-0.2839919;-0.69262403;0.90981835;-0.89096844;-0.15844649;-0.79172856;-0.93435335;-0.9438672;0.03200722;-0.7643364;0.017411314;-0.52856606;-0.08227438
-0.059404373;0.003621253;0.020819753;-0.015018677;0.017809961;-0.009031349;-0.017072529;0.001564126;-0.0023461531;-0.09542931;0.12131857;0.18708532;-0.020561822;0.07614527;0.16931508;0.0021558974;-0.003694978;-0.0016527695;0.008775278;-0.009808948;-0.007850049;0.64351434;-0.053252306;-0.05893596;0.91324705;0.21050943;0.0026289173;0.09995471;0.0029840271;0.68632513;0.17024848;-0.11491331;0.92721575;-0.0819172;-0.03645804;-0.17247248;-0.018313987;0.0072035934;0.0024365536;-0.7813485;0.059686482;-0.1712187;0.84168833;-0.5426497;0.12228762;0.43237475;0.014487954;-0.001938902;-0.7230817;0.18460396;-0.40914607;0.81174403;-0.24922454;0.26438856;-0.024869755;-0.9838189;-0.40385163;0.39376232;0.6953385;0.30325156;-0.83701885;-0.3439357;-0.15722325;0.38785574;-0.95202225;0.013346399;0.26755977;0.0016609591;0.30360863;-0.34689546;-0.094157465;-0.3222987;-0.36898062;-0.6515837;-0.23037265;-0.996901;-0.28874347;0.16220167;0.4362043;-0.35513648;0.41981885;-0.34237725;-0.28543147;-0.6895189;0.90840757;-0.8904875;-0.15828404;-0.78882134;-0.9334059;-0.9434517;0.032476142;-0.7581967;0.0243494;-0.5259751;-0.084017806
-0.05954023;0.00410513;0.020874089;-0.015049402;0.018102532;-0.008826278;-0.017377067;0.0013302332;-0.002390884;-0.09817274;0.12015605;0.18768594;-0.022227336;0.07483675;0.17029735;0.0019797368;-0.003909135;-0.001487259;0.008996812;-0.010190717;-0.007978231;0.6431049;-0.054111265;-0.058892444;0.91282;0.21034281;0.002788456;0.09958819;0.003237444;0.6858244;0.16979793;-0.11477614;0.92705715;-0.08208202;-0.03581666;-0.17220896;-0.017943872;0.0069541065;0.0025231664;-0.78061694;0.059782363;-0.16844392;0.8412509;-0.54047024;0.12042588;0.4361352;0.014431294;-0.0020203711;-0.7241077;0.18512973;-0.41158208;0.81153256;-0.24421026;0.26400176;-0.029698664;-0.9836434;-0.39584723;0.39420232;0.69508386;0.3073178;-0.83748686;-0.34047842;-0.15556757;0.38710958;-0.9519984;0.016715681;0.2685375;0.0005483803;0.30495772;-0.3444185;-0.09196927;-0.32193866;-0.37019196;-0.64807504;-0.226028;-0.99686617;-0.2777374;0.16117354;0.4366222;-0.35513493;0.41979414;-0.3418041;-0.28704688;-0.6866846;0.9071421;-0.8901073;-0.1583113;-0.7861329;-0.9325328;-0.9431147;0.032683052;-0.75256294;0.030086208;-0.5236983;-0.085785605
-0.059675585;0.0045442996;0.020931955;-0.015050222;0.018363297;-0.008641298;-0.017630937;0.0011227833;-0.002429519;-0.10072136;0.11903347;0.18807453;-0.02373266;0.07359654;0.17099272;0.001822737;-0.0041121226;-0.0013412092;0.009177235;-0.010499248;-0.008093089;0.64273155;-0.05489852;-0.058812603;0.91243416;0.21026324;0.0029195764;0.09925556;0.0034645668;0.68543124;0.16942991;-0.114646085;0.92690486;-0.082296036;-0.035269853;-0.17196524;-0.017600065;0.0067224246;0.002594352;-0.78002775;0.05996192;-0.16578825;0.8407452;-0.5383035;0.11898471;0.43946835;0.014370855;-0.0020993198;-0.7249163;0.1855709;-0.41373888;0.8112491;-0.23974593;0.26386997;-0.034199875;-0.98348653;-0.38916022;0.39458057;0.69487494;0.3108711;-0.8379973;-0.3376985;-0.15402442;0.3864678;-0.95200866;0.01929234;0.26936176;-0.00038618315;0.306462;-0.34250352;-0.090241715;-0.32156676;-0.3709082;-0.64491177;-0.22212406;-0.99683446;-0.2677522;0.16035457;0.43697488;-0.3549789;0.41991988;-0.34153748;-0.28880936;-0.68409437;0.90601814;-0.88981146;-0.15847124;-0.78366053;-0.93173414;-0.9428489;0.032701455;-0.7474162;0.034765493;-0.52170426;-0.08753194
-0.059805933;0.004944722;0.020994816;-0.015026484;0.018594053;-0.008472888;-0.017840255;0.0009383649;-0.0024652535;-0.10309446;0.117956944;0.18831703;-0.025096139;0.07242428;0.17149343;0.0016816234;-0.004304962;-0.0012110441;0.0093217185;-0.010746751;-0.008196538;0.64239216;-0.055618428;-0.05870575;0.9120914;0.21025041;0.0030275942;0.098948754;0.0036685255;0.68512887;0.16913448;-0.11452289;0.92675954;-0.082546115;-0.034807313;-0.1717383;-0.017282;0.006509478;0.0026515166;-0.7795629;0.06020065;-0.16325162;0.84018034;-0.5361889;0.11792239;0.44242555;0.01430971;-0.0021727523;-0.7255426;0.18593873;-0.4156162;0.8108997;-0.23576567;0.26396954;-0.038390443;-0.98334676;-0.38356104;0.39489838;0.69472307;0.31397343;-0.83855045;-0.33552057;-0.15260088;0.38595992;-0.952056;0.021204956;0.27004197;-0.0011428263;0.3081099;-0.34106976;-0.088861145;-0.32117578;-0.37122434;-0.6420769;-0.21857981;-0.99680537;-0.2587025;0.1597148;0.43726137;-0.35470986;0.42020124;-0.34156188;-0.29068848;-0.6817285;0.9050316;-0.8895872;-0.15871435;-0.781401;-0.9310097;-0.9426486;0.032589678;-0.7427339;0.03851581;-0.51996654;-0.08922507
-0.059928063;0.005311761;0.021063767;-0.014982561;0.018796649;-0.008317801;-0.018010251;0.0007739382;-0.0025007871;-0.105310254;0.116928264;0.18846267;-0.02633353;0.07131653;0.1718721;0.0015535427;-0.004488817;-0.0010937089;0.009434637;-0.010943507;-0.008290322;0.6420842;-0.056276385;-0.05857866;0.91179305;0.21028864;0.0031168258;0.098661214;0.0038520775;0.6849039;0.16890323;-0.11440643;0.926622;-0.08282256;-0.03441987;-0.17152537;-0.016988352;0.006315646;0.0026957502;-0.7792078;0.06048097;-0.16082983;0.8395645;-0.5341587;0.11720732;0.44505146;0.014250011;-0.002238415;-0.72601396;0.18624097;-0.4172167;0.81048775;-0.23221357;0.26427892;-0.0422876;-0.98322296;-0.37885916;0.39515942;0.69463664;0.31667763;-0.8391462;-0.33388245;-0.1513002;0.38560686;-0.9521436;0.022559864;0.27058688;-0.0017275466;0.309895;-0.3400492;-0.087738134;-0.32076424;-0.37121838;-0.63955325;-0.21532826;-0.9967791;-0.25049916;0.15922935;0.43748102;-0.35435995;0.420643;-0.34186065;-0.29265577;-0.679571;0.90417826;-0.8894251;-0.15899941;-0.77935004;-0.9303593;-0.9425092;0.032393698;-0.73849183;0.04144926;-0.518463;-0.090843074
-0.060039837;0.005650079;0.021139696;-0.014921974;0.018972987;-0.00817309;-0.01814547;0.0006267716;-0.0025381742;-0.10738548;0.11594646;0.18854819;-0.0274575;0.07026771;0.17218532;0.001436053;-0.0046648183;-0.0009866143;0.009519485;-0.0110980915;-0.008375919;0.64180535;-0.056878235;-0.058436323;0.9115395;0.21036623;0.0031908278;0.09838714;0.00401758;0.6847467;0.16872908;-0.11429646;0.92649263;-0.08311857;-0.034099363;-0.1713241;-0.016717348;0.0061408235;0.0027279737;-0.7789502;0.060790733;-0.15851638;0.8389046;-0.5322388;0.11681573;0.44738537;0.0141931;-0.0022947735;-0.7263508;0.18648273;-0.4185461;0.81001437;-0.22904237;0.26477948;-0.045906827;-0.98311436;-0.3748999;0.39536908;0.69462204;0.3190282;-0.8397845;-0.3327333;-0.15012352;0.38542143;-0.9522735;0.02344375;0.27100402;-0.0021510804;0.31181365;-0.33938497;-0.0868037;-0.32033437;-0.37095332;-0.6373232;-0.21231446;-0.9967554;-0.24305312;0.15887691;0.43763387;-0.35395324;0.42124778;-0.34241602;-0.29468617;-0.6776086;0.9034529;-0.8893173;-0.15929238;-0.7775034;-0.92978257;-0.94242656;0.03214914;-0.7346652;0.04366187;-0.51717573;-0.09237153
-0.06014003;0.005963857;0.021223253;-0.014847499;0.019124964;-0.008036216;-0.018249936;0.0004945462;-0.0025789097;-0.10933538;0.11500886;0.18860064;-0.028479189;0.06927159;0.17247711;0.0013271014;-0.0048340242;-0.0008876558;0.009579008;-0.011217485;-0.008454593;0.6415539;-0.057429954;-0.05828234;0.9113307;0.21047434;0.003252558;0.0981214;0.0041670115;0.6846495;0.16860609;-0.11419273;0.9263718;-0.08342909;-0.033838607;-0.17113264;-0.016466938;0.0059845024;0.0027490736;-0.77878135;0.06112214;-0.15630324;0.83820754;-0.5304506;0.11672905;0.4494616;0.014139793;-0.00234083;-0.72656953;0.18666741;-0.41961208;0.8094795;-0.22621246;0.2654559;-0.04926349;-0.9830203;-0.37155953;0.39553365;0.6946836;0.3210612;-0.8404655;-0.3320325;-0.14907059;0.38541013;-0.9524478;0.023926485;0.2713002;-0.002426907;0.31386352;-0.33903024;-0.086006306;-0.31989136;-0.37048036;-0.6353701;-0.20949328;-0.9967342;-0.2362791;0.15863962;0.4377208;-0.3535085;0.42201573;-0.34321013;-0.29675955;-0.67583;0.9028506;-0.88925767;-0.15956642;-0.775856;-0.9292791;-0.9423977;0.0318835;-0.73123074;0.045234617;-0.51609004;-0.09380112
-0.06022805;0.006256622;0.02131489;-0.0147612905;0.019254526;-0.007904915;-0.01832718;0.00037531368;-0.0026239906;-0.111173004;0.11411237;0.18863977;-0.029407866;0.06832169;0.17278108;0.0012249653;-0.0049973596;-0.00079500047;0.009615574;-0.011307474;-0.008527415;0.6413275;-0.05793721;-0.05811938;0.911166;0.2106065;0.003304453;0.097859256;0.004301999;0.6846073;0.16852912;-0.11409512;0.9262599;-0.08375058;-0.033631053;-0.17094941;-0.016234938;0.005845922;0.0027598694;-0.7786938;0.06147089;-0.15418138;0.83747894;-0.52881104;0.11693222;0.45131004;0.014090372;-0.0023762016;-0.72668284;0.18679725;-0.4204241;0.80888265;-0.22369075;0.26629516;-0.052372076;-0.98294;-0.36874133;0.39566;0.6948237;0.3228061;-0.84118843;-0.33174706;-0.14814068;0.38557294;-0.9526671;0.024063751;0.27148083;-0.0025708738;0.31604168;-0.3389466;-0.08530893;-0.31944218;-0.369841;-0.6336776;-0.20682883;-0.9967153;-0.23009841;0.15850204;0.4377427;-0.35303974;0.42294383;-0.3442245;-0.29885957;-0.6742245;0.90236616;-0.8892405;-0.15980071;-0.77440226;-0.92884785;-0.94241965;0.03161752;-0.72816527;0.046235617;-0.5151945;-0.09512612
-0.060303945;0.0065312786;0.021414937;-0.014665127;0.01936356;-0.0077773854;-0.018380513;0.00026748423;-0.002673902;-0.1129095;0.11325384;0.18867952;-0.03025176;0.06741219;0.1731224;0.0011282625;-0.005155479;-0.00070722523;0.009631113;-0.011372679;-0.008595168;0.6411247;-0.058405366;-0.05794945;0.91104454;0.21075815;0.0033486406;0.09759654;0.004423714;0.6846163;0.16849376;-0.11400353;0.92615694;-0.08408028;-0.033470936;-0.17077348;-0.016019223;0.005724073;0.002761337;-0.7786821;0.061835192;-0.15214199;0.8367249;-0.5273337;0.11741185;0.45295593;0.014044843;-0.0024008863;-0.7267011;0.18687373;-0.4209927;0.8082244;-0.22144938;0.267286;-0.05524633;-0.9828734;-0.36637074;0.39575514;0.69504327;0.3242854;-0.8419525;-0.33185;-0.14733347;0.38590473;-0.9529317;0.023899961;0.2715498;-0.0026002883;0.31834295;-0.3391019;-0.084686175;-0.3189955;-0.3690693;-0.6322303;-0.20429267;-0.9966988;-0.22444054;0.15845108;0.4377017;-0.3525584;0.4240254;-0.3454409;-0.30097282;-0.67278254;0.90199405;-0.8892612;-0.15997933;-0.7731364;-0.92848825;-0.94248927;0.0313668;-0.72544813;0.046722174;-0.5144802;-0.096343316
