0;1;2;3;4;5;6;7;8;9;10;11;12;13;14;15;16;17;18;19;20;21;22;23;24;25;26;27;28;29;30;31;32;33;34;35;36;37;38;39;40;41;42;43;44;45;46;47;48;49;50;51;52;53;54;55;56;57;58;59;60;61;62;63;64;65;66;67;68;69;70;71;72;73;74;75;76;77;78;79;80;81;82;83;84;85;86;87;88;89;90;91;92;93;94
-0.054062415;0.0026423198;-0.004551719;0.0007065813;0.0001886882;0.00030036067;-0.0002119496;-1.4171081e-06;-7.577363e-05;-0.04895985;0.04318477;0.037206408;-0.04349257;0.03807668;0.05450776;-6.0133345e-05;0.00012931386;-0.00022124025;-1.6220725e-05;0.03289605;3.3708173e-05;0.35329235;0.084382795;-0.057284873;0.56500506;0.062160894;0.015456588;-0.039162837;0.00014919628;0.35893533;0.08332516;-0.065360114;0.55758244;-0.006824303;0.0053618234;-0.096724205;2.8724198e-05;5.5641573e-05;-0.00013510243;-0.43344602;0.05112625;0.031602032;0.43822902;-0.39252397;-0.006148689;0.42144522;9.521366e-05;-0.00017928511;-0.38142666;0.075811684;0.011961839;0.3766171;-0.16265349;-0.007510073;0.33145902;-0.87905157;-0.0493295;0.10828532;0.21213898;0.12855624;-0.4241078;0.02310828;-0.1218678;-0.10149419;0.020639304;-0.41312388;-0.39925545;-0.1270567;-0.713251;-0.38151866;-0.31827825;-0.22828406;-0.6125525;-0.4229947;-0.34925047;-0.8529678;-0.31914556;0.00653385;0.22844318;0.02260846;0.18144147;-0.020593831;-0.0051165293;-0.24533534;0.31728438;-0.4130836;-0.057465546;-0.19503836;-0.20873341;-0.39895955;-0.0017675551;-0.3151873;0.10186848;-0.21204683;0.08547487
-0.050663706;0.004425202;-0.0052853315;0.00037829118;0.00010255835;0.0003655349;-0.00014121979;-1.1163354e-06;-3.8076818e-05;-0.11622869;0.06980849;0.03592996;-0.12253826;0.068705514;0.06910672;-0.00014114969;9.3680974e-05;-0.00011624934;-8.352338e-06;-0.007597732;9.114869e-06;0.42829558;0.083395876;-0.06415395;0.76575154;0.04941744;0.002269288;-0.05717409;7.948282e-05;0.44833362;0.0952159;-0.08441502;0.7542984;0.013315992;-0.0055287043;-0.11807169;8.911957e-06;2.8225968e-05;-7.229336e-05;-0.57030874;0.043427132;0.021094995;0.5582062;-0.69593304;-0.02942322;0.6730007;3.301732e-05;-9.5578376e-05;-0.45819366;0.07888217;0.036677297;0.4151904;-0.26149833;-0.04221365;0.5327123;-0.9847474;-0.0760582;0.2042309;0.24478048;0.15469144;-0.6136942;-0.027581798;-0.26840407;-0.17247866;0.101690575;-0.6461888;-0.6225029;-0.16911934;-0.94137377;-0.5572061;-0.5139196;-0.36197588;-0.8546359;-0.6259328;-0.5852959;-0.97423357;-0.46568793;0.072879456;0.3209553;0.08956505;0.25919434;0.046978563;-0.022297123;-0.28350824;0.34813133;-0.47088072;-0.03260148;-0.19302224;-0.17717312;-0.42623958;0.07670983;-0.31298387;0.24541779;-0.24428286;0.18260337
-0.048764434;0.008556259;-0.00801925;0.00019416749;5.3804455e-05;0.00019182908;9.3037874e-05;-7.479341e-07;-1.5832426e-05;-0.1977849;0.096958175;-0.009404766;-0.20967773;0.100349344;0.038719214;-0.00018740936;6.3798005e-05;-5.7684258e-05;2.9608418e-06;-0.025316836;-1.2146847e-06;0.4609607;0.06477007;-0.053247515;0.8203545;0.006251229;-0.008204798;-0.05055271;4.067934e-05;0.49125603;0.10638169;-0.10151953;0.8055461;0.014544075;-0.0016537014;-0.13064227;-1.796212e-06;1.25851875e-05;-3.6701254e-05;-0.6183551;0.010201326;0.0068155723;0.5496133;-0.80416507;-0.045662325;0.7188903;-5.7382567e-06;-4.9315306e-05;-0.42981404;0.03884517;0.013176616;0.34261945;-0.32368267;-0.022711562;0.5187705;-0.9937455;-0.15294272;0.21692587;0.21886143;0.121591344;-0.6866279;-0.008759687;-0.24568692;-0.23283589;0.19254376;-0.66718996;-0.6350035;-0.19234042;-0.9732947;-0.5529331;-0.523992;-0.39861968;-0.89741725;-0.6362543;-0.6656675;-0.98817027;-0.4684124;0.13546573;0.4003968;0.1253695;0.22142735;0.13298728;0.009644764;-0.18361506;0.26148504;-0.3560582;0.046279293;-0.09725097;-0.09305728;-0.33426437;0.13624871;-0.14198145;0.39000952;-0.16256401;0.2534055
-0.048109796;0.011879051;-0.010433354;9.119499e-05;2.4726556e-05;0.00019235318;0.00035694306;-4.9351195e-07;-3.1753807e-06;-0.2520542;0.11357605;-0.06383269;-0.26572728;0.12241529;-0.0065341066;-0.00021711802;4.8467795e-05;-2.2512104e-05;1.43262405e-05;-0.031659964;-9.25731e-06;0.4801465;0.04647542;-0.0427371;0.8420587;-0.028765332;-0.005702301;-0.039624125;1.7522092e-05;0.5167031;0.11646964;-0.11529134;0.8337292;0.011258564;0.0012817727;-0.1396115;-8.831368e-06;3.6722122e-06;-1.5456171e-05;-0.6364618;-0.022590946;-0.005337881;0.52067703;-0.8389022;-0.07126486;0.719757;-2.9903284e-05;-2.202511e-05;-0.38540542;0.009552226;-0.007934693;0.2874463;-0.36623022;0.019044137;0.46094072;-0.99559146;-0.25273693;0.20481847;0.18919078;0.077528335;-0.71252346;0.03603221;-0.16161339;-0.26655126;0.28400186;-0.6324982;-0.59155846;-0.21176955;-0.97973835;-0.498689;-0.47552425;-0.41098598;-0.9027466;-0.59980106;-0.68088526;-0.99187016;-0.41447136;0.1578874;0.46300063;0.16039985;0.14506894;0.1815055;0.017695474;-0.10721491;0.20675386;-0.28054398;0.11349837;-0.0125400545;-0.04085636;-0.29182366;0.14897597;0.019112641;0.46985614;-0.10373216;0.30357903
-0.047661986;0.013730301;-0.012423571;3.3898978e-05;6.704766e-06;0.000282812;0.00055990845;-3.4406878e-07;4.298723e-06;-0.28834447;0.123783164;-0.10497358;-0.30329496;0.13731211;-0.041049298;-0.0002557439;6.436132e-05;-6.8335794e-07;2.7021913e-05;-0.033743035;-1.648345e-05;0.4918438;0.033432074;-0.03424814;0.84816885;-0.06537846;0.0041842493;-0.032303408;3.3839751e-06;0.5327287;0.12610441;-0.12624942;0.85282695;0.016738879;-0.0003614165;-0.1471311;-8.568837e-06;-1.4543402e-06;-2.246874e-06;-0.6397633;-0.05182635;-0.018640444;0.48790628;-0.84921324;-0.10536666;0.7171709;-2.6565627e-05;-5.4924167e-06;-0.34698892;-0.0023175713;-0.015393436;0.27055773;-0.38524917;0.03591319;0.40424895;-0.9961;-0.34727404;0.20100887;0.17113695;0.04864773;-0.7211021;0.07909977;-0.07186713;-0.28092158;0.36197945;-0.5898762;-0.52438194;-0.21996012;-0.98083985;-0.43703318;-0.4076322;-0.41013342;-0.89771867;-0.5568112;-0.67241764;-0.9928857;-0.35138723;0.17159612;0.51515144;0.19654106;0.07423962;0.20761651;0.0068386206;-0.07916786;0.20151868;-0.24686265;0.17795686;0.028994655;-0.029610284;-0.2833972;0.15037636;0.12179537;0.4910618;-0.06673744;0.3536571
-0.047363095;0.014526343;-0.013889839;4.3319305e-06;-4.142901e-06;0.0002829639;0.00068208546;-2.4785038e-07;8.798554e-06;-0.31521028;0.12841693;-0.1310787;-0.33166152;0.14514525;-0.061503474;-0.0002918859;9.319467e-05;1.2705394e-05;3.72039e-05;-0.034693148;-2.1515545e-05;0.49653223;0.02590929;-0.027728962;0.845685;-0.09969224;0.014512456;-0.026464503;-5.067297e-06;0.5415407;0.13423157;-0.13387044;0.86367816;0.023358757;-0.0033933632;-0.15253945;-4.5785273e-06;-4.3565087e-06;5.699898e-06;-0.6375539;-0.071622096;-0.02760441;0.45278734;-0.8494062;-0.14078146;0.71666193;-8.621093e-06;4.0687155e-06;-0.3162673;-0.0019158453;-0.013766475;0.27470353;-0.3805986;0.02589582;0.3601098;-0.9961989;-0.42210945;0.20627375;0.1597447;0.035125017;-0.72647697;0.115340784;-0.0010220925;-0.2896641;0.42924786;-0.55197763;-0.4557997;-0.22359759;-0.9803135;-0.3852712;-0.34507674;-0.40319934;-0.889119;-0.5215348;-0.6660121;-0.99266267;-0.3087412;0.18477583;0.5528654;0.22370578;0.013630275;0.22904949;-0.0034412714;-0.08046081;0.2253146;-0.2202497;0.24853191;0.035079923;-0.050171815;-0.28194937;0.15643315;0.17039108;0.4817218;-0.038707886;0.40208495
-0.047234435;0.01460575;-0.014765237;-3.921683e-06;-8.851377e-06;0.00018491613;0.00073667866;-1.9709694e-07;1.0885415e-05;-0.3322713;0.12757123;-0.14373346;-0.35026926;0.14584793;-0.069742195;-0.00031528165;0.00011882225;1.8972467e-05;4.272678e-05;-0.03620948;-2.4056317e-05;0.49499366;0.022551429;-0.02320533;0.83875453;-0.12591432;0.022834806;-0.02042176;-8.784686e-06;0.5440111;0.13985397;-0.13776332;0.86813426;0.023938498;-0.005331009;-0.15537374;-6.551418e-07;-5.52892e-06;9.134761e-06;-0.6313624;-0.08152679;-0.029112872;0.41365188;-0.84587824;-0.17432517;0.7196462;1.01164915e-05;7.877621e-06;-0.29199177;0.003804324;-0.0076991655;0.28502223;-0.3618111;0.0033219256;0.33138946;-0.9961463;-0.47376192;0.21301615;0.14918102;0.03240455;-0.73453236;0.14345965;0.041242365;-0.29750434;0.47973812;-0.52238744;-0.40483424;-0.22785443;-0.9789236;-0.35206455;-0.3011122;-0.39611325;-0.87911654;-0.50047255;-0.6711053;-0.99159914;-0.2935433;0.19819629;0.57542026;0.23796047;-0.03928273;0.24683562;-0.010223132;-0.09683125;0.2501131;-0.197685;0.31422147;0.019369429;-0.08179743;-0.27973446;0.16386993;0.1830735;0.46285763;-0.01980885;0.43667924
-0.04717691;0.014272224;-0.015282054;-1.0160729e-06;-9.872514e-06;6.5656604e-05;0.00075189694;-1.7887726e-07;1.15035655e-05;-0.33922464;0.122532636;-0.14825712;-0.3586025;0.14122647;-0.071831174;-0.00032836953;0.00013712095;2.1038722e-05;4.4339555e-05;-0.038892098;-2.5021967e-05;0.49102888;0.021979418;-0.020488208;0.83197993;-0.14446384;0.028899409;-0.014926156;-9.779775e-06;0.54314387;0.14246382;-0.13881668;0.8701422;0.017653797;-0.0052537452;-0.15598081;1.7812636e-06;-5.750044e-06;9.877942e-06;-0.62219834;-0.08519752;-0.024327079;0.3759733;-0.84257466;-0.2053884;0.72816414;2.4215246e-05;8.4694475e-06;-0.27432585;0.009836394;-0.00085230515;0.29715332;-0.34217572;-0.018129183;0.31475967;-0.99608314;-0.50917614;0.21610086;0.14020404;0.041749883;-0.7470979;0.16867386;0.06127802;-0.3009197;0.50547963;-0.5007058;-0.3773807;-0.23084791;-0.9769275;-0.3359423;-0.2742026;-0.38920987;-0.8680393;-0.49045676;-0.6858471;-0.99000674;-0.29463655;0.21227266;0.58788365;0.24369074;-0.081110805;0.25706825;-0.01178366;-0.118948564;0.26346263;-0.18403892;0.36768678;-0.005928454;-0.11122993;-0.2754451;0.17221059;0.1791166;0.4444426;-0.007890231;0.45631957
-0.047154278;0.013873358;-0.015560606;3.8520666e-06;-9.67423e-06;-1.9480016e-05;0.00075290626;-1.7316563e-07;1.1533077e-05;-0.33647642;0.11446469;-0.14923038;-0.35701743;0.1330018;-0.07263106;-0.00033659773;0.00014920074;2.1789747e-05;4.3530123e-05;-0.042931;-2.5320616e-05;0.48793587;0.02318002;-0.0194158;0.8282771;-0.15683462;0.033658784;-0.011357993;-9.994925e-06;0.5420964;0.14246537;-0.1382949;0.8735319;0.0056243683;-0.0038088874;-0.15512343;2.758592e-06;-5.7180223e-06;9.7593e-06;-0.61231333;-0.08617305;-0.015706409;0.351325;-0.84015524;-0.23359317;0.7417943;3.342422e-05;8.194067e-06;-0.26331988;0.014193699;0.0047956146;0.3105975;-0.33047524;-0.03160334;0.30296725;-0.9960843;-0.5357047;0.21459222;0.13629788;0.06575845;-0.7639158;0.19492123;0.06788919;-0.29665518;0.5061089;-0.48438367;-0.3687957;-0.22929767;-0.97449964;-0.329888;-0.25683525;-0.38038543;-0.8561286;-0.48554647;-0.7055656;-0.9882594;-0.2993708;0.22738706;0.5949389;0.2468765;-0.109972306;0.26007733;-0.0040458324;-0.1386521;0.26623806;-0.1745601;0.41058213;-0.03293528;-0.13680221;-0.2657476;0.18609095;0.17034304;0.4286485;0.0049063168;0.46751675
-0.047213677;0.013603875;-0.015489029;6.1782775e-06;-9.483134e-06;-6.436121e-05;0.0007507984;-1.6401532e-07;1.1370939e-05;-0.32501525;0.10420639;-0.14813237;-0.34653813;0.12224136;-0.07343947;-0.00034353958;0.0001571406;2.2555207e-05;4.1587e-05;-0.0483327;-2.5317553e-05;0.4871999;0.02591323;-0.020164443;0.82876825;-0.16322592;0.03828102;-0.011073996;-1.0289965e-05;0.5424922;0.1405763;-0.13695556;0.8805006;-0.01102735;-0.0018420215;-0.15360157;2.9088624e-06;-5.7256184e-06;9.68932e-06;-0.6036577;-0.085818544;-0.0046661985;0.3484886;-0.8377646;-0.25769645;0.7581425;3.9648774e-05;8.090428e-06;-0.25906155;0.017084867;0.00879405;0.3237538;-0.32807204;-0.03514113;0.29042733;-0.9961745;-0.5563605;0.21040426;0.14002971;0.1021391;-0.7839032;0.22105293;0.0636444;-0.2859791;0.48768592;-0.47192913;-0.37354666;-0.22241393;-0.9719614;-0.3284121;-0.24488387;-0.3689161;-0.8442763;-0.4817937;-0.72703874;-0.98670816;-0.30133396;0.24279206;0.5984104;0.25156143;-0.12819207;0.25960672;0.015492708;-0.15143393;0.2625358;-0.16369599;0.44623777;-0.05864459;-0.16133651;-0.24897125;0.20891888;0.15969455;0.41337097;0.02353396;0.47596556
-0.047417004;0.013418076;-0.014990544;6.161048e-06;-9.269046e-06;-9.5083735e-05;0.00074451085;-1.4324166e-07;1.09796965e-05;-0.3063228;0.09218318;-0.14731418;-0.3286924;0.10963375;-0.07649756;-0.0003505239;0.000163108;2.309194e-05;3.9272534e-05;-0.054602664;-2.4864421e-05;0.48901486;0.030261546;-0.022762211;0.8329655;-0.16426922;0.043679874;-0.014766932;-1.0463482e-05;0.54433274;0.13715641;-0.13499652;0.8905444;-0.030913882;0.00063399214;-0.15210487;3.0704468e-06;-5.691865e-06;9.652489e-06;-0.59663665;-0.084292285;0.008256946;0.36728495;-0.83502376;-0.27607763;0.77424955;4.5343957e-05;7.979979e-06;-0.26196358;0.01931045;0.011218027;0.33429185;-0.33131674;-0.029024731;0.2745979;-0.99631757;-0.57123184;0.20641847;0.15188754;0.14230965;-0.80456024;0.24277239;0.047165737;-0.27390492;0.4601535;-0.46465123;-0.3895243;-0.21309309;-0.96977127;-0.33096516;-0.23930193;-0.35687587;-0.8340112;-0.47810242;-0.74852157;-0.98556095;-0.2992645;0.25768942;0.5987418;0.25856853;-0.13850053;0.2577989;0.04329246;-0.15720855;0.2555065;-0.15128627;0.4751486;-0.08245633;-0.18588255;-0.22619249;0.23943673;0.1469847;0.39563036;0.0482175;0.48347262
-0.047804013;0.0131651275;-0.014260838;6.4838678e-06;-8.340721e-06;-0.00015723886;0.0007260147;-1.087634e-07;1.0133808e-05;-0.28247488;0.078213945;-0.15373628;-0.30559626;0.09573396;-0.089197665;-0.00035710607;0.00016850437;2.2340973e-05;3.6798956e-05;-0.060538303;-2.3530301e-05;0.4929254;0.036012635;-0.026558375;0.8386576;-0.16196746;0.051063627;-0.022111328;-9.784635e-06;0.5468285;0.13230516;-0.13246469;0.901014;-0.052723657;0.0045526973;-0.15123542;4.0003542e-06;-5.3624753e-06;9.143376e-06;-0.590714;-0.08161958;0.022561757;0.39817142;-0.8325239;-0.28695276;0.78723943;5.206815e-05;7.1157992e-06;-0.27187935;0.020880079;0.010917366;0.3406937;-0.3345564;-0.015071422;0.25660598;-0.9964152;-0.57817674;0.20601878;0.17055058;0.17525226;-0.8218207;0.257519;0.019976629;-0.26562795;0.43560156;-0.46528286;-0.41735676;-0.20657918;-0.96834505;-0.34016243;-0.24317458;-0.34818852;-0.8272503;-0.4752818;-0.7685554;-0.9848568;-0.2938876;0.27227694;0.59643734;0.26578602;-0.14026687;0.2522027;0.06943901;-0.15923078;0.24733567;-0.1421288;0.49506578;-0.10357381;-0.20816846;-0.20015869;0.2717495;0.13429537;0.3732688;0.07681742;0.48872113
-0.04839032;0.012814043;-0.013697747;9.094016e-06;-6.277027e-06;-0.00028327352;0.0006907866;-6.620269e-08;8.76066e-06;-0.2561421;0.06171732;-0.17514148;-0.28002664;0.080798045;-0.12013239;-0.00036316566;0.0001725722;1.965795e-05;3.4291246e-05;-0.06476127;-2.1092586e-05;0.49818677;0.042483065;-0.030414764;0.84336066;-0.15806536;0.06157601;-0.03221793;-7.817158e-06;0.5493078;0.12632905;-0.12968571;0.90928346;-0.07534018;0.011171045;-0.15145615;5.7688812e-06;-4.5859997e-06;7.818191e-06;-0.5870422;-0.07787873;0.036738843;0.43032572;-0.83053476;-0.28797346;0.79425997;5.8869336e-05;5.0663366e-06;-0.28785607;0.021023788;0.004935123;0.33966786;-0.33377033;0.003842044;0.24137719;-0.9963559;-0.5743893;0.21151054;0.19377099;0.19538274;-0.831813;0.26915562;-0.008502218;-0.2615151;0.42234117;-0.4717896;-0.45510104;-0.2049949;-0.96776617;-0.35358572;-0.25543824;-0.34302393;-0.8242069;-0.4723405;-0.7847413;-0.98455447;-0.28764194;0.2861604;0.5917375;0.26873216;-0.12874797;0.23847994;0.0839308;-0.16262494;0.23976411;-0.14302653;0.50259936;-0.12081762;-0.22388227;-0.17598352;0.2974246;0.12543546;0.34619114;0.106088415;0.48805448
-0.049130265;0.012624491;-0.01352422;1.3094046e-05;-3.8727594e-06;-0.00042274455;0.00065027166;-4.2690544e-08;7.291863e-06;-0.22944754;0.043016594;-0.20608625;-0.2543215;0.06461268;-0.16342244;-0.00037098138;0.00017265565;1.6098842e-05;3.190872e-05;-0.066653505;-1.8226281e-05;0.5038992;0.04844908;-0.03341467;0.84657764;-0.15264378;0.073882036;-0.043780465;-5.2687683e-06;0.55166566;0.12012987;-0.12735572;0.9144722;-0.096208125;0.0203542;-0.1529816;7.0682872e-06;-3.5597623e-06;6.1409373e-06;-0.59007126;-0.074134625;0.04599196;0.4644136;-0.8281298;-0.27814177;0.793721;6.1980114e-05;2.453744e-06;-0.30835462;0.01941344;-0.008468846;0.32435724;-0.3332675;0.023237152;0.23728195;-0.9961117;-0.56138337;0.21981071;0.22010057;0.21039534;-0.83411574;0.28962433;-0.021591479;-0.25385243;0.4171105;-0.46919602;-0.4883715;-0.20170599;-0.96757835;-0.3550139;-0.26270097;-0.33157018;-0.820918;-0.46468398;-0.79261804;-0.984766;-0.2854201;0.29527438;0.5832478;0.26287106;-0.098049484;0.21876281;0.08688645;-0.17031999;0.23596846;-0.15627633;0.49491718;-0.1334563;-0.2313388;-0.16106288;0.3085978;0.12006867;0.31930998;0.13274224;0.47587022
-0.049938373;0.012729171;-0.013624286;1.9325293e-05;-1.6939011e-06;-0.0005071429;0.00061898096;-7.149163e-08;6.00396e-06;-0.20168835;0.024069067;-0.22891195;-0.22764917;0.04730532;-0.19905886;-0.00037934008;0.000164407;1.2533565e-05;3.0006511e-05;-0.06576688;-1.5611993e-05;0.50914866;0.05255962;-0.035153292;0.84784937;-0.14657095;0.08429965;-0.05367887;-2.7351052e-06;0.55326074;0.114549294;-0.1255429;0.91593874;-0.11153427;0.03114726;-0.15512504;6.189064e-06;-2.4364272e-06;4.433663e-06;-0.60106146;-0.07166294;0.046089467;0.5036542;-0.8243257;-0.26138735;0.78508425;5.6972865e-05;-3.5375706e-07;-0.32945815;0.015977178;-0.028512444;0.29489765;-0.3397613;0.0374416;0.24953917;-0.9956631;-0.538365;0.22477569;0.24879007;0.23467503;-0.83003986;0.32681787;-0.008569239;-0.22782269;0.41111234;-0.43974143;-0.5007103;-0.18632075;-0.9672796;-0.32972124;-0.2507719;-0.30250156;-0.8143261;-0.44435012;-0.787152;-0.98563266;-0.29764742;0.29563507;0.569459;0.24342474;-0.04560165;0.19535327;0.082324125;-0.18506625;0.24356325;-0.18733418;0.46835718;-0.14480686;-0.23162407;-0.16500646;0.29661468;0.10675943;0.30251384;0.14904772;0.44498926
-0.05081623;0.012896073;-0.01385876;3.3865683e-05;1.6794656e-06;-0.00054772786;0.0006009815;-1.4776344e-07;4.314039e-06;-0.17223743;0.007926662;-0.23884876;-0.19860536;0.031470507;-0.22117329;-0.00038380618;0.000147866;7.213792e-06;2.9972805e-05;-0.06055705;-1.2591721e-05;0.5128508;0.054558244;-0.035573788;0.8448162;-0.14358085;0.0890185;-0.05885892;9.0157846e-07;0.55313444;0.10947408;-0.12349709;0.91296214;-0.118038066;0.04208574;-0.15584108;3.6977144e-06;-8.101997e-07;1.7008424e-06;-0.6145162;-0.0682915;0.037642226;0.5374523;-0.8178421;-0.24372797;0.76861954;4.593441e-05;-4.6997447e-06;-0.34628546;0.010474024;-0.05386545;0.25943485;-0.34936997;0.04493823;0.27102804;-0.9948936;-0.5020162;0.22394961;0.2777602;0.27171716;-0.8199022;0.3725427;0.024811262;-0.17593828;0.3994315;-0.3823343;-0.49148095;-0.15582517;-0.9661458;-0.2809764;-0.22251219;-0.2578435;-0.8061532;-0.40752596;-0.76638716;-0.9867429;-0.33594295;0.28817272;0.5521138;0.201476;0.022275917;0.16492738;0.075254925;-0.21515882;0.27340212;-0.24510701;0.42111436;-0.16617061;-0.22796662;-0.19529702;0.25404534;0.06635344;0.30247182;0.14420281;0.385923
-0.05196252;0.012911704;-0.014365252;5.702034e-05;6.6287466e-06;-0.0005735323;0.00059818494;-2.414182e-07;2.138855e-06;-0.1451995;-0.0023479157;-0.24873592;-0.17063716;0.021435864;-0.24307075;-0.0003802219;0.00012653247;-4.8812944e-07;3.178732e-05;-0.04980075;-8.437397e-06;0.5148236;0.055427615;-0.03530386;0.8397071;-0.14399809;0.08723291;-0.060980912;5.994909e-06;0.5518576;0.104263954;-0.12111875;0.90712994;-0.114434086;0.050751057;-0.1538103;1.0256736e-06;1.4007892e-06;-2.2577296e-06;-0.6253769;-0.0602921;0.021015313;0.551707;-0.80939275;-0.22891101;0.7483158;3.3590528e-05;-1.086836e-05;-0.35890043;0.0024646039;-0.08264918;0.22606982;-0.35508287;0.047132604;0.29452553;-0.99381655;-0.45537212;0.21727654;0.30377123;0.31073317;-0.8049251;0.41184235;0.06428637;-0.10996005;0.38794026;-0.31275716;-0.46811625;-0.11896422;-0.96405137;-0.22411343;-0.18874925;-0.21116784;-0.8007724;-0.36559615;-0.73426414;-0.9876407;-0.38992292;0.27412742;0.53405654;0.13345022;0.09607388;0.12643528;0.07097979;-0.259319;0.3343132;-0.31929803;0.35935622;-0.19843824;-0.2342365;-0.24357273;0.1893965;-0.0007174833;0.31095782;0.11938552;0.29597375
-0.05349574;0.012797628;-0.015101715;7.0491806e-05;8.658186e-06;-0.00059019774;0.00061939965;-3.0881233e-07;1.3108729e-06;-0.13027382;-0.0048945784;-0.26372096;-0.15400389;0.019612879;-0.2680072;-0.00035878262;9.3611874e-05;-4.9043447e-06;3.190799e-05;-0.035167262;-4.5956986e-06;0.517762;0.054573998;-0.035131533;0.8425113;-0.14324088;0.08126305;-0.0630696;8.839197e-06;0.55268157;0.09999297;-0.11986026;0.9032011;-0.10153699;0.056018095;-0.15081425;-3.913625e-06;2.6820562e-06;-4.091795e-06;-0.63486546;-0.04862581;0.0032039236;0.5402903;-0.80472803;-0.22026645;0.73115194;1.2810742e-05;-1.44129735e-05;-0.37177736;-0.0055662165;-0.112634905;0.20411202;-0.35838094;0.046094876;0.32107857;-0.9928416;-0.40605554;0.20173424;0.31992507;0.34695217;-0.78976035;0.4368911;0.10194106;-0.036022037;0.37659544;-0.23625445;-0.429101;-0.083873846;-0.9618215;-0.16790763;-0.15173146;-0.16816603;-0.799802;-0.32945007;-0.6972029;-0.9883778;-0.42560858;0.24845919;0.5148072;0.06476563;0.16008995;0.08839825;0.06424027;-0.28875482;0.39575878;-0.37922955;0.29693878;-0.21234253;-0.25163516;-0.28274217;0.13560179;-0.057145737;0.3153747;0.0892649;0.20775819
-0.05520442;0.012759766;-0.016060583;6.9095986e-05;7.1818067e-06;-0.0005931308;0.0006313949;-3.6588574e-07;1.954526e-06;-0.13179816;-0.0031125143;-0.288643;-0.15374121;0.02331792;-0.29838568;-0.00031850918;5.564469e-05;-5.026901e-06;2.7754893e-05;-0.01937418;-1.9301806e-06;0.52126366;0.051526006;-0.034151115;0.85191786;-0.14141943;0.07182118;-0.06531248;8.806179e-06;0.55627525;0.09784638;-0.12025403;0.9003806;-0.0806448;0.055479154;-0.1485128;-9.885996e-06;2.7073693e-06;-3.331079e-06;-0.6385956;-0.040662542;-0.010946112;0.49873468;-0.80147886;-0.2144476;0.7165922;-1.3935482e-05;-1.4406891e-05;-0.38823006;-0.008626937;-0.14208874;0.20156147;-0.3624725;0.04467233;0.33550626;-0.9919359;-0.3707705;0.1834578;0.32929537;0.3769979;-0.7783978;0.44999257;0.14108057;0.032945987;0.34478962;-0.15813181;-0.3622187;-0.049397647;-0.95617086;-0.10614529;-0.10333765;-0.12394329;-0.79027206;-0.29428872;-0.6502132;-0.98827696;-0.42106122;0.20856225;0.4915403;0.037425064;0.199963;0.08103907;0.06559801;-0.2624351;0.4042086;-0.38584796;0.25826;-0.165831;-0.25431874;-0.2715858;0.12531811;-0.055093564;0.32565936;0.078033626;0.16716158
-0.056701373;0.012511966;-0.017168052;5.3451397e-05;3.2855605e-06;-0.0007067411;0.00058072066;-3.862839e-07;3.7800637e-06;-0.14124238;0.00088747183;-0.316233;-0.16196683;0.029482087;-0.32681024;-0.00026458566;2.3891967e-05;-1.0084186e-06;1.7823895e-05;-0.003925847;-2.2023596e-07;0.52570736;0.049072616;-0.032677956;0.86316353;-0.14169578;0.06322423;-0.06840633;5.994443e-06;0.56329787;0.09602665;-0.12142175;0.8975848;-0.050327923;0.049427513;-0.14585558;-1.4081896e-05;1.5246987e-06;-7.9553865e-07;-0.6324138;-0.040056814;-0.020686788;0.42985713;-0.80096775;-0.20275566;0.7037635;-3.7463353e-05;-1.093492e-05;-0.4158759;-0.0053009535;-0.16764534;0.22994235;-0.38025376;0.06075297;0.3438571;-0.99090284;-0.35310015;0.17025298;0.33676785;0.40377632;-0.7680334;0.46336102;0.19123255;0.091979995;0.29448438;-0.091200374;-0.27605346;-0.013126069;-0.9467169;-0.03505719;-0.043469362;-0.07494165;-0.77110356;-0.25988016;-0.5965672;-0.98736393;-0.36913836;0.16775669;0.47366375;0.06643465;0.2131266;0.116470486;0.07234976;-0.17221978;0.31982717;-0.3315404;0.2490976;-0.04973057;-0.20797896;-0.20334107;0.14914732;0.018582074;0.3593637;0.08997489;0.17541033
-0.057976734;0.012074983;-0.018210622;3.1502917e-05;-8.8947127e-07;-0.0009351709;0.00043901597;-3.8553833e-07;5.909882e-06;-0.15162727;0.0046107396;-0.33723554;-0.17178027;0.03473985;-0.3459872;-0.0002037327;6.786606e-06;4.8070506e-06;4.092539e-06;0.009161394;9.097421e-07;0.52770376;0.048344154;-0.030910015;0.871777;-0.14306098;0.0590811;-0.07208148;1.9606523e-06;0.57108426;0.093943626;-0.122600965;0.8943457;-0.017354587;0.042179152;-0.1413174;-1.3454635e-05;-2.2161112e-07;1.9565923e-06;-0.61810863;-0.04379155;-0.025039738;0.34201106;-0.80326194;-0.17872316;0.69278663;-4.772113e-05;-5.7964644e-06;-0.44710606;0.00075880607;-0.19006598;0.28334326;-0.41200072;0.09466835;0.36720052;-0.9896333;-0.3461726;0.16387312;0.34740728;0.42739725;-0.7531614;0.48004028;0.2513166;0.13168882;0.23647222;-0.04913666;-0.19677472;0.015933026;-0.9336814;0.030203786;0.007000966;-0.030363277;-0.7490235;-0.23443814;-0.550999;-0.98588085;-0.2861863;0.13419126;0.4651986;0.12582186;0.20747341;0.17288074;0.07107106;-0.05630345;0.15506546;-0.24739201;0.24686664;0.093700215;-0.10477093;-0.111881174;0.17481183;0.12072385;0.41213608;0.10478163;0.20118035
-0.058914497;0.011659044;-0.018856158;1.15572475e-05;-4.126632e-06;-0.0011325234;0.00024465902;-3.914928e-07;7.792842e-06;-0.16450886;0.0060273604;-0.3536206;-0.18392122;0.03760701;-0.36068037;-0.00015225602;1.3927667e-05;1.0109536e-05;-7.0990172e-06;0.018830828;1.6398626e-06;0.5258218;0.04764811;-0.028910723;0.876792;-0.14214224;0.05813318;-0.07480298;-1.8667779e-06;0.5782909;0.09280348;-0.12331212;0.89090955;0.007845836;0.039385088;-0.1351428;-5.4704833e-06;-1.8879146e-06;4.092668e-06;-0.59940535;-0.050202783;-0.022762967;0.252059;-0.8085232;-0.14443804;0.6845531;-3.3274904e-05;-6.3644256e-07;-0.46526408;0.0036398843;-0.21243425;0.33514667;-0.45531598;0.13325968;0.4208989;-0.9886171;-0.36292252;0.15804914;0.36118218;0.43665162;-0.73440045;0.4911014;0.3037956;0.1352582;0.18326086;-0.057588026;-0.16537109;0.014381243;-0.9185797;0.05277252;0.014390189;-0.022185253;-0.7370529;-0.24817905;-0.53717625;-0.98496765;-0.20799936;0.11039108;0.46551612;0.16009215;0.20196643;0.18874848;0.03447008;0.009211402;0.020748323;-0.21398023;0.21505183;0.18508302;0.012095169;-0.08626524;0.15438628;0.17875427;0.4650468;0.07073458;0.19376893
-0.059074324;0.0113952635;-0.018968232;-1.8577557e-06;-6.6527573e-06;-0.001189666;9.531784e-05;-3.9845952e-07;9.543597e-06;-0.1823713;0.0071493876;-0.37404886;-0.20017613;0.041307062;-0.38114628;-0.00012081416;3.8702397e-05;1.4047371e-05;-1.0451406e-05;0.025792345;2.3769317e-06;0.52341855;0.045316376;-0.026744213;0.8780404;-0.13792177;0.05830628;-0.074102946;-5.0512317e-06;0.5854869;0.09393403;-0.123277046;0.88676095;0.019826729;0.045165796;-0.12841919;7.472645e-06;-3.1942109e-06;5.788228e-06;-0.5810367;-0.05903984;-0.01524582;0.18647411;-0.8192358;-0.1037263;0.6825573;3.274763e-07;3.7506397e-06;-0.4572921;-0.0020484652;-0.2328768;0.36082911;-0.51325065;0.16716835;0.49777547;-0.9886212;-0.412162;0.14930047;0.37524688;0.41876742;-0.7229717;0.48041537;0.3189349;0.090663746;0.13446517;-0.13861953;-0.20690767;-0.03989335;-0.9043827;-0.0059348573;-0.0465318;-0.080564715;-0.7459522;-0.33900946;-0.57052284;-0.98589337;-0.1519061;0.099552944;0.4759919;0.13148318;0.22059588;0.11498788;-0.053943302;-0.024845742;0.015952552;-0.29318073;0.12271207;0.17790283;0.085475005;-0.19716902;0.0503578;0.15203151;0.49579293;-0.05345945;0.11134558
-0.058359783;0.01108207;-0.019005936;-1.0000076e-05;-1.0692864e-05;-0.001180738;7.133452e-05;-3.7508403e-07;1.1813405e-05;-0.20370291;0.010485874;-0.39758146;-0.21929567;0.047964726;-0.40493137;-0.000102181555;5.8991835e-05;1.8438528e-05;-8.154555e-06;0.029781785;3.3937467e-06;0.52503914;0.04228377;-0.024814222;0.8781265;-0.13125652;0.059230827;-0.06903439;-8.627612e-06;0.5925705;0.096066944;-0.123124175;0.88118625;0.021188326;0.06069924;-0.122021236;1.7689586e-05;-4.4257176e-06;8.6245855e-06;-0.56890345;-0.06801616;-0.0045506866;0.15944575;-0.8364909;-0.059482813;0.69743377;3.061159e-05;8.010073e-06;-0.42560205;-0.019388158;-0.24666288;0.3585472;-0.58222306;0.19515881;0.5816302;-0.98990345;-0.47846377;0.14076427;0.3888493;0.37734658;-0.72955316;0.4464506;0.28662753;0.005606607;0.07954137;-0.26975182;-0.29977393;-0.13704422;-0.8930191;-0.1414919;-0.16278906;-0.19472773;-0.77243906;-0.4874371;-0.63286793;-0.98829377;-0.124194056;0.10728836;0.50188154;0.047695406;0.24883553;-0.024938306;-0.1630167;-0.14616422;0.093535066;-0.4556835;-0.016291913;0.08333957;0.12988345;-0.4055949;-0.1164824;0.047914613;0.5110931;-0.23954129;-0.035693944
-0.05712635;0.0102701;-0.019692639;-1.3221172e-05;-1.640513e-05;-0.0013213139;0.000101768936;-2.9391265e-07;1.4234232e-05;-0.21858302;0.01689257;-0.41165027;-0.23192227;0.05597613;-0.4160278;-8.313045e-05;7.484601e-05;2.3941451e-05;-6.6401954e-06;0.030712767;4.2301544e-06;0.5292418;0.04182652;-0.023389187;0.87946373;-0.12138991;0.05574901;-0.06460851;-1.2555116e-05;0.59769726;0.09648315;-0.12327947;0.87586737;0.020490529;0.08070612;-0.11685892;2.3522174e-05;-5.658352e-06;1.2718345e-05;-0.56717753;-0.07010582;0.010889015;0.17021945;-0.8564031;-0.014415311;0.7329567;5.7833306e-05;1.20186305e-05;-0.38226384;-0.047125623;-0.24776398;0.34516704;-0.6484039;0.20950533;0.66686696;-0.99155885;-0.53556985;0.14275895;0.40441;0.32930002;-0.7485445;0.40609735;0.22103181;-0.093180194;0.0066846516;-0.39249113;-0.39489937;-0.23177266;-0.88502926;-0.29300088;-0.29112288;-0.31151238;-0.8014164;-0.61761594;-0.6850762;-0.99012613;-0.15896381;0.14867394;0.54380375;-0.04239845;0.21955237;-0.13818657;-0.23852122;-0.28954384;0.09864602;-0.6040525;-0.13211896;-0.047522474;0.22758448;-0.5889801;-0.2656523;-0.10022236;0.54741573;-0.41320094;-0.17585984
-0.055507295;0.008903226;-0.02094301;-1.4468213e-05;-2.312637e-05;-0.0016998245;9.3488314e-05;-1.4258421e-07;1.618873e-05;-0.2186977;0.026968317;-0.40680367;-0.23044398;0.06466892;-0.40359637;-5.7964513e-05;9.323077e-05;3.0582392e-05;-7.963601e-06;0.028463805;4.9056944e-06;0.5323001;0.04532721;-0.022919133;0.8802965;-0.10213238;0.04301326;-0.06490692;-1.6839695e-05;0.6000275;0.095456325;-0.123525806;0.873415;0.020391295;0.099025615;-0.112613425;2.8039756e-05;-6.9665766e-06;1.755495e-05;-0.5792188;-0.059380393;0.037911315;0.2184882;-0.8743162;0.024693588;0.7747768;9.225989e-05;1.6002567e-05;-0.33804676;-0.07788103;-0.2297369;0.33137733;-0.7060439;0.19301042;0.7458872;-0.99291885;-0.5644522;0.15876171;0.42246205;0.2845045;-0.7674383;0.3676743;0.13208191;-0.17722787;-0.105641276;-0.47007522;-0.45918912;-0.2867757;-0.87976396;-0.40372607;-0.39253584;-0.39092898;-0.8261007;-0.6931516;-0.705287;-0.9911233;-0.3012582;0.22851124;0.5917458;-0.12659784;0.1222816;-0.19583271;-0.27752316;-0.43207338;0.015255228;-0.7136295;-0.19880433;-0.20726946;0.3729548;-0.7153975;-0.3658108;-0.29468575;0.6046276;-0.5564044;-0.27018386
-0.053263474;0.0074039386;-0.022176323;-1.51448185e-05;-3.0077092e-05;-0.0021734643;2.062379e-05;1.649903e-08;1.7132043e-05;-0.21051905;0.038011886;-0.37810683;-0.22160105;0.07153769;-0.36412343;-3.0894036e-05;0.000114032075;3.7829857e-05;-1.1098866e-05;0.021481043;6.1531755e-06;0.5337697;0.051505912;-0.023910297;0.8778369;-0.071841136;0.024782376;-0.06811201;-2.1572065e-05;0.59894407;0.09474816;-0.123490095;0.87231517;0.01725125;0.11457098;-0.10765218;3.383212e-05;-8.301176e-06;2.2533583e-05;-0.5981468;-0.03895902;0.07929876;0.28912425;-0.8881964;0.054103408;0.8084269;0.00013389991;2.0094623e-05;-0.2938649;-0.101727135;-0.1857906;0.31133944;-0.7534157;0.12699494;0.8020849;-0.99376684;-0.55556065;0.18397452;0.4383413;0.24892557;-0.7740508;0.32287908;0.020417951;-0.2266059;-0.25534728;-0.50042707;-0.48165888;-0.2914199;-0.87325263;-0.46021464;-0.44583467;-0.42631662;-0.8428132;-0.7231171;-0.6902486;-0.99191105;-0.5149804;0.32569155;0.631072;-0.21531658;0.036126528;-0.2232862;-0.29446256;-0.57092744;0.0031464666;-0.7929657;-0.22936954;-0.39989442;0.4442707;-0.79783213;-0.41954115;-0.5204706;0.63824946;-0.6664102;-0.30834362
-0.050232295;0.0060985936;-0.022932317;-8.098199e-06;-3.4072204e-05;-0.0025916304;-0.00010188029;1.1951784e-07;1.6034173e-05;-0.20961405;0.045058362;-0.3201028;-0.22020487;0.071318686;-0.29408264;-1.5154421e-05;0.00014304044;4.2109343e-05;-1.4074612e-05;0.010534946;8.405761e-06;0.5346971;0.05880027;-0.026678033;0.87020445;-0.04141101;0.008334482;-0.07026762;-2.4604014e-05;0.5944853;0.09450419;-0.12267518;0.8674614;0.009842666;0.1263501;-0.102203615;4.2637887e-05;-8.859432e-06;2.5338493e-05;-0.6079798;-0.01866515;0.12221339;0.3525322;-0.89691794;0.069263294;0.8284583;0.00018189067;2.1898595e-05;-0.24386849;-0.11155473;-0.11790288;0.27753386;-0.79214627;0.026953658;0.8299783;-0.9938277;-0.5082755;0.21285813;0.45109522;0.22945869;-0.7660442;0.2692627;-0.097250976;-0.23553927;-0.39488235;-0.495462;-0.46393022;-0.25246072;-0.857851;-0.47314098;-0.4512461;-0.42472285;-0.8456091;-0.7234307;-0.6433051;-0.992268;-0.68421227;0.40295115;0.65342206;-0.2902131;0.011998345;-0.2251541;-0.27915874;-0.67513627;0.13687508;-0.8391742;-0.22309835;-0.56517804;0.3869721;-0.8409317;-0.4222786;-0.69111496;0.6306877;-0.7284968;-0.28663608
-0.046784706;0.0052700876;-0.02314483;1.2313132e-05;-3.2614742e-05;-0.0028212804;-0.00021513709;1.496802e-07;1.2620192e-05;-0.22032516;0.045662373;-0.2392831;-0.23024759;0.062022574;-0.20130254;-2.3826897e-05;0.00018448691;4.0562038e-05;-1.4329635e-05;-0.0017998645;1.0378291e-05;0.534291;0.06614126;-0.031068385;0.8588163;-0.021898314;-0.0033194872;-0.07011419;-2.3893328e-05;0.58826196;0.09413399;-0.121291734;0.856162;0.0035176615;0.13136452;-0.09795969;5.374341e-05;-7.978975e-06;2.4172885e-05;-0.6010672;-0.0040392466;0.15036473;0.39445898;-0.90100604;0.066309966;0.83757156;0.00023196984;1.9245112e-05;-0.18983327;-0.107799016;-0.04513801;0.2350803;-0.8241341;-0.06007078;0.8359773;-0.99302953;-0.4363436;0.23922916;0.46341658;0.22773463;-0.7564108;0.22336932;-0.19222967;-0.20810455;-0.4910397;-0.4656111;-0.41830304;-0.18216057;-0.82876664;-0.45233858;-0.42523828;-0.3931608;-0.8334531;-0.702901;-0.5753558;-0.99179465;-0.7636132;0.44044414;0.6595665;-0.33251113;0.032598127;-0.19797353;-0.22185923;-0.7311069;0.33514416;-0.8579331;-0.1864988;-0.6606872;0.22458531;-0.8561951;-0.38432524;-0.7747631;0.59411275;-0.7482818;-0.23164342
-0.04351149;0.005115688;-0.022740629;4.398811e-05;-2.5932939e-05;-0.002819751;-0.00027867232;1.1838051e-07;7.5785356e-06;-0.23720913;0.042031955;-0.15406527;-0.24668065;0.047940057;-0.10552251;-5.5606448e-05;0.00023433735;3.3469696e-05;-1.1879169e-05;-0.014431106;1.0975702e-05;0.5307052;0.0733571;-0.036722578;0.8460872;-0.014149117;-0.010482304;-0.07036613;-1.9426501e-05;0.58188385;0.094811745;-0.12011987;0.8396032;0.0020838014;0.12797955;-0.09591696;6.5261505e-05;-5.7678117e-06;1.9229148e-05;-0.5816332;0.005623806;0.15895824;0.42107078;-0.90250444;0.05056766;0.8413233;0.00027755782;1.2343458e-05;-0.13310142;-0.09636085;0.016207002;0.19014731;-0.84734815;-0.1120835;0.82826895;-0.9914741;-0.3546983;0.2577465;0.47248176;0.24249382;-0.75603485;0.1981003;-0.25097296;-0.14945924;-0.54795045;-0.41402;-0.3566573;-0.086817965;-0.787839;-0.4004407;-0.38141695;-0.33507967;-0.8088839;-0.6640424;-0.50084895;-0.9902506;-0.77994573;0.4463123;0.6552661;-0.34458032;0.06577277;-0.14522053;-0.12905638;-0.74890995;0.50505614;-0.85691065;-0.13991433;-0.69776076;0.003123865;-0.85335815;-0.32562628;-0.7997518;0.5404771;-0.7404528;-0.17490211
-0.04081469;0.0056572105;-0.021703454;8.03853e-05;-1.5882077e-05;-0.0026500989;-0.00027561968;5.2181576e-08;1.8694118e-06;-0.25622973;0.03863769;-0.07812418;-0.26566872;0.03508968;-0.020988455;-0.000100339836;0.00028335757;2.2976805e-05;-7.462935e-06;-0.025795514;1.038926e-05;0.52344155;0.080474176;-0.04296351;0.83279335;-0.017023835;-0.015299195;-0.07302026;-1.2527322e-05;0.57702863;0.09806234;-0.11983747;0.8197172;0.0049743536;0.11745626;-0.09618535;7.5526754e-05;-2.7966162e-06;1.187982e-05;-0.5566924;0.011757817;0.14788431;0.44197416;-0.903503;0.029342564;0.8442068;0.00031275017;2.8545328e-06;-0.06784699;-0.08571476;0.058260813;0.13976221;-0.86035824;-0.13386747;0.81382596;-0.9892035;-0.2680941;0.26406622;0.47275168;0.27453926;-0.76560265;0.19529457;-0.2753873;-0.06623237;-0.5781448;-0.33914933;-0.28412837;0.02990343;-0.7381529;-0.31614435;-0.32614905;-0.25089195;-0.77272063;-0.60401505;-0.43030897;-0.98738;-0.7557193;0.43185666;0.64494234;-0.3363389;0.08905457;-0.070206806;-0.010366347;-0.73832345;0.61842805;-0.83763766;-0.097897574;-0.6940997;-0.22726136;-0.8340076;-0.25833628;-0.7859423;0.47823232;-0.7100406;-0.13053279
-0.03876798;0.006762424;-0.020619297;0.000116684125;-4.063011e-06;-0.0023523984;-0.00021018466;-1.5826686e-08;-3.7428545e-06;-0.27521053;0.039229687;-0.017644245;-0.2849876;0.027909806;0.04762912;-0.00015050251;0.0003256495;1.084659e-05;-1.596829e-06;-0.032978266;8.643048e-06;0.5128656;0.086046815;-0.047732275;0.82010645;-0.030336754;-0.019863717;-0.07641148;-4.3823093e-06;0.57336134;0.10290891;-0.12066198;0.7986185;0.013867582;0.10071937;-0.09860309;8.332579e-05;4.837566e-07;3.330526e-06;-0.5279283;0.013289165;0.12109585;0.45526677;-0.9058213;0.0083620045;0.847193;0.00033543658;-7.762108e-06;0.0051792245;-0.08036124;0.079637736;0.09114614;-0.86613834;-0.13062708;0.798255;-0.98654795;-0.18700059;0.26343188;0.46294686;0.3124913;-0.77945894;0.20461604;-0.27324468;0.024901608;-0.59396815;-0.24743968;-0.20773911;0.15600526;-0.6810197;-0.20211625;-0.26755854;-0.1514368;-0.7279043;-0.5222542;-0.37113905;-0.9836367;-0.7063189;0.40632242;0.6312866;-0.31617025;0.0922793;0.03006465;0.12201381;-0.7092556;0.68232;-0.80515605;-0.075172774;-0.6682352;-0.4168301;-0.80469555;-0.20467871;-0.747862;0.41820005;-0.66663265;-0.10736969
-0.03708267;0.007937932;-0.019910637;0.00015115482;8.535222e-06;-0.0019028928;-9.490253e-05;-8.943539e-08;-8.854055e-06;-0.2912193;0.04733331;0.0288256;-0.301231;0.029974656;0.10215092;-0.000204735;0.0003626527;-1.9246654e-06;5.624377e-06;-0.034893;5.1578827e-06;0.49988467;0.08901285;-0.050237276;0.81084496;-0.0509328;-0.022203041;-0.07740884;4.3112086e-06;0.56921095;0.10690769;-0.12158324;0.77837557;0.03263997;0.0801961;-0.10205112;8.797268e-05;3.8830694e-06;-5.6534336e-06;-0.49252436;0.011243766;0.089084886;0.45559844;-0.90899265;-0.011915538;0.8491079;0.0003485153;-1.8579885e-05;0.08378106;-0.08225471;0.091211356;0.052450188;-0.86874837;-0.106941424;0.78838086;-0.9844502;-0.12745152;0.26643258;0.44464988;0.3411071;-0.79321647;0.20715725;-0.26071587;0.10148604;-0.600043;-0.16168742;-0.15452571;0.2649572;-0.6266872;-0.08296872;-0.22671199;-0.07061847;-0.6866282;-0.4351541;-0.32973704;-0.98098356;-0.6579035;0.37714568;0.6144333;-0.29448435;0.07318115;0.1472404;0.24841315;-0.68311954;0.7160278;-0.7796478;-0.09231;-0.65149105;-0.5374869;-0.78566796;-0.18618385;-0.7129274;0.3757916;-0.63364303;-0.11241085
-0.035240307;0.00878458;-0.0195666;0.00018638175;2.185235e-05;-0.0012206824;7.276604e-05;-2.3108635e-07;-1.3617253e-05;-0.3017723;0.06732302;0.06481461;-0.31122664;0.04533183;0.14442776;-0.00026929207;0.00040332382;-1.5699683e-05;1.4893492e-05;-0.031577863;-7.9030724e-07;0.48484293;0.09064257;-0.051721804;0.80557156;-0.074058406;-0.018599017;-0.075410984;1.37644965e-05;0.5635105;0.1088974;-0.12097208;0.75737166;0.060763124;0.058524396;-0.105230086;8.9661764e-05;7.5524877e-06;-1.5001264e-05;-0.44410667;0.0090754405;0.057425704;0.44159925;-0.91122806;-0.03172245;0.8487778;0.0003583878;-2.9850708e-05;0.17138194;-0.09516058;0.10819653;0.026266577;-0.86877084;-0.07732666;0.78671324;-0.9837736;-0.09652779;0.27735776;0.41576666;0.3510177;-0.80525696;0.1848181;-0.26017785;0.14538811;-0.59296554;-0.11560766;-0.16085541;0.33113012;-0.59272265;0.00068699924;-0.22757573;-0.046506763;-0.66573125;-0.37675044;-0.3112114;-0.980707;-0.63199663;0.342031;0.59089804;-0.27358988;0.032459546;0.2680235;0.36274353;-0.6778346;0.7417828;-0.77955455;-0.15764607;-0.6683971;-0.60633117;-0.7896507;-0.19911265;-0.70582676;0.35510695;-0.62363523;-0.14269842
-0.032910936;0.009385034;-0.019609092;0.00022242905;3.5219593e-05;-0.00043241328;0.00024564302;-4.499244e-07;-1.7995757e-05;-0.30696833;0.09812791;0.09161293;-0.31495196;0.07264792;0.17437029;-0.00034165647;0.0004566147;-3.0181895e-05;2.5601767e-05;-0.023967165;-8.076378e-06;0.4684976;0.09307474;-0.053275846;0.8022836;-0.096263394;-0.008723423;-0.072437584;2.3647066e-05;0.5576226;0.10946649;-0.118335836;0.7346818;0.08960315;0.03638279;-0.10766508;9.132343e-05;1.1384836e-05;-2.4261273e-05;-0.38005975;0.009571158;0.026332218;0.40722585;-0.91111887;-0.043704778;0.8461058;0.00037592728;-4.1349092e-05;0.26138994;-0.11860668;0.13579717;0.019994706;-0.8638593;-0.055671453;0.78749496;-0.9845367;-0.075177826;0.29253253;0.37807626;0.33835492;-0.81327724;0.12922308;-0.28638598;0.15471461;-0.5677587;-0.13095696;-0.22818916;0.35350594;-0.5970898;0.028040856;-0.2674024;-0.07966995;-0.6754449;-0.3642063;-0.30996597;-0.9816623;-0.6196837;0.29608655;0.56097937;-0.244377;-0.019449476;0.3929858;0.4735324;-0.6952444;0.77502376;-0.799736;-0.24451658;-0.71374494;-0.6605589;-0.8066054;-0.21974935;-0.72505206;0.33564648;-0.6216556;-0.17732573
-0.030306768;0.010067277;-0.01988075;0.00025648437;4.6958667e-05;0.00021148653;0.00037982938;-6.9935646e-07;-2.1700085e-05;-0.30719694;0.13124685;0.1071266;-0.31303853;0.103678375;0.18965298;-0.00040280772;0.0005065408;-4.3766166e-05;3.5278445e-05;-0.015128767;-1.4127952e-05;0.4529038;0.096364625;-0.054965355;0.7973594;-0.11600758;0.007836548;-0.068127014;3.2800235e-05;0.552897;0.10986711;-0.11452924;0.70706344;0.106274545;0.015950924;-0.10834653;9.286732e-05;1.4994897e-05;-3.2317854e-05;-0.30932295;0.012059658;-0.0037293192;0.3516786;-0.9067801;-0.04589978;0.8414502;0.00039391892;-5.20139e-05;0.34225622;-0.14625056;0.16835044;0.036690086;-0.8503306;-0.046176903;0.7817224;-0.9856027;-0.035880268;0.3099058;0.34189725;0.3094867;-0.8152862;0.05265807;-0.32471365;0.14860806;-0.5234782;-0.19178517;-0.31094784;0.35067084;-0.6416994;0.011274332;-0.31082997;-0.13781857;-0.7092244;-0.38212994;-0.30647352;-0.98214775;-0.59109586;0.2420179;0.53159356;-0.20645054;-0.063228935;0.5091888;0.5702434;-0.7241201;0.8115888;-0.81953007;-0.3163663;-0.7616021;-0.71393096;-0.8197347;-0.2322673;-0.74931717;0.3045733;-0.6082594;-0.19014223
-0.027604861;0.011024474;-0.02033516;0.000282938;5.4830656e-05;0.0005874112;0.00050535693;-9.353272e-07;-2.4239547e-05;-0.30572632;0.15646887;0.1104749;-0.30926445;0.12846956;0.19101621;-0.0004320438;0.00051448273;-5.3744763e-05;4.1627412e-05;-0.0079035675;-1.74952e-05;0.44114184;0.09728679;-0.05547326;0.7895254;-0.13500962;0.030189164;-0.05927129;3.9539256e-05;0.54984194;0.11078551;-0.11138236;0.66739964;0.10786023;0.00055914914;-0.10724432;8.831755e-05;1.78404e-05;-3.7656602e-05;-0.2487194;0.009825855;-0.03842302;0.2941013;-0.89954376;-0.04524165;0.83718604;0.00038228458;-6.0235732e-05;0.40980524;-0.16920944;0.19522002;0.06742562;-0.82816553;-0.04664479;0.76413316;-0.98611295;0.032402705;0.33092514;0.31695563;0.27961716;-0.8107526;-0.022485854;-0.35146582;0.1557973;-0.4560633;-0.25770742;-0.36232504;0.34911317;-0.7149874;-0.019272482;-0.3268269;-0.18652922;-0.7540954;-0.4102184;-0.29019305;-0.98190516;-0.51253355;0.18039055;0.50757664;-0.16746348;-0.09145978;0.594244;0.6280876;-0.7473307;0.8377326;-0.8246737;-0.3583695;-0.79100657;-0.75490737;-0.8203877;-0.24001524;-0.7591374;0.27352193;-0.58171934;-0.17109321
-0.025169387;0.012050162;-0.020928135;0.0002973145;5.786578e-05;0.00068005366;0.0006341713;-1.1124744e-06;-2.520463e-05;-0.30388466;0.16948664;0.10245974;-0.3054314;0.14212912;0.1830294;-0.00042306673;0.00046995532;-5.8337144e-05;4.316079e-05;-0.0019277979;-1.8470506e-05;0.43518326;0.09420161;-0.0541678;0.78062564;-0.15447776;0.051990584;-0.047836777;4.287652e-05;0.550844;0.11173264;-0.11038791;0.62339103;0.10924344;-0.010646825;-0.10643933;7.582071e-05;1.9477986e-05;-3.9647828e-05;-0.20849596;0.0022775973;-0.08391647;0.25829515;-0.8922546;-0.04399402;0.834428;0.00033257442;-6.501781e-05;0.45531926;-0.18093704;0.20956881;0.10769577;-0.79890907;-0.052354775;0.7314893;-0.9860845;0.11693298;0.35536173;0.30839938;0.26100224;-0.80222136;-0.08541005;-0.35860956;0.18518162;-0.35840833;-0.30618292;-0.36261746;0.3561863;-0.7916645;-0.03834204;-0.3034599;-0.20861219;-0.79537237;-0.43479913;-0.26463118;-0.98110706;-0.35024115;0.11651742;0.49308625;-0.11591523;-0.104071274;0.64541334;0.6441702;-0.7487558;0.84787154;-0.8087806;-0.35876402;-0.7929184;-0.7817569;-0.8013365;-0.23464675;-0.74524003;0.23522043;-0.5432374;-0.11740257
-0.023833275;0.012882165;-0.021277586;0.0003023037;5.7416706e-05;0.0006015545;0.00071187963;-1.1974591e-06;-2.481512e-05;-0.29655376;0.17330898;0.09321216;-0.29640934;0.1464321;0.17740664;-0.000385643;0.00039863508;-5.8748526e-05;3.9198214e-05;0.0041885725;-1.7946884e-05;0.4349178;0.08885124;-0.05221109;0.77398163;-0.16717903;0.06722086;-0.038717467;4.3613865e-05;0.5560995;0.1122554;-0.11140512;0.5958135;0.12191696;-0.020739367;-0.10805372;5.998196e-05;1.9977808e-05;-3.9264647e-05;-0.18869041;-0.0037486635;-0.12908976;0.24749611;-0.883778;-0.035875414;0.82755524;0.00026704487;-6.699264e-05;0.4667012;-0.17806308;0.2115237;0.15681796;-0.7664625;-0.056615938;0.6794871;-0.9858647;0.18727647;0.38093498;0.31980485;0.25159848;-0.7941468;-0.14171968;-0.35687882;0.21586742;-0.237711;-0.34758627;-0.31518123;0.35320914;-0.8492656;-0.050930537;-0.24836415;-0.21022402;-0.82342327;-0.45378602;-0.231783;-0.9800836;-0.11487085;0.0723606;0.489886;-0.037871804;-0.07931576;0.6690256;0.6303686;-0.7270898;0.84616333;-0.7741393;-0.31448653;-0.7666136;-0.8043965;-0.758092;-0.20994976;-0.7059018;0.1610932;-0.48870072;-0.039320935
-0.024156367;0.013170557;-0.021158954;0.00029771775;5.441603e-05;0.00037533446;0.0006522372;-1.1844463e-06;-2.3105138e-05;-0.28413424;0.17348003;0.09026881;-0.28301033;0.14676756;0.18145859;-0.0003327974;0.00033535316;-5.6046818e-05;2.8791095e-05;0.010365814;-1.5800288e-05;0.4388051;0.084250644;-0.05072599;0.7743324;-0.16308837;0.071919024;-0.033043806;4.233785e-05;0.56268495;0.1117377;-0.11301428;0.6012816;0.1406865;-0.030229202;-0.11189672;4.8571634e-05;1.9393541e-05;-3.716242e-05;-0.18363099;-0.003535684;-0.15798098;0.24305476;-0.87343657;-0.01666928;0.8140927;0.00021689432;-6.635566e-05;0.44467843;-0.15804853;0.21074176;0.20509763;-0.7367668;-0.052902937;0.61286396;-0.9866756;0.23326601;0.40399173;0.34597868;0.24932586;-0.7927821;-0.20769453;-0.3721541;0.21710756;-0.10525454;-0.41360044;-0.25644082;0.32070968;-0.8929835;-0.09241845;-0.20032167;-0.21741758;-0.84674877;-0.49001732;-0.20902222;-0.9801242;0.12129953;0.05461608;0.4925976;0.05581243;-0.012142463;0.66963935;0.59033936;-0.69587374;0.8453915;-0.73773736;-0.24139869;-0.7195171;-0.829691;-0.7018846;-0.179849;-0.6547605;0.044871826;-0.43298373;0.04220099
-0.02619301;0.012753758;-0.020372417;0.00028651976;5.048458e-05;-4.4007502e-05;0.00038421864;-1.1058307e-06;-2.0671083e-05;-0.27120662;0.16907439;0.08509008;-0.26994872;0.14347017;0.18323328;-0.00027100087;0.0003065764;-5.2530086e-05;1.1840304e-05;0.016207645;-1.1528289e-05;0.44313058;0.082473874;-0.04999829;0.7738651;-0.13942061;0.064309314;-0.027821999;4.0464467e-05;0.56577796;0.110666096;-0.113316745;0.6321919;0.1493039;-0.033461258;-0.11605709;4.8154405e-05;1.822586e-05;-3.4470926e-05;-0.18114291;-0.001524801;-0.15744765;0.22854377;-0.8570854;0.005883025;0.79536283;0.0002061009;-6.440721e-05;0.3982486;-0.12196128;0.21013227;0.249786;-0.70355535;-0.048185002;0.5326929;-0.9886501;0.24093442;0.41184157;0.36845243;0.25097615;-0.80496264;-0.2822567;-0.39737317;0.18326439;0.0107902875;-0.49655783;-0.20732334;0.25353447;-0.92474246;-0.17374328;-0.18553191;-0.238935;-0.86657435;-0.5441243;-0.21109477;-0.98070043;0.2876924;0.06104596;0.4978776;0.1426888;0.06579953;0.64593303;0.52219844;-0.66337293;0.8491425;-0.7099274;-0.15371467;-0.6560138;-0.85317236;-0.6393216;-0.1501798;-0.6062372;-0.08249341;-0.3924366;0.11518337
-0.0293685;0.011969405;-0.018851655;0.00026310328;4.3945212e-05;-0.0005929065;-8.07512e-05;-1.0092817e-06;-1.704754e-05;-0.2688069;0.15494351;0.072990015;-0.2671769;0.1316896;0.17325664;-0.00020937406;0.00032490882;-4.6519446e-05;-9.494357e-06;0.021533152;-7.2974362e-06;0.44988918;0.08335986;-0.0503584;0.7667924;-0.09985965;0.045847494;-0.020292656;3.688775e-05;0.5663597;0.11070658;-0.11228801;0.67756075;0.13589358;-0.023775876;-0.120306686;6.023683e-05;1.6151149e-05;-2.982837e-05;-0.17842506;-0.0046629976;-0.12383914;0.20665808;-0.833318;0.015536841;0.78058857;0.00024022622;-5.957039e-05;0.33456102;-0.073183954;0.20281401;0.29714882;-0.6646733;-0.043180972;0.43498915;-0.9914158;0.1828021;0.39010298;0.37307933;0.24983016;-0.8296195;-0.3635838;-0.4054007;0.12731719;0.08489379;-0.5631788;-0.15463895;0.14980446;-0.9465207;-0.27458504;-0.19215383;-0.2787239;-0.8819316;-0.60160345;-0.23099846;-0.9812501;0.3791047;0.08085555;0.5063404;0.22013678;0.12015166;0.6009988;0.4380534;-0.62754256;0.8545387;-0.6832318;-0.04432419;-0.57341677;-0.8704193;-0.56078583;-0.10309178;-0.5595984;-0.18751967;-0.3663422;0.18891403
-0.03299298;0.011435164;-0.01657543;0.0002176342;3.150123e-05;-0.0012183024;-0.00061940186;-8.768819e-07;-1.13823335e-05;-0.28281745;0.132621;0.060718667;-0.28069246;0.112103395;0.15888177;-0.0001444238;0.00036240745;-3.3492397e-05;-3.1002353e-05;0.026754497;-5.2408795e-06;0.45967197;0.08349295;-0.051881034;0.7652332;-0.04551294;0.022660637;-0.009291845;2.8594077e-05;0.56844956;0.11288323;-0.111053646;0.73393327;0.10161447;-0.004720788;-0.1256516;7.701245e-05;1.221813e-05;-2.0794585e-05;-0.1872618;-0.016280802;-0.07273089;0.18693627;-0.80335903;-8.300319e-05;0.77593714;0.0002917743;-4.8539456e-05;0.25156978;-0.019284356;0.1873389;0.34690264;-0.62415206;-0.031942546;0.33044216;-0.9942616;0.06652837;0.34078646;0.3623852;0.245344;-0.8537595;-0.44797638;-0.39458957;0.064649984;0.1385755;-0.59829736;-0.08485654;0.015801841;-0.9627298;-0.36534816;-0.19022839;-0.34062332;-0.89829385;-0.65052974;-0.25795874;-0.9819756;0.3975056;0.10201353;0.5191461;0.28644234;0.1412393;0.54744965;0.36392814;-0.589591;0.8536208;-0.654041;0.09144564;-0.48392525;-0.8788803;-0.47741452;-0.030097488;-0.52076495;-0.24838307;-0.35414907;0.27270383
-0.036831986;0.011414859;-0.014261659;0.00015800516;1.5191734e-05;-0.0018417102;-0.0010570049;-6.7865886e-07;-4.6383357e-06;-0.29100913;0.113802515;0.05251589;-0.28978592;0.095793426;0.14799938;-7.622522e-05;0.00038695615;-1.49533735e-05;-4.8318725e-05;0.030836433;-4.8047877e-06;0.4660942;0.080546826;-0.05305441;0.7795583;0.01048068;0.008778869;0.002622274;1.652936e-05;0.5723296;0.11714942;-0.11138611;0.79481363;0.062243912;0.011343943;-0.13183357;8.9850124e-05;7.014365e-06;-8.961695e-06;-0.23004775;-0.031978495;-0.037349496;0.18949898;-0.7724341;-0.03357065;0.7824866;0.00033067554;-3.31467e-05;0.15514408;0.021785365;0.18084352;0.38135907;-0.5822995;-0.004936129;0.2541659;-0.9963129;-0.03966873;0.2812526;0.3456114;0.24922067;-0.86694485;-0.5001815;-0.36033347;0.011248475;0.16360159;-0.6043723;-0.013057157;-0.10686395;-0.9721779;-0.41973785;-0.16290008;-0.40263897;-0.9147587;-0.680608;-0.28679705;-0.9829816;0.34323105;0.118419565;0.54039073;0.33244848;0.11009425;0.5016631;0.32339936;-0.5583263;0.8342716;-0.63494843;0.21038406;-0.42548826;-0.87226015;-0.4396388;0.035859175;-0.50459707;-0.25057212;-0.36611813;0.33986247
-0.040777754;0.011760805;-0.012634873;0.00010493054;1.2777455e-06;-0.0022313327;-0.0012808875;-4.4931414e-07;1.3054669e-06;-0.28026646;0.10706254;0.048651595;-0.28158543;0.0912978;0.14197238;-3.410247e-05;0.00040019947;1.8405262e-06;-5.7074263e-05;0.031252217;-5.045389e-06;0.46761587;0.075949416;-0.052531295;0.7999692;0.05302762;0.009400695;0.009463381;5.415597e-06;0.5747079;0.12305818;-0.11342114;0.8450108;0.028164519;0.018402722;-0.13906442;9.67969e-05;2.3770262e-06;1.0796502e-06;-0.3035603;-0.04617288;-0.027687268;0.21666873;-0.7412961;-0.073318;0.79253995;0.00035242;-1.918705e-05;0.06548941;0.043709077;0.19265038;0.38341752;-0.54038256;0.035497554;0.21822396;-0.99741954;-0.1102878;0.23177436;0.32561103;0.26308677;-0.86876076;-0.4974989;-0.30226257;-0.021065228;0.14747968;-0.5868796;0.03181955;-0.18039507;-0.9751839;-0.43298924;-0.12753454;-0.44087785;-0.92395425;-0.6868313;-0.31517255;-0.98424584;0.24285334;0.12604629;0.5623081;0.3558671;0.036388963;0.45669112;0.3037185;-0.53408337;0.79756707;-0.63221055;0.28818348;-0.40425664;-0.84839344;-0.4534092;0.07785315;-0.4972393;-0.20969276;-0.3906298;0.37965545
-0.044508904;0.012153961;-0.011751568;6.626535e-05;-7.688883e-06;-0.0022496628;-0.0012791144;-2.3046107e-07;5.6758e-06;-0.26224348;0.110530026;0.04809965;-0.2669478;0.09671386;0.14005268;-3.8202932e-05;0.00040648895;1.3569195e-05;-5.4521413e-05;0.027208667;-6.1986284e-06;0.46878514;0.071934514;-0.050528906;0.81691176;0.07750362;0.01835369;0.012054473;-2.5530608e-06;0.57431614;0.12892196;-0.1156382;0.8779085;-0.0014712798;0.021124132;-0.14622521;9.7594486e-05;-9.501746e-07;7.5612043e-06;-0.38101658;-0.057009317;-0.03239;0.2528063;-0.7105077;-0.11388389;0.7982902;0.00035729192;-9.017298e-06;-0.0040014465;0.053638376;0.21479419;0.35301733;-0.49716932;0.07522909;0.19730413;-0.99792427;-0.16526526;0.20167236;0.29883745;0.2813169;-0.8635592;-0.4523136;-0.23923075;-0.02959668;0.111072466;-0.55529356;0.035269015;-0.20605311;-0.97417283;-0.4198765;-0.10748188;-0.45354334;-0.9236278;-0.6730598;-0.3508764;-0.985589;0.12949552;0.12462548;0.5743977;0.36507285;-0.044079818;0.39752698;0.2783382;-0.5105342;0.7550064;-0.63663715;0.34114426;-0.39557707;-0.8110739;-0.47713384;0.112985134;-0.47568366;-0.1519486;-0.40571576;0.40947318
-0.04766678;0.0124123525;-0.011643283;3.7673046e-05;-1.2839591e-05;-0.001988192;-0.0011145871;-4.5153e-08;8.648887e-06;-0.2444706;0.11666266;0.042421084;-0.2528049;0.1050658;0.13406084;-7.8182115e-05;0.0004024614;2.1171058e-05;-4.2785457e-05;0.018630873;-8.309777e-06;0.47217834;0.06982827;-0.047689494;0.8284182;0.083678775;0.032529786;0.013493437;-7.873576e-06;0.57272416;0.1330614;-0.11756576;0.8975782;-0.028280493;0.024151733;-0.15165915;9.2521754e-05;-3.2071912e-06;1.1378972e-05;-0.44288787;-0.06596198;-0.041358374;0.2887006;-0.6902349;-0.14713028;0.79870576;0.00034497946;-1.862616e-06;-0.04836646;0.055373732;0.24153857;0.30166155;-0.447939;0.10279892;0.16693267;-0.9981396;-0.22148009;0.18909104;0.26575693;0.3025321;-0.8588232;-0.3854363;-0.19096807;-0.02395682;0.064535975;-0.5293341;-0.0037741435;-0.20105822;-0.97081506;-0.4035956;-0.112496324;-0.44808465;-0.91501325;-0.647724;-0.404648;-0.9865558;0.027488546;0.115329005;0.5766303;0.3669908;-0.11290273;0.3311939;0.24993084;-0.48442543;0.71279335;-0.634022;0.3892437;-0.3811665;-0.76752764;-0.48181275;0.15532917;-0.42678046;-0.09472499;-0.39874527;0.44175288
-0.049927257;0.012584772;-0.012184754;1.6906764e-05;-1.5539583e-05;-0.0016201554;-0.0008802225;8.65233e-08;1.0314965e-05;-0.22827345;0.12025949;0.027849656;-0.24009052;0.11134897;0.119709894;-0.0001304194;0.00038470933;2.5599438e-05;-2.6834203e-05;0.006395133;-1.0828699e-05;0.47830287;0.0693872;-0.044846937;0.83658296;0.07468281;0.05093666;0.014445814;-1.103188e-05;0.57128525;0.13461089;-0.119278006;0.90923893;-0.05282399;0.028090658;-0.15498182;8.3205785e-05;-4.5749766e-06;1.3538782e-05;-0.48224032;-0.07416194;-0.048986543;0.31954217;-0.6886347;-0.1671304;0.79605424;0.000317571;2.8079376e-06;-0.070194446;0.050939713;0.26853597;0.24325651;-0.38852248;0.11721045;0.12230499;-0.9982468;-0.27903956;0.18530357;0.23341729;0.32586703;-0.86057234;-0.3144209;-0.164725;-0.0140786115;0.011216558;-0.51883507;-0.067766495;-0.18540393;-0.96676254;-0.3992434;-0.13436873;-0.43427232;-0.9008651;-0.6222426;-0.4722836;-0.98673207;-0.031932242;0.10486605;0.5745965;0.37093255;-0.16380534;0.27512535;0.23328628;-0.45310873;0.67169505;-0.61503273;0.43741068;-0.35698172;-0.727306;-0.45871016;0.21025558;-0.35132027;-0.05401042;-0.36808768;0.47898608
-0.051098313;0.012802129;-0.012716883;3.905967e-06;-1.685627e-05;-0.0012827546;-0.00065006234;1.6463753e-07;1.0666889e-05;-0.21446666;0.121953696;0.015043942;-0.2292669;0.11524088;0.10660917;-0.00017729637;0.00035253653;2.76941e-05;-1.106768e-05;-0.007820461;-1.319791e-05;0.48741683;0.06988367;-0.04348783;0.8446581;0.05757957;0.07056476;0.013267628;-1.2511227e-05;0.57079875;0.13364995;-0.12067707;0.9172057;-0.07426006;0.030610764;-0.1565332;7.1170325e-05;-5.1947427e-06;1.4786696e-05;-0.5006112;-0.08174739;-0.05312077;0.34481356;-0.7021653;-0.17628151;0.7938082;0.00027795942;5.3493422e-06;-0.08009527;0.04412817;0.29098207;0.19194296;-0.32210875;0.12167046;0.07515391;-0.9983493;-0.32687628;0.18367061;0.21472964;0.35270867;-0.8693222;-0.25058302;-0.15792848;-0.0047306437;-0.037550334;-0.51545125;-0.12714985;-0.17590664;-0.9640144;-0.40612662;-0.15402865;-0.42140543;-0.8862434;-0.605246;-0.5370063;-0.9861901;-0.035674796;0.10340019;0.5713686;0.3870912;-0.19135685;0.2378016;0.22869352;-0.4137358;0.6286751;-0.5793798;0.4804846;-0.3288091;-0.69760597;-0.41257203;0.27463093;-0.26901594;-0.03910303;-0.32061654;0.5167003
-0.05123835;0.013098124;-0.0127613405;-4.998292e-06;-1.8003571e-05;-0.0010458311;-0.0004525752;2.0804384e-07;1.0208329e-05;-0.20318401;0.12211806;0.009779616;-0.22036393;0.11666615;0.09989125;-0.00021078164;0.0003067693;2.8836861e-05;1.6474005e-06;-0.02295501;-1.4674857e-05;0.49846748;0.07136055;-0.04441508;0.85341114;0.039682448;0.08883186;0.008803307;-1.3259778e-05;0.57217443;0.13155633;-0.121806115;0.923628;-0.09349908;0.030304998;-0.15655488;5.7070916e-05;-5.4168268e-06;1.5940823e-05;-0.5047969;-0.08959774;-0.054336425;0.36809173;-0.72280705;-0.18364331;0.79540694;0.00022871284;6.8069203e-06;-0.08962643;0.038290292;0.30778372;0.15918593;-0.25907925;0.117752604;0.03425828;-0.99848497;-0.36584452;0.1854234;0.21725924;0.38248447;-0.88288873;-0.19365804;-0.16577424;-0.0027783364;-0.077930674;-0.51363915;-0.17058253;-0.17782862;-0.9634196;-0.420484;-0.16527396;-0.41415274;-0.87569165;-0.59723806;-0.5898568;-0.9851716;-0.009352909;0.11584573;0.56827825;0.41436034;-0.19123103;0.22070403;0.23398603;-0.36490056;0.5800019;-0.52858746;0.51742476;-0.2996743;-0.6810944;-0.35121185;0.33857933;-0.19558674;-0.0457909;-0.26223138;0.5495111
-0.05069429;0.013257288;-0.012311498;-1.2050848e-05;-1.9099098e-05;-0.0009438455;-0.00030102918;2.3899509e-07;9.47449e-06;-0.19546118;0.120226994;0.008046817;-0.21443024;0.11545812;0.095603995;-0.00022990382;0.0002555546;2.9329414e-05;1.0549145e-05;-0.036593173;-1.44084115e-05;0.50935566;0.07385233;-0.047030646;0.8620709;0.024208482;0.10291428;0.002350218;-1.3546043e-05;0.57495546;0.12943575;-0.122697406;0.9294931;-0.11015456;0.027594652;-0.1558051;4.327469e-05;-5.4446937e-06;1.703274e-05;-0.50378734;-0.095838286;-0.05227704;0.39122483;-0.7446567;-0.19697016;0.80077785;0.0001785893;7.636234e-06;-0.10906286;0.03622187;0.31602502;0.14868556;-0.20669176;0.11154445;0.0020800536;-0.99865246;-0.40198532;0.18861794;0.23344606;0.4098235;-0.8964428;-0.13896614;-0.17884383;-0.010359534;-0.10804562;-0.51177776;-0.20333242;-0.1853301;-0.96507627;-0.43814912;-0.17192322;-0.41388497;-0.87268573;-0.5944196;-0.6288878;-0.9840112;0.011563299;0.13911733;0.56429857;0.44280347;-0.16690406;0.22006972;0.24993882;-0.30868554;0.5274975;-0.4684723;0.5488103;-0.26808357;-0.6717194;-0.2816857;0.39473626;-0.13387425;-0.057082154;-0.199399;0.5748307
-0.04988435;0.013108998;-0.01160266;-1.5930273e-05;-1.9287952e-05;-0.0009811636;-0.00019828381;2.7062777e-07;8.66699e-06;-0.19241486;0.11572607;0.0013859877;-0.21253449;0.11183305;0.08538323;-0.0002354692;0.00020788948;2.8474897e-05;1.575743e-05;-0.04608147;-1.1956807e-05;0.51851654;0.07639063;-0.050165847;0.8707158;0.010787282;0.11073764;-0.0042504;-1.2970544e-05;0.5777086;0.1274045;-0.12342805;0.9348426;-0.12146835;0.023229545;-0.15517518;3.2309155e-05;-5.2280448e-06;1.7410726e-05;-0.5042245;-0.09819506;-0.047072142;0.4134254;-0.7650553;-0.21525303;0.8064138;0.00013652173;7.4782292e-06;-0.14151226;0.03761452;0.31041783;0.15562037;-0.16691804;0.111405335;-0.02361735;-0.99881375;-0.4369918;0.18782932;0.25048697;0.4278958;-0.9054448;-0.08570739;-0.18933646;-0.02474808;-0.12169457;-0.5085232;-0.23153363;-0.19051394;-0.9682075;-0.45490274;-0.1780787;-0.41960308;-0.8774713;-0.5923588;-0.65543103;-0.98302376;0.004263919;0.1631175;0.555754;0.4609467;-0.12749659;0.22732931;0.2744938;-0.248561;0.47306553;-0.40547368;0.5741264;-0.23326083;-0.6570192;-0.21197183;0.44067618;-0.0813575;-0.05461289;-0.13877946;0.5921316
-0.04907726;0.012878645;-0.0108995605;-1.4579156e-05;-1.7792307e-05;-0.0011065862;-0.00013134413;2.9691125e-07;7.610841e-06;-0.19288012;0.10854114;-0.014797145;-0.21351591;0.10631931;0.06396555;-0.00023162743;0.00016890332;2.5617279e-05;1.7908755e-05;-0.050913066;-7.9838865e-06;0.52529;0.077979036;-0.05292018;0.87880653;-0.0025226064;0.11221996;-0.010468073;-1.1109587e-05;0.57991993;0.1256624;-0.124187164;0.93906474;-0.12719803;0.017802797;-0.15506078;2.4934303e-05;-4.621601e-06;1.6523016e-05;-0.50799453;-0.09647337;-0.04023857;0.4329359;-0.78222895;-0.23260258;0.81126887;0.00010583128;5.880138e-06;-0.17874758;0.038553264;0.2874832;0.17354351;-0.13996477;0.12076799;-0.044815097;-0.9989193;-0.4707341;0.1833115;0.2637946;0.43484136;-0.9085457;-0.037109483;-0.19632335;-0.043594774;-0.11566248;-0.5050469;-0.25776702;-0.19342697;-0.97115177;-0.47053015;-0.18610188;-0.42970106;-0.8855563;-0.59125584;-0.67344147;-0.9821456;-0.0316974;0.17940493;0.54244983;0.46194655;-0.084615886;0.23617916;0.30159065;-0.18617468;0.41562182;-0.3378108;0.5929384;-0.19491924;-0.6295136;-0.14536914;0.47619662;-0.032849066;-0.03461735;-0.08177556;0.60114276
-0.04854717;0.012795162;-0.010385067;-7.428811e-06;-1.4415418e-05;-0.0012618223;-8.175045e-05;3.1527918e-07;6.0735183e-06;-0.19306262;0.09883849;-0.041194793;-0.21370655;0.09935676;0.02989538;-0.00022572771;0.00014142742;2.0594744e-05;1.8327792e-05;-0.051873982;-3.5387711e-06;0.53003675;0.07882783;-0.05505612;0.8848914;-0.016878918;0.10902113;-0.01703996;-7.802519e-06;0.5819288;0.124406286;-0.12508878;0.9416662;-0.12893261;0.011824067;-0.15549071;2.0916013e-05;-3.5336052e-06;1.425574e-05;-0.5146984;-0.09115864;-0.033106197;0.44985244;-0.793325;-0.24471417;0.8147725;8.650651e-05;2.7233618e-06;-0.21358575;0.036144085;0.24818218;0.19764745;-0.12489492;0.13828547;-0.061886717;-0.9989432;-0.502875;0.17926262;0.2749164;0.43368512;-0.9064723;0.006281833;-0.19829765;-0.06370905;-0.093708664;-0.50193864;-0.2825012;-0.19611605;-0.97261864;-0.48322764;-0.19492179;-0.44078633;-0.8918376;-0.59119254;-0.6848169;-0.981004;-0.086219124;0.18852249;0.52969676;0.44495347;-0.04884116;0.24015331;0.3247637;-0.12311989;0.35129833;-0.26317844;0.60601056;-0.15043835;-0.5874809;-0.08132052;0.50314236;0.018337762;-0.0051992657;-0.027011197;0.60314614
-0.048681997;0.012797384;-0.009998818;6.2817708e-06;-8.973293e-06;-0.001453528;-3.6832003e-05;3.4152674e-07;3.8107682e-06;-0.18723568;0.08618442;-0.07873661;-0.20768522;0.09068294;-0.018271515;-0.00022217311;0.00012392853;1.3030309e-05;1.8537274e-05;-0.050564546;1.3037352e-06;0.53279036;0.07978394;-0.05672708;0.8867911;-0.03155274;0.104158804;-0.025181828;-2.756642e-06;0.5830557;0.123137265;-0.12582998;0.9422619;-0.12826681;0.0064523974;-0.15610781;1.9732288e-05;-1.8258434e-06;1.0453834e-05;-0.52428716;-0.08253099;-0.026673198;0.46778482;-0.7935686;-0.2524184;0.8121742;7.6555734e-05;-2.264307e-06;-0.25000465;0.031173423;0.1977916;0.21972542;-0.11851865;0.15935847;-0.07606369;-0.99885875;-0.5312247;0.17926383;0.2864769;0.4282015;-0.8987647;0.050573777;-0.18917604;-0.08205958;-0.061356764;-0.4965537;-0.30401444;-0.19681808;-0.9720832;-0.4860541;-0.1971294;-0.44645622;-0.89319134;-0.58598;-0.68719536;-0.97916347;-0.15359464;0.19857919;0.52443033;0.41356826;-0.025534695;0.23069246;0.33731106;-0.061598018;0.27308196;-0.18725331;0.61255556;-0.0971695;-0.52978885;-0.022191107;0.523697;0.07603947;0.02487601;0.0283467;0.5994974
-0.049688336;0.012893343;-0.00941769;2.5622663e-05;-1.9651488e-06;-0.001723379;5.989248e-06;3.9814756e-07;1.0047297e-06;-0.17316741;0.07155193;-0.1253242;-0.1937522;0.081164084;-0.078451484;-0.00022129077;0.00011166585;3.440975e-06;1.9391104e-05;-0.048742045;6.8892114e-06;0.53290015;0.08067124;-0.057991423;0.8832273;-0.04389728;0.10042168;-0.034258205;3.6651618e-06;0.5822821;0.1214317;-0.1259182;0.94055384;-0.127495;0.0038496882;-0.15614992;2.040925e-05;4.3240289e-07;5.3847907e-06;-0.5390841;-0.07157728;-0.025631428;0.4928159;-0.7809293;-0.25661394;0.7992087;7.298739e-05;-8.871168e-06;-0.29569;0.027251996;0.1438032;0.22601695;-0.11907441;0.17721425;-0.08724761;-0.9986359;-0.5500729;0.18490905;0.30030742;0.4237089;-0.88385296;0.10280453;-0.16430795;-0.09353154;-0.027225167;-0.48038793;-0.315252;-0.19051225;-0.9693981;-0.46567494;-0.1761683;-0.4412;-0.88852674;-0.5675123;-0.67181325;-0.9764642;-0.22849433;0.21722788;0.5294962;0.37336633;-0.013700654;0.2096505;0.33993316;-0.0071303677;0.17557949;-0.11749871;0.6133392;-0.038670514;-0.45283702;0.028486973;0.5372901;0.13626245;0.057389528;0.09256639;0.59007365
-0.051301777;0.013350603;-0.008584543;4.702923e-05;4.7553913e-06;-0.002048117;6.169363e-05;4.6872458e-07;-1.5116239e-06;-0.15427966;0.0581785;-0.17539655;-0.17565826;0.07355964;-0.14332338;-0.00021701481;9.2553906e-05;-6.0363964e-06;2.0583939e-05;-0.046728034;1.2885444e-05;0.53026986;0.07947156;-0.058576666;0.87656796;-0.04991163;0.09935976;-0.040240288;1.0015414e-05;0.580181;0.120038636;-0.12559657;0.9366696;-0.12689283;0.004724677;-0.15500763;1.9418147e-05;2.8144714e-06;3.0144292e-07;-0.56186724;-0.061363548;-0.038822588;0.52987516;-0.76393986;-0.25677186;0.77847874;6.5858156e-05;-1.5983183e-05;-0.34236357;0.024802484;0.09203241;0.20988092;-0.12844859;0.18725543;-0.09106762;-0.99829423;-0.5508329;0.1948585;0.3145947;0.42711288;-0.86425483;0.15955439;-0.13078739;-0.086264074;-0.004727982;-0.4381791;-0.3010855;-0.17198683;-0.96488273;-0.41210687;-0.117707;-0.42408767;-0.8787343;-0.53481036;-0.627777;-0.9739285;-0.2981237;0.24199271;0.53729284;0.3256881;-0.005414626;0.19142324;0.34218216;0.030276831;0.074008495;-0.059781473;0.6109324;0.013587595;-0.35448354;0.06966028;0.5351198;0.185212;0.11148479;0.16667554;0.5688153
-0.053176545;0.014188583;-0.008253677;6.870704e-05;1.060497e-05;-0.0022484884;0.00013421154;4.7441142e-07;-3.7448772e-06;-0.13037089;0.04532289;-0.23390113;-0.15254784;0.067379065;-0.21639006;-0.00020878902;6.131444e-05;-1.5039055e-05;2.2874352e-05;-0.044024985;1.8017025e-05;0.5260228;0.07604171;-0.058262363;0.87036693;-0.048297547;0.10041411;-0.042347603;1.601949e-05;0.57801884;0.119339325;-0.12565319;0.93143743;-0.12171575;0.007894482;-0.1532729;1.4825528e-05;5.1473835e-06;-4.307367e-06;-0.59206676;-0.051633026;-0.06681095;0.5759183;-0.7499725;-0.25496656;0.7523134;4.872831e-05;-2.309095e-05;-0.3760151;0.02006765;0.043575607;0.18699434;-0.14411132;0.18913804;-0.08410445;-0.99784356;-0.53324085;0.20356894;0.32395053;0.4394779;-0.842604;0.21130173;-0.096532926;-0.06047961;0.015382686;-0.37362403;-0.26212126;-0.14403471;-0.9594639;-0.3379512;-0.03554513;-0.39692187;-0.8666237;-0.49455813;-0.56065357;-0.97259694;-0.36056778;0.2636991;0.53930324;0.26648813;0.004295471;0.17870113;0.34301916;0.039860025;0.0055016535;-0.02300754;0.6021507;0.049092174;-0.2520777;0.09493171;0.5080139;0.209239;0.19647123;0.23249632;0.5267513
-0.05483036;0.015190761;-0.008931079;8.0175756e-05;1.3354234e-05;-0.0022285043;0.00020260594;4.0453608e-07;-5.250491e-06;-0.10510481;0.030758588;-0.2977191;-0.12778714;0.059898347;-0.29351526;-0.00019855966;2.0395186e-05;-2.068028e-05;2.5477508e-05;-0.041479893;2.0547486e-05;0.52369887;0.07146541;-0.05770742;0.8706678;-0.039701037;0.10258659;-0.04352661;1.9750107e-05;0.57813776;0.11916891;-0.1271935;0.9275666;-0.1124963;0.0131037105;-0.15188836;7.145649e-06;6.6011853e-06;-6.6461216e-06;-0.6262634;-0.040361084;-0.09761914;0.61937934;-0.74493724;-0.24686824;0.72668135;2.1020656e-05;-2.741984e-05;-0.39502734;0.010517232;-0.0018859967;0.17388086;-0.16389088;0.1880983;-0.069183044;-0.9973232;-0.502466;0.20462106;0.32545683;0.45601624;-0.81906027;0.24897498;-0.06278634;-0.025749566;0.046597295;-0.31007254;-0.21837096;-0.11461304;-0.9555488;-0.26953036;0.041529085;-0.36239576;-0.8578136;-0.45854688;-0.49317035;-0.9732259;-0.41013393;0.27512285;0.53755015;0.19967182;0.018800754;0.16214538;0.32849377;0.016890436;-0.011813417;-0.017596759;0.5850423;0.059204865;-0.17681758;0.09783295;0.46501225;0.20335943;0.286043;0.2735603;0.46933237
-0.056252383;0.01608178;-0.010060922;8.109596e-05;1.32096175e-05;-0.0020802957;0.0002453411;3.0459262e-07;-6.0049424e-06;-0.08070996;0.016208252;-0.3497503;-0.10337512;0.051212706;-0.3557498;-0.00018377804;-2.149801e-05;-2.2662221e-05;2.6965365e-05;-0.03903545;2.1028947e-05;0.52385926;0.06537922;-0.05685617;0.87784743;-0.030076457;0.10321935;-0.044292744;2.1026513e-05;0.579607;0.11836828;-0.12966602;0.9262707;-0.10408191;0.01918245;-0.14993241;-9.663381e-07;7.127521e-06;-6.8285735e-06;-0.65731263;-0.028821345;-0.11690881;0.6480321;-0.7438443;-0.22709236;0.7036295;-9.496071e-06;-2.8751761e-05;-0.40369228;-0.0023665735;-0.041914452;0.17182708;-0.17871688;0.18390954;-0.051047534;-0.99674034;-0.46926916;0.20009916;0.325221;0.47146115;-0.7935962;0.27403045;-0.024387512;0.009026413;0.08052335;-0.26218915;-0.18081187;-0.08886181;-0.95368105;-0.22174685;0.093175925;-0.32130104;-0.8520414;-0.42990068;-0.44003317;-0.9756624;-0.44501987;0.2696776;0.53382283;0.14092548;0.036013443;0.14726542;0.2975802;-0.015633224;0.0072698873;-0.0323487;0.5612241;0.05765692;-0.13406372;0.09073141;0.4210721;0.17811151;0.35269344;0.29053682;0.41078183
-0.057692032;0.016534623;-0.011220506;7.938931e-05;1.2026372e-05;-0.0019250404;0.00024195254;1.8807452e-07;-6.245813e-06;-0.063750066;0.005020121;-0.3837807;-0.08559693;0.04404812;-0.39496073;-0.00016088632;-5.1056253e-05;-2.3091328e-05;2.5681435e-05;-0.03609723;2.0506279e-05;0.52519655;0.05915258;-0.055494558;0.88662326;-0.02354023;0.09815059;-0.04510195;2.1320215e-05;0.57944757;0.11706261;-0.13222218;0.925386;-0.094604984;0.02243552;-0.1476234;-6.6584034e-06;7.305498e-06;-6.315284e-06;-0.6780664;-0.0206016;-0.12502185;0.6531181;-0.7338095;-0.20282046;0.68449485;-3.1380987e-05;-2.8914015e-05;-0.4089588;-0.010964443;-0.07202055;0.1761985;-0.18287194;0.16691472;-0.02655322;-0.99598104;-0.43986133;0.19331759;0.32409897;0.48174068;-0.7682985;0.2939551;0.024091927;0.04207222;0.09929875;-0.2193325;-0.14069408;-0.0635032;-0.9487742;-0.18657047;0.1262077;-0.2741187;-0.83771;-0.39811677;-0.38888484;-0.977158;-0.46007395;0.24608369;0.5247583;0.11029935;0.045032226;0.1505878;0.27034086;-0.02296877;0.014108636;-0.028695427;0.5402852;0.07607672;-0.10040166;0.10857376;0.39451793;0.15968812;0.39539582;0.29870752;0.37289053
-0.05910747;0.016614642;-0.012403398;7.297564e-05;9.185198e-06;-0.0018652669;0.00020498122;9.491657e-08;-5.460337e-06;-0.060259897;-0.0007704233;-0.40258813;-0.081038974;0.040534087;-0.4143801;-0.00012964185;-7.004615e-05;-2.133727e-05;2.1455671e-05;-0.03224161;1.9165134e-05;0.5284416;0.05470303;-0.054041054;0.89395064;-0.019479796;0.088593334;-0.04668691;2.0222564e-05;0.578848;0.116332404;-0.13495481;0.92383254;-0.0813821;0.02074559;-0.14627294;-1.0642467e-05;6.9573653e-06;-4.673071e-06;-0.6872846;-0.02002654;-0.13113359;0.6354353;-0.71295923;-0.18378049;0.6710124;-4.6711386e-05;-2.739091e-05;-0.4210289;-0.011602496;-0.09728374;0.18660241;-0.18674292;0.14257957;-0.0031153606;-0.9949839;-0.4080439;0.183104;0.32084313;0.49071765;-0.74787253;0.32054842;0.08745317;0.08718546;0.0867888;-0.15349296;-0.078583725;-0.023324504;-0.9356222;-0.13378567;0.16997166;-0.214587;-0.80575055;-0.34824023;-0.31586635;-0.9769554;-0.4459102;0.21359974;0.5118836;0.11371882;0.04684487;0.17541783;0.2556863;0.007929013;-0.020197079;0.014816977;0.5315122;0.12831251;-0.06510622;0.165055;0.39595655;0.16894636;0.42300844;0.31248155;0.36815694
-0.060238536;0.016606243;-0.013598745;5.9055048e-05;4.709349e-06;-0.0019231172;0.00016091701;7.718563e-08;-3.6867932e-06;-0.06604651;-0.0029227647;-0.41191;-0.08629686;0.03912381;-0.42223236;-0.00010210325;-8.362286e-05;-1.692155e-05;1.7007907e-05;-0.027334962;1.7096096e-05;0.53388906;0.05274695;-0.052909855;0.89995295;-0.0160758;0.080632724;-0.05084143;1.7303799e-05;0.5815995;0.11590583;-0.13789256;0.9230741;-0.065308444;0.015031987;-0.1457447;-1.41086675e-05;5.868329e-06;-1.8321298e-06;-0.6895143;-0.026150905;-0.13510543;0.60569614;-0.6899301;-0.17450647;0.65798384;-6.0119914e-05;-2.3710803e-05;-0.44474825;-0.005100077;-0.122487254;0.20284474;-0.20122978;0.12823837;0.016996264;-0.99382323;-0.3710506;0.17304099;0.3208665;0.50395685;-0.7348858;0.35983178;0.16314775;0.14544155;0.044250567;-0.06458039;0.0044506644;0.031007454;-0.91471285;-0.05450427;0.22928356;-0.14196563;-0.7598275;-0.28209177;-0.2269871;-0.97706103;-0.41280976;0.18994385;0.5056009;0.13644758;0.052209612;0.20471242;0.24019372;0.06415874;-0.07400383;0.07987543;0.5315611;0.19761233;-0.03214567;0.22941326;0.41004;0.1988209;0.44509447;0.3239651;0.38122505
-0.06110022;0.016574994;-0.014982118;4.348578e-05;3.1534e-07;-0.0020567034;0.00010032176;1.1307168e-07;-1.8028659e-06;-0.07883901;-0.0051926537;-0.4166124;-0.098973796;0.036634117;-0.42562994;-8.229188e-05;-9.382499e-05;-1.19009055e-05;1.3587152e-05;-0.022090549;1.5031732e-05;0.5386389;0.05282403;-0.051274195;0.90322757;-0.014100648;0.07597804;-0.058143485;1.3891913e-05;0.58542776;0.11512289;-0.14036824;0.92226195;-0.05079051;0.009179555;-0.14494707;-1.6427322e-05;4.5575653e-06;1.0248041e-06;-0.68763685;-0.033143423;-0.13121918;0.5647636;-0.67241806;-0.17128783;0.6457304;-7.10958e-05;-1.9390049e-05;-0.4716718;0.0057138195;-0.14597301;0.21554269;-0.22562414;0.12737398;0.038955756;-0.99234134;-0.32001314;0.16224243;0.3254546;0.5204706;-0.72496617;0.405296;0.24271907;0.20823926;-0.017882613;0.03886035;0.096675985;0.09237888;-0.8859494;0.0381052;0.28950006;-0.05965547;-0.7021098;-0.20897684;-0.1411579;-0.97782487;-0.37313363;0.17655636;0.50467795;0.16181582;0.061110396;0.22275028;0.21192957;0.12244016;-0.117578395;0.13614117;0.5259252;0.2609684;-0.003748537;0.27161354;0.4172545;0.22582206;0.46245065;0.3209214;0.39356413
-0.061825734;0.016506398;-0.016615253;2.6464462e-05;-3.9635343e-06;-0.0022208686;1.3378623e-05;1.8020694e-07;-3.8271537e-09;-0.09680042;-0.009169265;-0.41906083;-0.116935015;0.03187224;-0.42749912;-6.7609326e-05;-9.969616e-05;-6.49743e-06;1.1610529e-05;-0.017066594;1.3527057e-05;0.5416267;0.0539218;-0.048851192;0.9049693;-0.01586156;0.07427582;-0.06690582;1.0119111e-05;0.5898309;0.11344024;-0.14205699;0.9210155;-0.038537547;0.006245481;-0.14278957;-1.5999067e-05;3.1368181e-06;3.92372e-06;-0.683008;-0.037554186;-0.119848095;0.5099259;-0.6671636;-0.17087527;0.6375401;-7.5253236e-05;-1.4492456e-05;-0.4946618;0.015337196;-0.16676202;0.2231993;-0.2567259;0.1399207;0.06447899;-0.9906043;-0.25952464;0.14924768;0.3329707;0.5371383;-0.7124088;0.4518103;0.32051384;0.26453304;-0.085001424;0.1352626;0.17812356;0.149469;-0.8494446;0.124834515;0.33706823;0.016748399;-0.63954145;-0.1478481;-0.07960468;-0.9793534;-0.33307266;0.16941267;0.5071914;0.17599246;0.071275726;0.21582535;0.16573179;0.16112912;-0.121796;0.15574865;0.50498235;0.30244836;0.015132591;0.27003476;0.4026317;0.23644488;0.47650304;0.29435337;0.38986927
-0.062481817;0.016376596;-0.018304273;1.0780408e-05;-7.603143e-06;-0.0023349982;-9.077662e-05;2.5031943e-07;1.2986638e-06;-0.11408291;-0.016535405;-0.42186445;-0.13390271;0.023583682;-0.4309338;-5.2319723e-05;-0.00010421399;-1.4704128e-06;1.1049757e-05;-0.012889512;1.310026e-05;0.5417104;0.054291364;-0.045788556;0.90697515;-0.021795452;0.075461805;-0.07373768;6.453469e-06;0.595887;0.11116087;-0.14272851;0.9188663;-0.029008428;0.00834036;-0.13813151;-1.240219e-05;1.8686987e-06;6.532995e-06;-0.67563397;-0.04004416;-0.10537205;0.44052902;-0.6833598;-0.17225654;0.63775945;-7.1976945e-05;-9.613694e-06;-0.50488436;0.01634418;-0.18349676;0.23050882;-0.28987738;0.1658563;0.09522663;-0.98901373;-0.21489304;0.13654378;0.34338173;0.5485469;-0.693631;0.49087012;0.38554746;0.2922269;-0.1461838;0.18026571;0.21159299;0.17540555;-0.80477816;0.16862683;0.34569055;0.049152963;-0.59273016;-0.14299604;-0.07810911;-0.9815569;-0.299956;0.16881101;0.5146511;0.16363706;0.08084129;0.1632938;0.09045675;0.15960972;-0.05853075;0.11192505;0.45970997;0.30766514;0.019606687;0.19490454;0.34526908;0.22060707;0.49045506;0.22766171;0.34893793
-0.06270325;0.016017823;-0.019272951;-2.0582229e-07;-1.0237389e-05;-0.002305055;-0.00013912845;2.9498153e-07;2.1824671e-06;-0.1285775;-0.024603201;-0.42742473;-0.1473854;0.015207854;-0.43889034;-2.7536827e-05;-0.00012331916;2.4469628e-06;9.975e-06;-0.009493676;1.4483652e-05;0.5401429;0.05361204;-0.04267661;0.9075884;-0.03109955;0.079797775;-0.07493151;3.255991e-06;0.60298085;0.109923355;-0.14203615;0.91412276;-0.02313409;0.017772546;-0.13004895;-9.753054e-06;9.540163e-07;8.540228e-06;-0.66520184;-0.047233917;-0.09360698;0.3715727;-0.72282565;-0.16845858;0.64837706;-7.810761e-05;-5.5859855e-06;-0.49611434;0.007876487;-0.19178656;0.23302104;-0.32656208;0.20547585;0.1306866;-0.988012;-0.20242965;0.12692633;0.36004403;0.5464294;-0.6771108;0.5032221;0.41156963;0.2781584;-0.20634076;0.13857986;0.16268323;0.14975852;-0.75270665;0.13142854;0.28342322;0.004876869;-0.58701;-0.23350433;-0.15698911;-0.9845817;-0.27381784;0.16812347;0.5242906;0.115678184;0.10080631;0.05791853;-0.00890611;0.10918269;0.051786043;-0.0034594024;0.3764399;0.27061233;0.030441862;0.03195381;0.22948518;0.17440227;0.51139534;0.10315193;0.24934807
-0.062339835;0.0152780805;-0.018990323;-1.0689371e-05;-1.2821663e-05;-0.0021145467;-6.339213e-05;2.9982164e-07;3.3403921e-06;-0.14598396;-0.02947504;-0.43402818;-0.1629851;0.010992397;-0.44894966;4.2210904e-06;-0.00015848901;6.5020868e-06;5.588703e-06;-0.006338585;1.7070164e-05;0.5409091;0.052533664;-0.040360436;0.9057438;-0.0408281;0.08738954;-0.06947128;-4.209869e-07;0.6088298;0.10985234;-0.14032091;0.90734684;-0.019305935;0.034631338;-0.11818773;-1.1373566e-05;4.1472958e-10;1.0510863e-05;-0.6518161;-0.06481564;-0.08613411;0.3159898;-0.7665093;-0.14525585;0.6673674;-0.00010234931;-1.5501282e-06;-0.4744517;-0.00129106;-0.1946693;0.23577473;-0.3659482;0.24521743;0.17961958;-0.98818266;-0.234862;0.12040933;0.38601527;0.5251183;-0.6891154;0.47823733;0.38503653;0.23318186;-0.30180386;0.023067841;0.034303613;0.08540861;-0.68714094;0.015698144;0.13725576;-0.09722543;-0.6141667;-0.3892752;-0.29108676;-0.98766774;-0.23865621;0.16565563;0.53368443;0.05245478;0.12737255;-0.058912512;-0.09091805;0.039373502;0.141294;-0.13819996;0.27342814;0.21922415;0.063989066;-0.1460918;0.0955146;0.121249035;0.5455096;-0.0450692;0.12268468
-0.061517842;0.01420903;-0.018094745;-2.1511223e-05;-1.7054437e-05;-0.0017571267;0.0001025566;2.0960624e-07;5.028851e-06;-0.16906206;-0.033859752;-0.434067;-0.18320471;0.0071218493;-0.4510993;2.6389303e-05;-0.00017997535;1.2407545e-05;-2.5374393e-06;-0.0038084425;1.7149297e-05;0.5458713;0.05223343;-0.03934266;0.907796;-0.04764813;0.09611424;-0.063807055;-5.3004624e-06;0.61287314;0.10893745;-0.13855234;0.8993975;-0.015793145;0.056314394;-0.10559009;-1.4498313e-05;-1.2908786e-06;1.37329625e-05;-0.6294693;-0.08978745;-0.0723144;0.2733756;-0.8068349;-0.10970026;0.7052069;-0.00012352545;3.580033e-06;-0.45399547;-0.0044650487;-0.20275582;0.25237387;-0.40888813;0.2686181;0.23180647;-0.9897018;-0.32263502;0.12105434;0.4211504;0.48600104;-0.7311193;0.4367782;0.3328913;0.16000591;-0.42747474;-0.120116524;-0.13108702;0.0064383806;-0.6021584;-0.1320395;-0.057281386;-0.21057841;-0.6409154;-0.5346616;-0.43508944;-0.98934513;-0.17628749;0.17745431;0.54744786;0.0061787516;0.13763903;-0.12237687;-0.099898644;-0.006675993;0.19367838;-0.21329749;0.20436338;0.18710165;0.09476013;-0.25244588;0.014180695;0.09813441;0.581659;-0.14774933;0.037319954
-0.060242493;0.012878064;-0.017300328;-2.9038521e-05;-2.2835418e-05;-0.0012739798;0.00024698727;1.7746174e-08;7.0004317e-06;-0.19058739;-0.03859863;-0.41598698;-0.20171617;0.0003352724;-0.43192753;2.1979622e-05;-0.00015501623;1.9263127e-05;-1.0036656e-05;-0.0009719651;1.2875e-05;0.5542761;0.054517254;-0.04008834;0.9158139;-0.051751044;0.10180992;-0.062410653;-1.03128405e-05;0.6153385;0.10522122;-0.13672717;0.88943416;-0.012084104;0.07933834;-0.096006;-1.171825e-05;-2.6875205e-06;1.8230145e-05;-0.5978318;-0.10934976;-0.044713426;0.2528801;-0.8418769;-0.088350765;0.75808024;-0.000111293484;9.066251e-06;-0.44485492;-0.0026880938;-0.22269757;0.27452278;-0.4631722;0.28336293;0.27476442;-0.99179786;-0.43502358;0.1272866;0.4551647;0.42505702;-0.7754527;0.39131638;0.26747116;0.056316677;-0.52631396;-0.25379366;-0.2729636;-0.0766935;-0.5463104;-0.2595748;-0.22071779;-0.3094025;-0.6676311;-0.6266284;-0.53655523;-0.98971504;-0.100037664;0.202084;0.5662085;-0.013731235;0.12406516;-0.11175438;-0.033409577;-0.031366162;0.22145002;-0.22652562;0.1752413;0.15989965;0.10821803;-0.30958048;-0.015808482;0.09111611;0.6053295;-0.20833029;-0.011168845
-0.058740713;0.011165738;-0.01662533;-2.7784263e-05;-2.6867667e-05;-0.0010253821;0.00030364707;-1.1897134e-07;8.382718e-06;-0.2057753;-0.042465616;-0.38235846;-0.21466312;-0.007964684;-0.39414757;6.248056e-06;-9.615833e-05;2.3961125e-05;-1.5402657e-05;0.0019218673;7.977644e-06;0.5612399;0.057969652;-0.041154496;0.92212486;-0.054584;0.10040874;-0.06335254;-1.3436875e-05;0.6145381;0.09997288;-0.13413082;0.87754095;-0.00943779;0.09894079;-0.09033624;-2.615554e-06;-3.6279744e-06;2.1480897e-05;-0.56809026;-0.11923651;-0.008940035;0.26903367;-0.8661461;-0.08137707;0.8012889;-6.727457e-05;1.2602453e-05;-0.44094452;-0.0022190826;-0.24305439;0.2775729;-0.52975667;0.3054643;0.32792196;-0.9932834;-0.5176547;0.13248843;0.47486335;0.35352945;-0.7993818;0.34504104;0.18821888;-0.054258667;-0.55339706;-0.34948397;-0.36208028;-0.15072784;-0.578567;-0.3418498;-0.31688657;-0.38410187;-0.7085267;-0.6672882;-0.580955;-0.9894752;-0.052841224;0.23239392;0.5892613;-0.020315928;0.06817505;-0.058630288;0.050887976;-0.06024115;0.166566;-0.2358112;0.14754032;0.10953697;0.16121458;-0.37497443;-0.040430006;0.05401842;0.6277935;-0.27841267;-0.056514964
-0.057265293;0.008963616;-0.016272165;-1.9982108e-05;-2.8359442e-05;-0.0013070224;0.00027317076;-5.7082502e-08;9.185183e-06;-0.2136338;-0.044785835;-0.34738982;-0.22098422;-0.01495125;-0.35355866;3.7383597e-06;-3.9337072e-05;2.6503461e-05;-1.9644445e-05;0.004443735;5.785012e-06;0.5635035;0.061004873;-0.04119663;0.92291856;-0.05195086;0.090766296;-0.06570241;-1.4856036e-05;0.6109969;0.095954835;-0.13103765;0.86840177;-0.009437533;0.11177178;-0.08856611;5.9425984e-06;-4.17103e-06;2.2717984e-05;-0.5539058;-0.12109016;0.027575932;0.3177314;-0.8800943;-0.07426564;0.8278628;-1.451069e-05;1.4194346e-05;-0.43188977;-0.008677251;-0.2469517;0.25215778;-0.60934186;0.3329862;0.42481822;-0.99396443;-0.54898816;0.13625671;0.48015672;0.30076206;-0.8010111;0.31015006;0.108391985;-0.14342196;-0.5186645;-0.39263192;-0.39530635;-0.19945751;-0.6703871;-0.3794924;-0.35229787;-0.43114072;-0.7565915;-0.6743453;-0.5784096;-0.9893841;-0.09996966;0.2772994;0.61945033;-0.04531906;-0.05541505;-0.026344791;0.08762903;-0.12468515;-0.047918595;-0.30737442;0.09044905;0.018918047;0.33987978;-0.48069045;-0.09450365;-0.05042255;0.6831606;-0.39956933;-0.11546762
-0.055820543;0.0068584178;-0.01643634;-1.3838406e-05;-2.9953866e-05;-0.0017984977;0.00019844016;1.2385908e-07;1.004347e-05;-0.2120354;-0.04385593;-0.31848526;-0.2187576;-0.017898383;-0.31899983;1.0146441e-05;3.0627707e-06;2.9724411e-05;-2.0953208e-05;0.0058339094;5.195907e-06;0.5611886;0.06374088;-0.040663917;0.91947716;-0.033367824;0.074175715;-0.07056147;-1.6816746e-05;0.6071497;0.09522911;-0.12842071;0.86688703;-0.0100685675;0.11882556;-0.08921854;1.1892433e-05;-4.9450027e-06;2.3828994e-05;-0.55981016;-0.11231213;0.06572924;0.38697746;-0.88748395;-0.05783308;0.84373593;3.4857076e-05;1.6191392e-05;-0.41954497;-0.02269945;-0.23041625;0.21599944;-0.68954086;0.3308052;0.5486682;-0.99434847;-0.54091996;0.13880952;0.47780338;0.2777192;-0.7900041;0.2911035;0.028448828;-0.2004455;-0.47912177;-0.39839944;-0.38766477;-0.21754397;-0.7551401;-0.3876692;-0.34707224;-0.4502201;-0.79795575;-0.66569805;-0.5429962;-0.99040157;-0.29584724;0.3448819;0.6514471;-0.12209258;-0.17825928;-0.06911132;0.05076453;-0.26001602;-0.25676656;-0.46970734;-0.0026739321;-0.14808178;0.53250945;-0.62847114;-0.17948359;-0.25739217;0.7435057;-0.5647245;-0.1885411
-0.053999443;0.005737845;-0.0166459;-9.763986e-06;-3.2579264e-05;-0.0021457404;6.781076e-05;2.497992e-07;1.0728909e-05;-0.2064462;-0.03951496;-0.285252;-0.21320622;-0.017326754;-0.28063652;1.111784e-05;4.5827823e-05;3.3981807e-05;-1.9047555e-05;0.0025311357;5.373113e-06;0.5550538;0.065474495;-0.041053545;0.91312754;0.0048290016;0.05464144;-0.07520565;-1.9880725e-05;0.60265225;0.09823964;-0.12653114;0.8700966;-0.014701227;0.122388646;-0.08981588;2.066285e-05;-5.9989543e-06;2.5508838e-05;-0.5749484;-0.09302974;0.104467504;0.4583631;-0.89023864;-0.036043637;0.8509228;8.9673966e-05;1.9035098e-05;-0.4022539;-0.03975927;-0.19022375;0.18698165;-0.7523388;0.26541945;0.64514285;-0.99464226;-0.5100059;0.14164183;0.46833014;0.27687317;-0.7699656;0.264731;-0.066645585;-0.22116445;-0.47804686;-0.3894614;-0.35156798;-0.20768656;-0.8050771;-0.3866493;-0.31754947;-0.44558296;-0.82429105;-0.6545162;-0.48725894;-0.9922903;-0.5664899;0.41282424;0.6684345;-0.23475426;-0.20315032;-0.17213339;-0.029284902;-0.44073614;-0.22594662;-0.649584;-0.095518686;-0.3827399;0.57984257;-0.76188064;-0.25173318;-0.52515453;0.7608522;-0.70351213;-0.23574275
-0.051634222;0.005604438;-0.016310303;-3.3437973e-06;-3.4314784e-05;-0.0023377838;-0.00013120321;2.799594e-07;1.05578365e-05;-0.2077063;-0.03267662;-0.23353565;-0.21404983;-0.01572181;-0.22403215;-9.832873e-06;0.00010933166;3.6454963e-05;-1.3732191e-05;-0.006138612;6.4400956e-06;0.5482513;0.06583222;-0.04356639;0.9040098;0.048922617;0.035748184;-0.07445866;-2.2051085e-05;0.5967384;0.10254779;-0.12460297;0.87217915;-0.029276012;0.123583086;-0.090865046;3.6055982e-05;-6.6998546e-06;2.6361144e-05;-0.5865081;-0.06918038;0.13199884;0.51724446;-0.88852024;-0.027603706;0.8511078;0.00016158127;2.064192e-05;-0.3727313;-0.050153118;-0.124679826;0.16880257;-0.795342;0.1509557;0.7002157;-0.9946133;-0.47074413;0.14843325;0.453317;0.28749466;-0.7424053;0.21542272;-0.16889685;-0.20807995;-0.5005426;-0.3749172;-0.29455963;-0.17793852;-0.8240648;-0.3885406;-0.27614194;-0.4259657;-0.83207405;-0.64628655;-0.42020673;-0.9936569;-0.7508634;0.4433647;0.65957767;-0.3266324;-0.13870412;-0.2685451;-0.10185635;-0.585723;0.04243997;-0.7624766;-0.13434985;-0.5781989;0.4717808;-0.8367401;-0.2612886;-0.7171218;0.7324609;-0.77258474;-0.21708769
-0.049253635;0.005974523;-0.015284453;6.0297316e-06;-3.3471326e-05;-0.0022508805;-0.00031546876;2.3159191e-07;9.436102e-06;-0.21711658;-0.023003535;-0.16879293;-0.22257197;-0.013049377;-0.15306936;-6.5921384e-05;0.00019560811;3.533269e-05;-3.4615477e-06;-0.01581194;6.1021346e-06;0.544029;0.0662596;-0.047972266;0.8936328;0.082743794;0.018269187;-0.070005074;-2.1876083e-05;0.5910641;0.105509594;-0.12204138;0.8705356;-0.046811353;0.121562265;-0.09437875;5.5553144e-05;-6.6857465e-06;2.527867e-05;-0.5879529;-0.045812175;0.14217162;0.55963767;-0.88369733;-0.040804755;0.8495731;0.00024124289;1.9752304e-05;-0.33953094;-0.046572343;-0.053393777;0.15911739;-0.8222592;0.039678425;0.71770597;-0.9941349;-0.43286425;0.15622757;0.43861395;0.29999563;-0.71862155;0.16480999;-0.24683239;-0.17249691;-0.5117592;-0.36015663;-0.23713025;-0.1365863;-0.8231594;-0.38891548;-0.23932065;-0.39298618;-0.82354707;-0.6323051;-0.3590582;-0.99412835;-0.8238449;0.4281106;0.6304952;-0.36690187;-0.028702164;-0.3124643;-0.1257942;-0.6593676;0.39254555;-0.8093686;-0.1205778;-0.68014234;0.22576252;-0.86494714;-0.20884623;-0.8023561;0.66624606;-0.78776276;-0.15299445
-0.047521487;0.006295107;-0.01369793;1.9479892e-05;-2.9349525e-05;-0.0019616701;-0.00046486707;1.417502e-07;7.3715346e-06;-0.23205058;-0.011357955;-0.100693814;-0.23692936;-0.009281878;-0.07678552;-0.0001368998;0.00029318788;3.0721712e-05;7.01291e-06;-0.023465378;3.8565995e-06;0.5421485;0.06890248;-0.05326481;0.88488686;0.09817534;0.002199726;-0.06722433;-1.9303654e-05;0.5859786;0.10641567;-0.11913206;0.86508024;-0.056279663;0.11582557;-0.09934721;7.6731376e-05;-5.8830265e-06;2.1904416e-05;-0.58041036;-0.025364257;0.14115141;0.58472306;-0.87855047;-0.062314127;0.8481799;0.00031807268;1.6373204e-05;-0.31103706;-0.03278893;0.0021556765;0.14804581;-0.8354821;-0.03007995;0.70657533;-0.99333596;-0.39442122;0.15883267;0.4254651;0.30780944;-0.7068258;0.1330141;-0.28353482;-0.12966149;-0.4998435;-0.34802964;-0.19603568;-0.08793531;-0.8125938;-0.38325423;-0.22090045;-0.34605697;-0.80548805;-0.6066346;-0.32661125;-0.9940189;-0.8317295;0.39016712;0.5984162;-0.35800523;0.091447175;-0.29515868;-0.085542664;-0.676314;0.6515795;-0.8195004;-0.093203;-0.71668077;-0.09490088;-0.8682672;-0.13170509;-0.8287211;0.5691752;-0.77500474;-0.0877757
-0.046559777;0.006167137;-0.011827264;3.224623e-05;-2.3785105e-05;-0.001676773;-0.00060903473;4.6099558e-08;5.042879e-06;-0.2517519;0.0019744532;-0.03394786;-0.25632358;-0.003827147;-0.0019214946;-0.00019709127;0.00039096962;2.5263347e-05;1.3272154e-05;-0.027573572;1.0290605e-06;0.5434492;0.07507389;-0.058775283;0.8800276;0.09075772;-0.013414431;-0.06965113;-1.6004182e-05;0.58270454;0.10618215;-0.11678883;0.8572044;-0.05360737;0.10803671;-0.10416558;9.906815e-05;-4.772017e-06;1.7641316e-05;-0.5699142;-0.009396793;0.13725021;0.5951613;-0.8758648;-0.07989845;0.84781784;0.00039101366;1.2384815e-05;-0.2876335;-0.017434241;0.031813916;0.13290903;-0.83887225;-0.059340883;0.6857429;-0.99255735;-0.35080802;0.14723584;0.41131404;0.31264606;-0.70777106;0.12863144;-0.28402066;-0.091647066;-0.47198042;-0.33433083;-0.17090899;-0.03363215;-0.8000094;-0.37293285;-0.2272801;-0.28902334;-0.78565043;-0.5743587;-0.325796;-0.993657;-0.799373;0.3500897;0.575586;-0.3161769;0.19268072;-0.23188011;0.004702566;-0.65729725;0.78864545;-0.81032187;-0.075015254;-0.7173084;-0.37578002;-0.8573843;-0.052837107;-0.8256468;0.45852214;-0.7457797;-0.037773043
-0.046056487;0.005584916;-0.0099317385;4.1579246e-05;-1.7515384e-05;-0.0013993569;-0.00075438124;-4.3934506e-08;3.00401e-06;-0.27108347;0.018556617;0.025664147;-0.275339;0.0059582796;0.06418868;-0.0002499874;0.00049115473;1.9658852e-05;1.7452843e-05;-0.027252225;-2.4242545e-06;0.54663795;0.08251253;-0.06337441;0.8783022;0.06522379;-0.029826554;-0.075597614;-1.2350865e-05;0.58133423;0.10567938;-0.11513087;0.85120976;-0.041236147;0.09677201;-0.10837024;0.00012232692;-3.5718622e-06;1.3021941e-05;-0.5566782;-0.00078185997;0.13323714;0.59265095;-0.8773475;-0.09029277;0.84874636;0.00046563311;8.445873e-06;-0.26943624;-0.0051514623;0.04205588;0.11933985;-0.84070945;-0.059234295;0.6769478;-0.99230784;-0.31561136;0.12108597;0.39309698;0.31192538;-0.71607256;0.1429369;-0.26239944;-0.06755974;-0.42759863;-0.3227104;-0.16203564;0.020682447;-0.7955326;-0.36088553;-0.2580648;-0.23532653;-0.7759467;-0.5460715;-0.3510075;-0.993408;-0.7473646;0.31011564;0.5622104;-0.2616825;0.24702218;-0.14697525;0.10546067;-0.619883;0.8466681;-0.7969148;-0.076611154;-0.7007608;-0.54412305;-0.8438845;0.0039799935;-0.8082979;0.3674996;-0.7123782;-0.0102774855
-0.045550607;0.004830433;-0.008348426;5.08026e-05;-1.0355579e-05;-0.0011140015;-0.00088027184;-1.1494558e-07;1.3368626e-06;-0.2844243;0.03827198;0.07228568;-0.28828079;0.020607015;0.11549605;-0.00030849318;0.00059784786;1.3505691e-05;2.4111909e-05;-0.025566353;-6.354174e-06;0.5472093;0.0878305;-0.066317216;0.87700105;0.037187047;-0.045395527;-0.0815802;-8.1501785e-06;0.57993644;0.10557673;-0.11379523;0.8513286;-0.023419695;0.08110475;-0.11170001;0.000145699;-2.27696e-06;7.81694e-06;-0.5378228;-0.00029387698;0.12798885;0.58278894;-0.8808565;-0.088441156;0.8486279;0.00054571906;4.2528554e-06;-0.2512387;0.0004572737;0.05587487;0.100192346;-0.84791416;-0.04196974;0.68913406;-0.9925109;-0.2959658;0.08928447;0.3698806;0.30250853;-0.72192824;0.1536969;-0.2382659;-0.05403988;-0.35927662;-0.31874937;-0.17323616;0.071545035;-0.80729187;-0.34621447;-0.30181858;-0.19212428;-0.78361756;-0.5194253;-0.3863549;-0.99352854;-0.71000534;0.27552804;0.55659217;-0.21616076;0.24633273;-0.062005617;0.18351068;-0.59466964;0.8687093;-0.8029747;-0.10990199;-0.6924692;-0.6205012;-0.8471456;0.0102125015;-0.7970341;0.31772134;-0.6923634;-0.013727994
-0.044809133;0.0041114935;-0.007028913;6.563158e-05;-2.9206858e-06;-0.00081388565;-0.00094457873;-1.9513595e-07;-9.966607e-08;-0.28954098;0.06103908;0.10306375;-0.2927494;0.039885633;0.14909448;-0.00037652836;0.0007084672;7.014518e-06;3.3904264e-05;-0.026454354;-1.0109099e-05;0.5434802;0.090733975;-0.068824045;0.8738274;0.01636647;-0.05643275;-0.087551005;-3.7293794e-06;0.57725203;0.10554003;-0.11185279;0.8546178;-0.0049415138;0.06359437;-0.11397573;0.00016713573;-8.5595093e-07;2.3658213e-06;-0.5100373;-0.002710585;0.12304837;0.5718603;-0.8817779;-0.07605665;0.846563;0.0006269185;-3.1356467e-07;-0.22648059;-0.0055468534;0.088216364;0.065899655;-0.85840935;-0.027204238;0.7136411;-0.99255437;-0.28075194;0.06609427;0.34443143;0.28575978;-0.7183534;0.15013371;-0.218998;-0.043711204;-0.2695388;-0.32455638;-0.20521961;0.11640525;-0.82976156;-0.32338193;-0.34216687;-0.1566298;-0.8036402;-0.48418087;-0.40786895;-0.9939529;-0.71079135;0.256233;0.5564036;-0.1948147;0.21054985;0.018128283;0.24639297;-0.61067086;0.886596;-0.83744043;-0.18139948;-0.7162862;-0.6637494;-0.87479234;-0.041609768;-0.8111195;0.29443032;-0.6921291;-0.047389776
-0.0437742;0.0036855964;-0.005998194;9.100931e-05;4.777801e-06;-0.00044590348;-0.00090241607;-3.5396e-07;-1.792534e-06;-0.2865603;0.08658066;0.11489619;-0.28893745;0.06362709;0.16032001;-0.00044824087;0.0008068177;-3.9191218e-07;4.367931e-05;-0.031451486;-1.3611927e-05;0.53711593;0.093796976;-0.072351955;0.8682188;-0.0027860496;-0.05940634;-0.09658082;1.2797973e-06;0.57271665;0.105624035;-0.10902853;0.85361135;0.0075027384;0.045556985;-0.11528255;0.00018186742;1.0599033e-06;-3.2829703e-06;-0.46844572;-0.0039272215;0.12109816;0.552703;-0.87573797;-0.0649071;0.8445013;0.0006920058;-5.9772574e-06;-0.19213021;-0.026351813;0.13084176;0.027378684;-0.8626194;-0.026845228;0.7335496;-0.9920304;-0.2576668;0.06413924;0.3200834;0.26167354;-0.70751274;0.1388791;-0.19367875;-0.03457733;-0.17480798;-0.34189045;-0.2506477;0.15574577;-0.8516202;-0.28987268;-0.36667922;-0.11973781;-0.8245024;-0.43499485;-0.40085348;-0.99423987;-0.7260637;0.2490204;0.556827;-0.1884719;0.15583791;0.11416992;0.3249086;-0.6579698;0.90732414;-0.87479717;-0.2652527;-0.7620715;-0.70558;-0.9067823;-0.11871714;-0.84001386;0.2722097;-0.6960645;-0.088763595
-0.04234292;0.004053902;-0.0056744274;0.00012713764;1.373078e-05;1.4479905e-05;-0.000731098;-6.1333265e-07;-4.477639e-06;-0.27533406;0.11161897;0.11216824;-0.27720886;0.08847061;0.15227239;-0.0005093734;0.00086034316;-1.003925e-05;5.0680617e-05;-0.04188747;-1.6963088e-05;0.52862686;0.09845224;-0.07666813;0.8594974;-0.024738679;-0.050749175;-0.10817433;7.900846e-06;0.5652336;0.10716882;-0.10614963;0.84227306;0.0070546395;0.02856832;-0.11600046;0.00018301693;3.8638245e-06;-9.699506e-06;-0.413853;-0.004066277;0.12541385;0.51281214;-0.86144817;-0.06375623;0.84378225;0.0007119172;-1.37724855e-05;-0.14621928;-0.05993351;0.16501293;0.004156625;-0.8510894;-0.034119587;0.7368517;-0.9907299;-0.21960884;0.08481611;0.29774135;0.22731625;-0.70044166;0.12315853;-0.16192962;-0.02483128;-0.095634475;-0.36830962;-0.2997295;0.19291593;-0.8643612;-0.25398052;-0.37237233;-0.07289741;-0.8350818;-0.37514362;-0.36786705;-0.9939008;-0.7123689;0.24535494;0.5540172;-0.17438857;0.08994497;0.24308182;0.42378858;-0.70261383;0.9205056;-0.8916306;-0.325844;-0.8005958;-0.7431986;-0.9243589;-0.18230991;-0.8593729;0.24044119;-0.6847167;-0.110628776
-0.040654346;0.005346642;-0.0064641526;0.00016478682;2.27181e-05;0.0005545803;-0.0004915405;-9.248599e-07;-7.754919e-06;-0.25664976;0.13461612;0.10239062;-0.25840652;0.11260587;0.134712;-0.0005554371;0.0008661163;-2.054454e-05;5.3775875e-05;-0.05595267;-2.1050371e-05;0.52022636;0.1032994;-0.08019825;0.84872615;-0.04561319;-0.03206411;-0.11565431;1.5321988e-05;0.5559178;0.10997501;-0.10456868;0.82357836;-0.0021264295;0.015409035;-0.11703191;0.0001715768;7.075425e-06;-1.5929254e-05;-0.3550201;-0.0034081764;0.13331419;0.45736784;-0.84148926;-0.06700768;0.84234715;0.00068470486;-2.2445514e-05;-0.08824725;-0.09794272;0.1845582;-0.001248031;-0.8248376;-0.0246418;0.72657245;-0.9891485;-0.17362654;0.126802;0.27861792;0.19539587;-0.7010002;0.100555986;-0.13872522;-0.008677796;-0.04030079;-0.39497778;-0.34905982;0.22662947;-0.86805016;-0.22716106;-0.36545953;-0.026798574;-0.83545375;-0.32405218;-0.31985688;-0.99300414;-0.649672;0.24248767;0.5501768;-0.14070582;0.024760203;0.38232812;0.5171354;-0.7295039;0.9247683;-0.8870176;-0.35840064;-0.82426095;-0.7758575;-0.92768604;-0.22147901;-0.8671744;0.19672592;-0.6606752;-0.101186216
-0.039207976;0.0070511084;-0.008129612;0.00019356643;2.9458868e-05;0.0011425649;-0.00026570715;-1.2135343e-06;-1.0524454e-05;-0.23210315;0.15459956;0.08739484;-0.23345922;0.13505082;0.11237;-0.00059302483;0.00084846996;-2.9116927e-05;5.393377e-05;-0.068721205;-2.6820388e-05;0.5160133;0.10588828;-0.08143295;0.83720577;-0.061886575;-0.009011767;-0.112181075;2.170584e-05;0.54640055;0.11185522;-0.10413684;0.8047143;-0.01643831;0.0097454535;-0.11892363;0.00015465592;9.833362e-06;-2.033182e-05;-0.30214176;-0.0032249533;0.1395573;0.40908754;-0.8203322;-0.05309388;0.8361061;0.0006340924;-2.9618008e-05;-0.026532007;-0.13015811;0.19504352;0.0097931465;-0.7951571;0.017549988;0.71357095;-0.9886649;-0.13751034;0.18727735;0.2666749;0.186237;-0.6985655;0.07037118;-0.13762702;0.013575147;0.014338911;-0.42174244;-0.39844847;0.24514014;-0.8750049;-0.22578625;-0.35668865;-0.0018322187;-0.83428806;-0.30508935;-0.27571908;-0.99205875;-0.5366931;0.23737682;0.54481494;-0.08550442;-0.03973801;0.49284962;0.57901347;-0.7425104;0.9226178;-0.8665142;-0.36859494;-0.8404513;-0.8028373;-0.9222598;-0.2321495;-0.8748498;0.13408488;-0.63943285;-0.050410558
-0.03842418;0.008774229;-0.0100498255;0.00020526908;3.2124895e-05;0.001624379;-0.000108027656;-1.4033312e-06;-1.15852745e-05;-0.20753242;0.16578217;0.060108107;-0.20782779;0.15029235;0.07871413;-0.00062179705;0.00082389876;-3.3284363e-05;5.437941e-05;-0.07758246;-3.2872565e-05;0.5166119;0.10496125;-0.07951839;0.82579905;-0.07125285;0.010599299;-0.09930887;2.5319474e-05;0.5379376;0.11267727;-0.104117036;0.7910187;-0.04022653;0.014151764;-0.12227472;0.00013913773;1.1331584e-05;-2.1717482e-05;-0.26785424;-0.005322119;0.14563684;0.38487685;-0.7999333;-0.0061406647;0.8226268;0.0005840542;-3.324014e-05;0.019536078;-0.14712702;0.20105411;0.0493392;-0.7704885;0.08395831;0.6967735;-0.98985887;-0.09614729;0.24336994;0.26783577;0.20501985;-0.6880152;0.035851486;-0.15587553;0.04253048;0.09504199;-0.44529632;-0.43379813;0.2480027;-0.89865804;-0.25189412;-0.3483066;0.012641902;-0.83754545;-0.31572568;-0.25656953;-0.99146605;-0.34880432;0.22311117;0.5388479;-0.0047136736;-0.116044134;0.5526349;0.5972195;-0.7475323;0.91477436;-0.83334774;-0.33657312;-0.85018754;-0.82566655;-0.90933317;-0.21175458;-0.88509774;0.053332496;-0.62103194;0.0531115
-0.0384374;0.010521728;-0.011958754;0.0001985018;3.04032e-05;0.0018643594;-6.7114015e-06;-1.4459932e-06;-1.0754964e-05;-0.19141833;0.16408277;0.0073667485;-0.19050552;0.15459102;0.022666829;-0.0006359701;0.00079088367;-3.2467156e-05;5.6491386e-05;-0.081710815;-3.796612e-05;0.5186289;0.10122784;-0.07454687;0.8169594;-0.072255254;0.02268776;-0.083713084;2.5688249e-05;0.53330535;0.11274995;-0.10465536;0.7855893;-0.06256917;0.026159244;-0.12753317;0.00012594841;1.1399847e-05;-2.0034611e-05;-0.25269687;-0.00834831;0.15043037;0.38852248;-0.78014445;0.06143906;0.8029645;0.00053826533;-3.3091128e-05;0.037957806;-0.14426732;0.2036982;0.1132;-0.74731684;0.15900491;0.6609701;-0.9918696;-0.03518272;0.2834064;0.28553155;0.2427071;-0.6737932;0.013154554;-0.17024006;0.07596472;0.19492474;-0.45938262;-0.43662694;0.24000698;-0.93193305;-0.28328392;-0.3295033;0.031396728;-0.8468711;-0.34373558;-0.27107304;-0.9911949;-0.04388186;0.20508158;0.54493487;0.10639769;-0.20145966;0.56951123;0.5710835;-0.73243153;0.9044967;-0.77492434;-0.226427;-0.8442849;-0.8516665;-0.880467;-0.15463854;-0.8895248;-0.050906144;-0.5874899;0.202951
-0.03897966;0.012473092;-0.013377277;0.00017880241;2.6211987e-05;0.0018567006;4.523393e-05;-1.3264973e-06;-9.3132985e-06;-0.18418677;0.15181959;-0.070889905;-0.18256548;0.15039831;-0.053932976;-0.00062819355;0.0007480668;-2.886937e-05;5.691131e-05;-0.08366572;-4.215957e-05;0.5198716;0.09566403;-0.06836783;0.8133209;-0.06373034;0.029349163;-0.07019733;2.410925e-05;0.5355197;0.11228979;-0.106493235;0.788691;-0.068148874;0.035678886;-0.13366732;0.00011428537;1.0549316e-05;-1.6652499e-05;-0.25194442;-0.010987461;0.1566808;0.41181764;-0.76053935;0.1165772;0.77979785;0.0004938165;-3.08819e-05;0.027503835;-0.123274505;0.20271972;0.1758063;-0.7219117;0.22579128;0.5886776;-0.99348146;0.013758096;0.31721228;0.3174712;0.27352017;-0.67064905;0.0125841135;-0.16721739;0.11117552;0.27499747;-0.4679612;-0.40639895;0.2215078;-0.956779;-0.29718778;-0.29213935;0.04916402;-0.85628915;-0.37047604;-0.3091671;-0.99099416;0.30974215;0.21670577;0.57383335;0.24374348;-0.2615969;0.56384015;0.5075885;-0.6726435;0.8921482;-0.65500104;-0.024600854;-0.80301094;-0.88341767;-0.80453587;-0.04799365;-0.87140006;-0.19108528;-0.50290877;0.3617434
-0.03982449;0.014975496;-0.014594852;0.00015512854;2.1753774e-05;0.0016982843;4.0071463e-05;-1.1271529e-06;-8.493444e-06;-0.18316081;0.13111074;-0.14522769;-0.18244563;0.13754596;-0.12074198;-0.0005939183;0.00069407426;-2.4960027e-05;5.3337404e-05;-0.082109585;-4.4179622e-05;0.5186135;0.08958744;-0.060057826;0.8110246;-0.05370578;0.03483064;-0.058887545;2.210954e-05;0.5438123;0.11024126;-0.11041617;0.7903125;-0.04710105;0.035478238;-0.13836642;0.00010614956;9.408373e-06;-1.3041485e-05;-0.2582857;-0.017351564;0.16021028;0.4293709;-0.74173695;0.14619878;0.7572466;0.0004498568;-2.8434704e-05;0.0052908906;-0.08838037;0.19510959;0.22263667;-0.69122785;0.27634817;0.47109392;-0.9943488;0.04305272;0.33572868;0.35039282;0.2995554;-0.6820517;0.023577426;-0.14910732;0.16289778;0.3047776;-0.46631086;-0.3491325;0.20799114;-0.9698434;-0.28361928;-0.23832683;0.06740253;-0.8590651;-0.3912988;-0.34509376;-0.9909209;0.579333;0.2550073;0.6098655;0.3818205;-0.2677121;0.5526566;0.4201178;-0.55384314;0.8821594;-0.46078023;0.20210189;-0.70490074;-0.91696733;-0.63068736;0.086802624;-0.8135157;-0.3610194;-0.34986645;0.48749468
-0.04115123;0.017782575;-0.015959049;0.00013098738;1.7523067e-05;0.0013018621;-3.4948243e-05;-8.8848105e-07;-8.434501e-06;-0.1865729;0.10465833;-0.17834173;-0.18891673;0.11530555;-0.14034338;-0.00052232196;0.0006164961;-2.115796e-05;4.3196706e-05;-0.07414207;-4.1542407e-05;0.5109568;0.08134597;-0.048957843;0.81090933;-0.039011925;0.04420518;-0.045476306;2.0031774e-05;0.55329853;0.107877746;-0.115827754;0.78830177;-0.010854487;0.03243625;-0.14050968;9.914673e-05;8.069423e-06;-9.531184e-06;-0.27039993;-0.026205076;0.1567095;0.43315125;-0.7325597;0.1517124;0.7460635;0.00039828362;-2.6222173e-05;0.006133553;-0.05507016;0.17478538;0.2543651;-0.6521215;0.3098215;0.33559895;-0.99510723;0.056010757;0.32583728;0.3659778;0.34265622;-0.7150163;0.009091546;-0.15781422;0.21554877;0.2638136;-0.45995086;-0.28504297;0.18419543;-0.97519755;-0.2780171;-0.1981674;0.055974126;-0.8543922;-0.43706247;-0.38717338;-0.9912178;0.72000265;0.27445891;0.6269956;0.5001943;-0.24377905;0.55341274;0.34257045;-0.39852065;0.8722593;-0.28145218;0.35389933;-0.5619599;-0.93709177;-0.39583278;0.18688752;-0.7240996;-0.49620897;-0.2075293;0.55726784
-0.042806808;0.020437753;-0.016593771;0.000103875995;1.2467266e-05;0.0005034593;-0.00022069372;-6.0507523e-07;-7.677103e-06;-0.19255102;0.08026055;-0.14421359;-0.19805373;0.088532984;-0.091657035;-0.00041506573;0.00052909035;-1.5559111e-05;2.53529e-05;-0.061638888;-3.4133314e-05;0.49701342;0.071241416;-0.040217187;0.81956774;-0.0052000945;0.05793077;-0.031169327;1.6641177e-05;0.5629125;0.110288806;-0.12017486;0.79503125;0.0069631618;0.033386722;-0.14097324;9.2473994e-05;6.1677565e-06;-5.5479904e-06;-0.29796353;-0.02801102;0.14724618;0.42114046;-0.74082136;0.12734851;0.7526373;0.00034947245;-2.2855122e-05;0.037777748;-0.039844576;0.15509747;0.2656971;-0.60082656;0.32107887;0.23173822;-0.99610627;0.03889184;0.29021895;0.35830262;0.38219252;-0.7766532;-0.04449126;-0.2152116;0.22849019;0.12912703;-0.46031347;-0.24076883;0.11594774;-0.97555083;-0.31141338;-0.20324484;-0.019239783;-0.8467963;-0.51256686;-0.45513088;-0.99172366;0.7472435;0.26206905;0.6239284;0.57292527;-0.24305291;0.56284356;0.31316018;-0.28155035;0.8406168;-0.23657848;0.41615564;-0.44660166;-0.9328943;-0.26045474;0.21985807;-0.6540193;-0.5329673;-0.16885564;0.57136506
-0.043596316;0.022942657;-0.015317771;6.28042e-05;3.3311662e-06;-0.00037026184;-0.00042399252;-2.9956016e-07;-3.7282007e-06;-0.21033294;0.07041641;-0.061725378;-0.21682969;0.072079696;-0.0021861384;-0.0003210757;0.0004650046;-3.1733653e-06;8.681507e-06;-0.05026483;-2.6058384e-05;0.48562905;0.06529473;-0.03884208;0.8324858;0.03350108;0.07223638;-0.02829421;8.492687e-06;0.57633543;0.12143723;-0.121783264;0.81607795;-0.013449998;0.035442133;-0.14337723;8.85317e-05;2.8017166e-06;1.0143558e-06;-0.34625348;-0.032450285;0.120703824;0.39173228;-0.7538519;0.073203444;0.7637109;0.00032458082;-1.4149962e-05;0.04872027;-0.034881722;0.157458;0.275851;-0.53368205;0.30016926;0.14956367;-0.9970158;-0.037173666;0.23834719;0.33667222;0.38562715;-0.83815295;-0.0853188;-0.27030486;0.18390009;-0.04277707;-0.4802954;-0.2432621;0.024143627;-0.9716427;-0.36116448;-0.24330355;-0.13413908;-0.84031993;-0.5793058;-0.541725;-0.99168926;0.681766;0.23630956;0.61730486;0.5950911;-0.25444543;0.5598235;0.33935574;-0.23401034;0.7721266;-0.26395315;0.46522868;-0.38662785;-0.90327877;-0.20965458;0.24157014;-0.60313076;-0.4822504;-0.15528259;0.5699636
-0.043677863;0.024363691;-0.014182368;2.1041138e-05;-5.615322e-06;-0.0008494438;-0.00049804646;-4.5277602e-08;1.4566976e-06;-0.23507097;0.07023708;0.0051419702;-0.242035;0.0668061;0.06687022;-0.00028153847;0.00042786528;1.0528514e-05;1.2474229e-06;-0.046034064;-2.0784202e-05;0.4796385;0.06415118;-0.03979413;0.83733577;0.046534825;0.08782515;-0.034081917;-6.956834e-07;0.5861368;0.13415536;-0.12254377;0.836076;-0.048755366;0.036382433;-0.14760341;8.479324e-05;-7.1946124e-07;7.2862604e-06;-0.3942114;-0.047195982;0.0725575;0.35914713;-0.771368;0.014837049;0.77455884;0.00031397823;-4.021742e-06;0.028937837;-0.029696466;0.17990248;0.2951668;-0.45127338;0.26446304;0.07788326;-0.9976347;-0.146311;0.19825803;0.3054313;0.36902872;-0.8797576;-0.08016386;-0.29233715;0.103421494;-0.18709357;-0.520475;-0.29528528;-0.055823427;-0.96254265;-0.41471392;-0.28978857;-0.24353208;-0.8278861;-0.621939;-0.62098336;-0.99087757;0.55455035;0.20954396;0.61483985;0.5924414;-0.25977302;0.5362488;0.3668594;-0.20341612;0.670513;-0.2646147;0.52093655;-0.3395139;-0.84988344;-0.16442838;0.28161716;-0.5217112;-0.38774014;-0.10452583;0.57892257
-0.04379833;0.024494005;-0.013382163;-4.8734946e-06;-1.0709191e-05;-0.00091048406;-0.00046353633;1.1401437e-07;5.245238e-06;-0.2528331;0.07689126;0.049569026;-0.26090768;0.07001386;0.11316061;-0.00029000032;0.00041194566;1.975472e-05;2.4819274e-06;-0.046526264;-1.9555366e-05;0.47938302;0.064997084;-0.039895527;0.8397169;0.03053927;0.101420075;-0.045181274;-6.925271e-06;0.5898349;0.14211869;-0.12378893;0.85421735;-0.06644068;0.031683233;-0.15170336;8.1051985e-05;-3.045665e-06;1.0887699e-05;-0.43120533;-0.06257354;0.023528865;0.3418949;-0.79301625;-0.025317116;0.78919154;0.0003071499;2.9489165e-06;-0.0112997545;-0.0208749;0.19948637;0.30059218;-0.36240664;0.22295918;0.03149778;-0.9979872;-0.23653516;0.17066889;0.27917224;0.3683899;-0.9006385;-0.034359343;-0.27634415;0.039875776;-0.27308705;-0.54096043;-0.33384493;-0.105054215;-0.95000505;-0.44430473;-0.2975847;-0.31596342;-0.8101018;-0.6425708;-0.65566194;-0.98956066;0.41152793;0.20005229;0.6115056;0.5765863;-0.25566763;0.49103755;0.3729392;-0.17145933;0.553354;-0.2424628;0.5576728;-0.30254486;-0.77065796;-0.1273543;0.33237976;-0.4215307;-0.2754069;-0.045178816;0.590503
-0.044031307;0.023802204;-0.012466544;-2.0080595e-05;-1.4245044e-05;-0.0007400704;-0.0003685144;1.9231595e-07;7.833674e-06;-0.26078176;0.08663494;0.077877425;-0.2702599;0.0775667;0.1428789;-0.00031285168;0.0003933512;2.6230438e-05;6.531369e-06;-0.047865883;-2.0512125e-05;0.48329082;0.06545005;-0.039375834;0.8445034;0.0027791094;0.110724635;-0.05588675;-1.136151e-05;0.59108067;0.1461378;-0.12557839;0.870332;-0.06471355;0.022777114;-0.15358146;7.433386e-05;-4.595422e-06;1.344255e-05;-0.4638198;-0.073451295;-0.01649696;0.3507244;-0.81361264;-0.050624233;0.80279005;0.00028893322;7.919385e-06;-0.05767887;-0.011844443;0.21238759;0.28884116;-0.28710198;0.18235876;0.004355822;-0.99816453;-0.2967815;0.15450223;0.26841742;0.38703576;-0.9098774;0.032905973;-0.23876634;0.0014700914;-0.31851605;-0.53760475;-0.34142905;-0.12567793;-0.9369439;-0.44918573;-0.26981914;-0.35228476;-0.7911896;-0.64555496;-0.6547308;-0.9880207;0.27960515;0.2035503;0.60415155;0.5480076;-0.23577608;0.43815538;0.36048394;-0.14378192;0.44164485;-0.21075359;0.57653344;-0.27416554;-0.6697706;-0.097489044;0.38513634;-0.32284254;-0.1574025;0.010232429;0.59813964
-0.04438526;0.02282244;-0.011340672;-2.5380054e-05;-1.6199367e-05;-0.000517007;-0.00024675357;2.0674031e-07;9.040625e-06;-0.25795883;0.0955928;0.09447842;-0.26874024;0.08540192;0.1594964;-0.0003246754;0.00036091133;2.9681076e-05;8.892881e-06;-0.048010956;-2.110123e-05;0.48682204;0.065004796;-0.03892605;0.84980863;-0.025181625;0.11551316;-0.06268571;-1.3829864e-05;0.5913136;0.14778863;-0.12680902;0.8825464;-0.056433823;0.012157814;-0.15320195;6.436564e-05;-5.3359763e-06;1.4902893e-05;-0.4939186;-0.07642773;-0.04587572;0.37596714;-0.8283938;-0.06772122;0.8105513;0.00025727268;1.0593445e-05;-0.10109188;-0.0072414554;0.21919541;0.27228633;-0.23063754;0.15298223;-0.016192684;-0.9982048;-0.33077487;0.1473168;0.27047127;0.41237968;-0.91214037;0.09731885;-0.19936505;-0.02321572;-0.34279084;-0.52459735;-0.33192545;-0.13085443;-0.9242919;-0.443633;-0.22853209;-0.3695787;-0.7743357;-0.63918674;-0.63510185;-0.98611194;0.16650015;0.21108249;0.5930892;0.50895536;-0.20351732;0.39425462;0.34140608;-0.112944454;0.34235615;-0.16384561;0.58561516;-0.23903292;-0.5571143;-0.061486166;0.4320621;-0.22290209;-0.042245764;0.06718512;0.5993662
-0.04495749;0.021821678;-0.010091525;-2.1893764e-05;-1.614113e-05;-0.0003678833;-0.0001385528;1.915289e-07;8.8976085e-06;-0.24823128;0.102287866;0.103164926;-0.26027307;0.0917079;0.16667666;-0.00032123024;0.00032367482;2.9924471e-05;8.104769e-06;-0.046410937;-2.0346779e-05;0.48834985;0.06438269;-0.039401997;0.85532445;-0.049235474;0.11467166;-0.06634438;-1.4154721e-05;0.5910229;0.14740713;-0.12701775;0.8926572;-0.049506214;0.0012509293;-0.15241632;5.418342e-05;-5.290167e-06;1.4937774e-05;-0.521295;-0.06975334;-0.06645987;0.40367228;-0.83571994;-0.08275344;0.8140755;0.00022408272;1.0813674e-05;-0.13995095;-0.00696544;0.21848477;0.25897142;-0.18786049;0.13777624;-0.029544288;-0.9981364;-0.352921;0.14677082;0.27963936;0.43398312;-0.9086723;0.13902162;-0.16949661;-0.039674334;-0.3490433;-0.5119557;-0.31844422;-0.13045394;-0.912085;-0.4357269;-0.18656543;-0.38057914;-0.7615014;-0.62993455;-0.6061009;-0.98357785;0.068717994;0.21989217;0.58082694;0.46687892;-0.17088729;0.3686818;0.3294825;-0.06396786;0.24174213;-0.09261542;0.59381366;-0.18019241;-0.4327676;-0.008732312;0.47392324;-0.112082414;0.07078927;0.13329954;0.5976589
-0.045971733;0.020883383;-0.008832175;-1.3984158e-05;-1.4560268e-05;-0.0003325643;-5.5865385e-05;1.815589e-07;7.916795e-06;-0.23356803;0.10570261;0.1023992;-0.24704482;0.09569096;0.16280465;-0.0003079156;0.00028875654;2.7773029e-05;5.2476207e-06;-0.043752685;-1.8228784e-05;0.48922083;0.06358986;-0.040935606;0.8622135;-0.06879418;0.10860336;-0.06769185;-1.2834149e-05;0.5907764;0.14527123;-0.1266263;0.9029701;-0.046179637;-0.008575402;-0.1526777;4.546367e-05;-4.745976e-06;1.3882469e-05;-0.54784393;-0.057056133;-0.08085782;0.43217915;-0.8357076;-0.10000157;0.81526417;0.00019646247;9.31634e-06;-0.17773785;-0.009270981;0.2090786;0.24946348;-0.15519048;0.13425575;-0.031957414;-0.9980068;-0.38077155;0.15138604;0.28966358;0.44705677;-0.8999575;0.15505669;-0.15099546;-0.05230108;-0.33274773;-0.5042142;-0.30912003;-0.12981975;-0.9007807;-0.42609578;-0.14829864;-0.3910896;-0.7545551;-0.6198961;-0.57500476;-0.9806476;-0.026390407;0.23109648;0.57014626;0.4285902;-0.14814335;0.3615142;0.33045557;0.0065004;0.12344594;0.0023828326;0.60567313;-0.0935103;-0.28611833;0.061122954;0.51282585;0.009440983;0.18795104;0.2097021;0.5979988
-0.047590505;0.020049268;-0.0076404666;-5.6541758e-06;-1.2112374e-05;-0.0004023122;9.32347e-06;1.9879542e-07;6.5713975e-06;-0.2127703;0.1055255;0.08720857;-0.22798492;0.09767691;0.14268202;-0.0002898324;0.0002555484;2.4049194e-05;2.326453e-06;-0.04105886;-1.49795305e-05;0.49160016;0.062185388;-0.043168157;0.87094843;-0.08447208;0.1003511;-0.06685418;-1.0420001e-05;0.5911901;0.14167006;-0.12624775;0.9138767;-0.046500195;-0.015277587;-0.15407355;3.790886e-05;-3.9476945e-06;1.219369e-05;-0.5739119;-0.04395307;-0.089851834;0.4652293;-0.83107114;-0.117745794;0.8153689;0.00017356491;6.808463e-06;-0.21725176;-0.01335603;0.18908747;0.24365313;-0.13189934;0.13923472;-0.022453003;-0.99788177;-0.41965616;0.16054347;0.29556668;0.45225692;-0.8871323;0.15585162;-0.14372993;-0.06441723;-0.2913491;-0.50187784;-0.3089336;-0.13357654;-0.89170384;-0.41389537;-0.11457913;-0.40329695;-0.75413024;-0.6102891;-0.5477092;-0.97824574;-0.12534115;0.24500656;0.5616359;0.3962684;-0.13652177;0.36361024;0.33756366;0.07979518;-0.010440648;0.101983935;0.6185283;0.0019689994;-0.11638458;0.13497786;0.5448408;0.12156047;0.30696213;0.2863572;0.5997378
-0.049715396;0.019336123;-0.0067357994;3.375928e-06;-8.727395e-06;-0.00056297955;6.059403e-05;2.4106225e-07;4.8782385e-06;-0.18589355;0.10250075;0.053660143;-0.20306416;0.09870534;0.10259399;-0.00026887085;0.00022186275;1.8654158e-05;4.1683143e-07;-0.038481094;-1.0940152e-05;0.49632528;0.06032248;-0.04564115;0.87969846;-0.09638515;0.09336677;-0.06453136;-6.8699737e-06;0.5924582;0.13683124;-0.1262268;0.9236646;-0.049432363;-0.018011194;-0.15586892;3.092172e-05;-2.8296563e-06;9.805561e-06;-0.5957968;-0.03343963;-0.09454864;0.49829918;-0.8263752;-0.1314038;0.8153778;0.00015219295;3.1076488e-06;-0.25616947;-0.019567939;0.15719196;0.24304855;-0.115743116;0.14755282;-0.004123038;-0.9977885;-0.4608874;0.17340943;0.2955947;0.452598;-0.8729657;0.15472661;-0.14594775;-0.07724688;-0.2303026;-0.5019759;-0.3156099;-0.145822;-0.8844981;-0.40036863;-0.08347047;-0.4177112;-0.7569638;-0.6025606;-0.52467847;-0.9769713;-0.22472768;0.2615631;0.55486;0.3654196;-0.12722649;0.3629625;0.33953956;0.13174109;-0.13779037;0.18147512;0.6264601;0.07885277;0.052263137;0.19610804;0.5633342;0.20245042;0.41203672;0.348059;0.59630847
