0;1;2;3;4;5;6;7;8;9;10;11;12;13;14;15;16;17;18;19;20;21;22;23;24;25;26;27;28;29;30;31;32;33;34;35;36;37;38;39;40;41;42;43;44;45;46;47;48;49;50;51;52;53;54;55;56;57;58;59;60;61;62;63;64;65;66;67;68;69;70;71;72;73;74;75;76;77;78;79;80;81;82;83;84;85;86;87;88;89;90;91;92;93;94
-0.058259506;0.005372707;0.0049425866;0.00043261898;0.00011916537;-0.0016952725;-0.0006295765;-3.9402505e-07;-4.9954353e-05;-0.062004223;0.091406584;0.16670036;-0.053550046;0.07006348;0.17965741;0.00017435764;5.647628e-05;-0.00014064513;-2.6797923e-05;0.028667284;4.9737282e-05;0.41837803;0.08758822;-0.06640455;0.67273253;0.09411427;0.019449346;-0.035566095;9.266818e-05;0.43802708;0.090716854;-0.061169665;0.76720315;-0.11636746;0.05712805;-0.10601265;4.7573034e-05;3.433714e-05;-8.478183e-05;-0.537555;0.01688533;0.035664804;0.56633514;-0.1613026;0.036350902;-0.08113015;0.00014648486;-0.00011164867;-0.5615896;0.103652865;-0.0108298855;0.51447636;0.008711299;-0.15787134;0.0005722417;-0.94288903;-0.38801455;0.14387406;0.35143983;0.09852414;-0.45487642;0.10472877;0.08067089;-0.2650162;0.0564719;-0.34613553;-0.122777104;-0.34448838;-0.66238105;-0.39125037;-0.17021503;-0.43709597;-0.6222339;-0.53572;-0.3577373;-0.9121406;-0.53350437;0.08539668;0.32404467;-0.013137178;-0.15542373;-0.15458144;-0.02611462;-0.1780711;-0.21423982;-0.43832487;-0.15029064;-0.19510439;0.16675161;-0.32578918;-0.037919518;-0.32974586;0.41145414;-0.04178914;-0.09842646
-0.0624146;0.005641824;0.011377512;2.5563524e-05;1.5792786e-05;-0.0035812063;-0.0009546771;4.4793103e-07;-9.408635e-06;-0.07068732;0.12511183;0.32377467;-0.072096944;0.0887003;0.33912084;0.00036175095;-0.00010571955;-1.7570157e-05;-3.7945494e-05;-0.0061331657;4.4017885e-05;0.49834767;0.10172624;-0.08670627;0.854381;0.15370719;0.017197128;-0.040402923;8.874791e-06;0.5360801;0.090454616;-0.06595562;0.93;-0.1729469;0.078986384;-0.12286006;2.7263319e-05;2.7804272e-06;-9.477008e-06;-0.6798053;0.0324483;0.02514883;0.70273966;-0.2542549;0.020389454;-0.13721257;7.0875714e-05;-1.0810123e-05;-0.71828115;0.14688346;0.027496528;0.64401096;0.13167419;-0.30620554;0.013385449;-0.9956218;-0.4962454;0.23157729;0.4977583;0.15092605;-0.6350278;0.23972017;0.1521772;-0.37994164;0.06246137;-0.42364824;-0.11613939;-0.5266515;-0.88188076;-0.53960824;-0.24184795;-0.6645279;-0.8507512;-0.72755355;-0.4849498;-0.9879074;-0.6884517;0.11186781;0.36498725;0.096593745;-0.47605336;-0.19855303;-0.063361615;-0.13238478;-0.7101541;-0.46800226;-0.16227652;-0.10681136;0.580962;-0.25901124;0.080251925;-0.3170428;0.70740646;0.07556965;-0.0706182
-0.06338055;0.0042695655;0.01177011;-4.624203e-05;-2.0189327e-06;-0.004378956;-0.0009882452;6.2262995e-07;-3.8940925e-06;-0.069603324;0.12768358;0.41890883;-0.07608927;0.08024432;0.43210253;0.00043557386;-0.00022641901;1.3560057e-06;-4.0280443e-05;-0.013779617;4.476288e-05;0.50681597;0.10697149;-0.09375331;0.8830772;0.16830704;0.025606554;-0.04690401;-3.6687852e-06;0.54873633;0.08220677;-0.06839834;0.9505575;-0.15986446;0.081034645;-0.12666793;5.3155527e-06;-1.6393169e-06;3.3180404e-06;-0.6923777;0.043943364;-0.010105899;0.6746585;-0.32175663;-0.0046338174;-0.10227022;-1.3463563e-05;4.6968926e-06;-0.71876675;0.16432548;0.041323997;0.6394375;0.2166164;-0.32268792;0.08394535;-0.9974289;-0.515455;0.2512585;0.5364479;0.18334594;-0.6443877;0.2864864;0.15488794;-0.35489333;0.018084684;-0.3480105;-0.038611256;-0.5583861;-0.912427;-0.5319638;-0.21879889;-0.7079319;-0.88168025;-0.72958744;-0.4392173;-0.9927906;-0.71858513;0.08434993;0.3455222;0.21081436;-0.60522157;-0.15338148;-0.052372295;-0.020206224;-0.84701884;-0.36779326;-0.1445375;-0.041459925;0.7341442;-0.15856278;0.21297058;-0.29250538;0.8051579;0.14319569;0.022264184
-0.06327075;0.0033995807;0.010967707;-5.028362e-05;-1.8105493e-06;-0.004224794;-0.0009380984;5.876267e-07;-5.703303e-06;-0.056702413;0.1244422;0.46517375;-0.06568173;0.07228345;0.47989556;0.000434377;-0.00027613871;-2.743909e-07;-3.7200214e-05;-0.016974887;4.1849205e-05;0.5103544;0.10961024;-0.09742533;0.8914789;0.15886706;0.03303049;-0.065750696;-1.9670115e-06;0.54773563;0.07839689;-0.07170126;0.9548595;-0.11620671;0.073084004;-0.13313866;-7.641334e-06;-1.0276417e-06;2.9729272e-06;-0.69145274;0.052807055;-0.038058117;0.649829;-0.36641744;-0.00705328;-0.06040576;-5.7347424e-05;3.6670826e-06;-0.71293616;0.18804605;0.058875762;0.63931334;0.24780917;-0.2929267;0.13103016;-0.9971799;-0.5041565;0.27115056;0.55711395;0.24520157;-0.6152381;0.298745;0.13980137;-0.27986944;-0.070837826;-0.26704797;0.00683341;-0.51769865;-0.9031868;-0.47470462;-0.19131826;-0.6920668;-0.8719365;-0.6902488;-0.3910463;-0.9943612;-0.7433064;0.08598748;0.34497076;0.22491108;-0.56565857;-0.16501802;-0.038354628;0.039421186;-0.8280523;-0.3277538;-0.19358198;-0.061012022;0.7435657;-0.15351164;0.24763183;-0.35436797;0.823366;0.14721632;0.05881327
-0.06319961;0.002925275;0.009674134;-4.090136e-05;4.258327e-06;-0.0037628312;-0.0009446524;5.1333575e-07;-8.885341e-06;-0.032697663;0.11752833;0.4767298;-0.04248996;0.065851144;0.4919182;0.00038264494;-0.00023026176;-5.671318e-06;-3.278325e-05;-0.019949038;3.6585778e-05;0.5142819;0.11021727;-0.09836497;0.8935596;0.13575213;0.034522604;-0.08356511;2.2714667e-06;0.5472353;0.07725083;-0.074390575;0.9568711;-0.07839619;0.06361709;-0.13956949;-1.7546918e-06;2.48554e-07;-1.481676e-06;-0.6964455;0.06305812;-0.058796417;0.6513891;-0.3877869;-0.014254385;-0.019375646;-2.8810711e-05;-4.3192995e-07;-0.70597535;0.20399037;0.09149086;0.639813;0.22583523;-0.23379917;0.15208896;-0.9963287;-0.46613044;0.28974754;0.5647087;0.3071891;-0.5793838;0.31864718;0.13038771;-0.19915432;-0.14728719;-0.21109848;-0.0015450389;-0.4493651;-0.87869;-0.42019394;-0.19276707;-0.65860903;-0.8559727;-0.63989884;-0.3701853;-0.9950955;-0.75896615;0.08157827;0.34144086;0.18189447;-0.44233716;-0.201652;-0.023309771;0.038850397;-0.7363135;-0.34074563;-0.26698408;-0.11437504;0.6914432;-0.20252025;0.2114162;-0.42762652;0.8091815;0.107721284;0.041762814
-0.06333212;0.002761853;0.008755501;-3.700331e-05;8.991774e-06;-0.003332401;-0.0010602252;4.5454055e-07;-1.048993e-05;-0.008395549;0.113453686;0.4706954;-0.018588245;0.06422755;0.48486617;0.00031186204;-0.00012077982;-8.416653e-06;-3.0121333e-05;-0.022399237;3.0820967e-05;0.5200152;0.109717086;-0.09822771;0.89666754;0.11568861;0.031541366;-0.09240692;4.596586e-06;0.550505;0.076299325;-0.07591943;0.95995194;-0.05938403;0.057331007;-0.14355096;1.8948833e-05;6.0522143e-07;-4.8904913e-06;-0.7097436;0.071156375;-0.07925113;0.6702669;-0.39417148;-0.025755918;0.013131525;5.2330746e-05;-2.516259e-06;-0.70388997;0.21189575;0.12564456;0.6369195;0.16729325;-0.16794997;0.1679065;-0.99528205;-0.43453833;0.29665104;0.55781037;0.34957123;-0.55022275;0.34921068;0.13590707;-0.14773679;-0.19466992;-0.1840518;-0.030884808;-0.40137547;-0.85076195;-0.38815293;-0.19889615;-0.63373256;-0.84490585;-0.606188;-0.37333202;-0.9956249;-0.7648146;0.066089585;0.34354874;0.1371104;-0.2979665;-0.2163439;0.006627242;0.015211235;-0.59794456;-0.36714774;-0.31639186;-0.16392908;0.6134564;-0.25465676;0.15407015;-0.48355278;0.78446144;0.05776676;-0.00062150124
-0.06360666;0.0030758448;0.008322319;-3.9212755e-05;9.923882e-06;-0.0030070555;-0.0012234119;4.0636849e-07;-9.949072e-06;0.010561129;0.11358918;0.45291394;-0.00013827346;0.06744082;0.46505418;0.00024604326;7.835333e-07;-7.397379e-06;-2.9579378e-05;-0.025452226;2.60946e-05;0.52783847;0.109434135;-0.09802266;0.90072316;0.107359774;0.029768294;-0.09437716;4.2864413e-06;0.5564504;0.074985266;-0.07726135;0.9632905;-0.055100717;0.05472047;-0.14548485;4.380119e-05;-5.3325493e-08;-5.5915443e-06;-0.7252989;0.07507216;-0.100198165;0.69432753;-0.3871073;-0.03992252;0.03619221;0.00014404938;-1.9065919e-06;-0.7071477;0.21280786;0.14959592;0.6277072;0.096237935;-0.10297761;0.1762359;-0.99431837;-0.41198742;0.29235688;0.5441767;0.37648353;-0.5315395;0.3795049;0.15931155;-0.11734826;-0.22796345;-0.1723079;-0.047715835;-0.37230238;-0.8203357;-0.36740583;-0.19081593;-0.6156048;-0.8376584;-0.5930944;-0.3872235;-0.9961193;-0.7546516;0.048245553;0.35755426;0.10960905;-0.15571304;-0.20014162;0.04166007;-0.0073994678;-0.4296616;-0.3872502;-0.33195427;-0.19773003;0.52196705;-0.28954008;0.09346243;-0.52237475;0.7539425;0.019076299;-0.058293812
-0.06374946;0.003815971;0.008020209;-4.087214e-05;8.500734e-06;-0.002882247;-0.001390001;3.864883e-07;-8.1859325e-06;0.017696815;0.115281;0.42120957;0.00668181;0.073155075;0.42995685;0.00019898347;0.00010945782;-4.6273926e-06;-3.2053762e-05;-0.029620225;2.40929e-05;0.5365557;0.109814875;-0.09798477;0.9036693;0.11049559;0.032967158;-0.09472478;2.7441274e-06;0.5634414;0.07305196;-0.07926818;0.96549195;-0.06098786;0.053806774;-0.1465128;6.770981e-05;-1.0823132e-06;-4.6717614e-06;-0.7377337;0.07739057;-0.116778634;0.7135218;-0.36517856;-0.05978424;0.051033773;0.0002286681;-2.7977512e-07;-0.70809025;0.20627813;0.16108343;0.6051107;0.03182898;-0.04177385;0.18049847;-0.99340373;-0.39547786;0.28482527;0.5310679;0.3973643;-0.51838255;0.40778708;0.19499673;-0.09095718;-0.25769076;-0.1632658;-0.04509312;-0.3453166;-0.78286475;-0.34802252;-0.1718683;-0.59619665;-0.8293097;-0.5900564;-0.405441;-0.99649674;-0.7258092;0.03256318;0.3765755;0.09940725;-0.02818001;-0.15408005;0.081929736;-0.018931713;-0.25990123;-0.3851311;-0.31895888;-0.21555115;0.43403825;-0.30534092;0.03818944;-0.5465514;0.7183457;-0.0045023626;-0.11876632
-0.06354974;0.0047858246;0.0076393904;-3.827829e-05;6.5347413e-06;-0.00296643;-0.0015507311;3.8987457e-07;-6.2330655e-06;0.010091945;0.11641359;0.3710626;-0.00090696063;0.079929106;0.37505782;0.00017344259;0.00019765072;-2.1926244e-06;-3.8299448e-05;-0.03356266;2.4795052e-05;0.54494905;0.11034456;-0.09778193;0.9054082;0.12035893;0.041109912;-0.095590696;1.418899e-06;0.57058394;0.07099576;-0.08208524;0.96600986;-0.07288841;0.053112548;-0.14757062;8.87425e-05;-1.9008003e-06;-3.4047116e-06;-0.7449116;0.079715595;-0.12598635;0.72267246;-0.33284542;-0.08097923;0.057980932;0.00030089787;8.060888e-07;-0.7015371;0.1948282;0.16193937;0.5624359;-0.018759293;0.012484478;0.18896891;-0.99247575;-0.38566384;0.2777204;0.51920474;0.41627002;-0.50414586;0.433604;0.23112066;-0.06269408;-0.28341267;-0.15570825;-0.035418537;-0.31662762;-0.74041057;-0.32984298;-0.15282062;-0.57608473;-0.8187238;-0.5908274;-0.42602122;-0.9967266;-0.67567384;0.020232456;0.39619127;0.10388022;0.07248469;-0.09106475;0.124292314;-0.01688407;-0.12845708;-0.35986727;-0.28768817;-0.217601;0.37138382;-0.30854213;-0.006539441;-0.5546319;0.6824455;-0.019342821;-0.17415139
-0.06298791;0.005834108;0.0071027037;-3.115181e-05;5.2392134e-06;-0.003163652;-0.0017111775;3.7931466e-07;-4.8266957e-06;-0.010028692;0.115755446;0.3028051;-0.020916268;0.08645421;0.30129325;0.0001633908;0.00026369558;-1.5474216e-06;-4.7707814e-05;-0.036122203;2.6880225e-05;0.5517898;0.1106584;-0.09690512;0.9065959;0.13191223;0.05205624;-0.09752999;1.2762612e-06;0.5768159;0.0699915;-0.085460596;0.9647658;-0.08567395;0.052094195;-0.14931083;0.00010581454;-2.1612723e-06;-2.6280468e-06;-0.74658495;0.08069346;-0.12846437;0.7197318;-0.29955012;-0.096143976;0.05929139;0.00035700318;4.253816e-07;-0.6874974;0.18289049;0.15426879;0.497023;-0.055091776;0.05590161;0.20192413;-0.991542;-0.37939706;0.27191225;0.50695515;0.43250015;-0.4846894;0.45351437;0.2568465;-0.03454019;-0.301486;-0.15074316;-0.028291816;-0.29069313;-0.7004829;-0.31426808;-0.13822417;-0.55933714;-0.80670315;-0.5916999;-0.44250113;-0.9968373;-0.5979583;0.011192838;0.4152664;0.11787066;0.1454886;-0.035416234;0.15730296;-0.004677164;-0.048100904;-0.32704547;-0.25571775;-0.20600724;0.334693;-0.31055602;-0.04397547;-0.5482467;0.65049106;-0.03820001;-0.22609717
-0.062225737;0.006815988;0.006293869;-2.0227628e-05;5.1487295e-06;-0.0034075254;-0.0018900929;3.2934247e-07;-4.280424e-06;-0.039024618;0.11246831;0.22986832;-0.04999596;0.09026851;0.22333342;0.00016330267;0.00031086928;-3.2685348e-06;-5.9544655e-05;-0.037098687;2.9461182e-05;0.5560839;0.11120366;-0.09509294;0.90779275;0.14159241;0.0630044;-0.10091642;2.642424e-06;0.5807154;0.07002756;-0.08898909;0.9615646;-0.09502749;0.05103358;-0.15170908;0.0001194743;-1.7635903e-06;-2.7095812e-06;-0.74312204;0.07828478;-0.12772597;0.70405257;-0.27549303;-0.1021189;0.060290396;0.00039765492;-1.6717531e-06;-0.6676763;0.17174114;0.13854723;0.41242692;-0.08254167;0.088602915;0.215523;-0.99053186;-0.3685851;0.26789656;0.49397027;0.4453855;-0.46059686;0.46560094;0.26641908;-0.010390038;-0.31400472;-0.14604871;-0.022736983;-0.27137485;-0.66645014;-0.30105528;-0.124760725;-0.5489141;-0.79378486;-0.59030724;-0.44475636;-0.99686337;-0.48630175;0.0011595119;0.4296729;0.13894825;0.19661787;0.0009434052;0.17945461;0.016414618;-0.009695896;-0.30129817;-0.24048403;-0.17878923;0.311407;-0.31646797;-0.07852928;-0.5289614;0.623697;-0.06806426;-0.27805445
-0.061495937;0.007577842;0.0050923293;-6.339629e-06;6.557646e-06;-0.003694162;-0.002119258;2.417279e-07;-4.4934495e-06;-0.07186259;0.10557826;0.17357305;-0.083489366;0.088085204;0.16415825;0.00017087894;0.00034875702;-7.3903066e-06;-7.3592826e-05;-0.03709766;3.242121e-05;0.55703413;0.112632595;-0.09237516;0.9092662;0.14836046;0.07221492;-0.10438074;5.5148557e-06;0.5811149;0.070183694;-0.09210454;0.95600563;-0.10039261;0.050915197;-0.15395917;0.00013218209;-7.697963e-07;-3.8634316e-06;-0.7352174;0.071592405;-0.12769471;0.6771108;-0.26669848;-0.10104073;0.06555744;0.00043068244;-5.3306867e-06;-0.6431816;0.15633076;0.1162971;0.32057953;-0.110732384;0.11823005;0.22406504;-0.9893477;-0.34805584;0.26513556;0.4803056;0.4560586;-0.43529633;0.4699149;0.2584818;0.008034447;-0.32912645;-0.13960539;-0.0139010195;-0.2594935;-0.6373288;-0.28918087;-0.104423635;-0.54565465;-0.7810641;-0.58722365;-0.42799285;-0.99682426;-0.3375855;-0.0152379675;0.43574795;0.16538496;0.23385355;0.020427184;0.19340432;0.050913014;0.00030679256;-0.2848182;-0.2533043;-0.1279634;0.29479468;-0.32221276;-0.11751424;-0.49236658;0.6032139;-0.10434645;-0.33356842
-0.060931318;0.008015652;0.003346972;9.955955e-06;9.785406e-06;-0.004066775;-0.0024150528;1.5136118e-07;-5.2367104e-06;-0.1031823;0.09199885;0.14717357;-0.11629155;0.07555368;0.13759696;0.00018622709;0.00038545876;-1.3785815e-05;-8.997047e-05;-0.037669763;3.6128433e-05;0.5540086;0.11473371;-0.08888825;0.9109616;0.15420385;0.07993219;-0.10476162;9.856783e-06;0.5779323;0.0703094;-0.0946103;0.9477634;-0.10495157;0.052757666;-0.15517709;0.00014551639;7.316339e-07;-6.331422e-06;-0.7248337;0.060720608;-0.1301995;0.64209694;-0.2725494;-0.09905968;0.077046536;0.0004642584;-1.03166385e-05;-0.6128087;0.12674914;0.091877274;0.23809655;-0.14826673;0.15697356;0.223509;-0.9880275;-0.31935865;0.26314253;0.46572152;0.46530843;-0.4147303;0.46803328;0.23380071;0.02057493;-0.36004156;-0.13502122;-0.002494432;-0.25544026;-0.6092321;-0.28019497;-0.07093952;-0.55017054;-0.77062064;-0.5863293;-0.3959653;-0.99673617;-0.16567785;-0.03848702;0.43606097;0.19087029;0.25805715;0.02856752;0.19575943;0.09987986;-0.018445596;-0.27534804;-0.29692256;-0.05021807;0.30195117;-0.32458493;-0.17316516;-0.4315126;0.59797645;-0.13996537;-0.3956036
-0.06047127;0.008046335;0.0010476193;2.6452937e-05;1.4452147e-05;-0.0046280646;-0.0027595006;1.4045474e-07;-6.318827e-06;-0.13083719;0.069558;0.14949144;-0.14582878;0.050934315;0.14170122;0.00020912432;0.00042069601;-2.160098e-05;-0.000108336324;-0.04002264;4.0956373e-05;0.54774714;0.11666974;-0.08496444;0.91185033;0.16111623;0.08612207;-0.102002144;1.5146434e-05;0.573107;0.07090004;-0.09672073;0.93736964;-0.11208503;0.05617616;-0.1553546;0.00015786773;2.519817e-06;-9.854557e-06;-0.7146568;0.045663737;-0.13672243;0.6028402;-0.2872118;-0.101292506;0.099416874;0.00050014467;-1.5939004e-05;-0.5756218;0.077960424;0.07079905;0.17648923;-0.20677637;0.20952606;0.22443867;-0.9868058;-0.2850775;0.26310655;0.45012325;0.4707276;-0.40793636;0.46214488;0.19058666;0.02663337;-0.417218;-0.1352775;0.007541696;-0.26257616;-0.5759262;-0.27740887;-0.025375936;-0.56606483;-0.7629833;-0.5930185;-0.3565055;-0.99669254;-0.020819997;-0.061111715;0.44087285;0.20331055;0.25119263;0.022732003;0.17520283;0.14863904;-0.10680683;-0.28731474;-0.36600882;0.03910961;0.38142607;-0.33938628;-0.2535857;-0.35428107;0.62931;-0.18581435;-0.46303913
-0.05993714;0.0075311554;-0.0014090779;3.9900187e-05;1.9368395e-05;-0.005440403;-0.003090517;3.037445e-07;-7.684779e-06;-0.15541106;0.041462127;0.16466722;-0.17155565;0.019527309;0.15928821;0.00023432283;0.00044765195;-2.9297487e-05;-0.00012637048;-0.04345994;4.6372523e-05;0.5400376;0.11747693;-0.08109787;0.90983766;0.16922095;0.08830036;-0.10000519;2.0351043e-05;0.5697192;0.0718987;-0.09832595;0.92691064;-0.124519125;0.059285592;-0.15459305;0.00016467445;4.2649044e-06;-1.3573837e-05;-0.70493037;0.02595629;-0.14829746;0.5679879;-0.30781788;-0.10770019;0.13851316;0.00053236156;-2.1103013e-05;-0.53693324;0.015225968;0.060100503;0.13729155;-0.30249587;0.2630977;0.26064342;-0.9859472;-0.2524386;0.2661716;0.43272588;0.4667473;-0.42577222;0.4524326;0.12690859;0.021644372;-0.49867803;-0.14002022;0.013037437;-0.2863468;-0.5338085;-0.28306705;0.020043116;-0.59871376;-0.75636727;-0.61485595;-0.32600716;-0.99680823;0.015444278;-0.066988535;0.46575502;0.18046366;0.18228622;-0.015234514;0.11315769;0.15934211;-0.31959802;-0.36559618;-0.45340744;0.0983484;0.5696011;-0.4144822;-0.36172754;-0.30209413;0.71206874;-0.28096488;-0.53496367
-0.0588487;0.00648246;-0.0037268633;5.188235e-05;2.2815773e-05;-0.0062083034;-0.0032679418;5.796943e-07;-9.34751e-06;-0.1804834;0.017010912;0.16550025;-0.1966048;-0.0065809987;0.16308394;0.00025385022;0.00044871165;-3.547434e-05;-0.00014042048;-0.045596354;5.0358e-05;0.5308862;0.11738651;-0.07697909;0.9039077;0.17735119;0.08690874;-0.100487985;2.4520486e-05;0.5667398;0.07233182;-0.09933881;0.9167869;-0.13967122;0.062810816;-0.15189584;0.0001606587;5.867121e-06;-1.6159102e-05;-0.6917752;0.0049645286;-0.15899344;0.56165856;-0.3332172;-0.11898478;0.18125066;0.00053982344;-2.5226007e-05;-0.50460947;-0.05032039;0.0614579;0.11072223;-0.40627706;0.2840195;0.3484402;-0.9848651;-0.23386906;0.27003476;0.41522133;0.44937664;-0.46791264;0.4313221;0.050309613;0.008277111;-0.586857;-0.15079106;0.014381413;-0.3144862;-0.49087286;-0.2948003;0.045558453;-0.6324352;-0.74716544;-0.6448883;-0.3135041;-0.9968461;-0.09951116;-0.04689694;0.5098994;0.11803327;0.058894865;-0.07280327;0.029711412;0.112555206;-0.5771969;-0.4962164;-0.530927;0.093164444;0.76481843;-0.54510283;-0.45998845;-0.3171949;0.8008512;-0.41833958;-0.5870492
-0.05688603;0.0054952605;-0.0059463605;6.2711304e-05;2.300198e-05;-0.006482121;-0.0032362076;7.650966e-07;-1.0701908e-05;-0.2062067;0.0025822981;0.13932912;-0.22194242;-0.019922445;0.14089794;0.0002586341;0.00042720244;-3.838807e-05;-0.00014919596;-0.04670548;5.046929e-05;0.5191857;0.11759934;-0.072241195;0.89624625;0.18298094;0.084888816;-0.10310911;2.6473674e-05;0.5607622;0.072066955;-0.10038605;0.90639216;-0.15094694;0.06790327;-0.14678106;0.00014895026;7.007504e-06;-1.621776e-05;-0.67374915;-0.011249676;-0.1586837;0.5980603;-0.3565339;-0.1414821;0.20367566;0.00051793165;-2.7317743e-05;-0.48350203;-0.109952666;0.0670446;0.100639075;-0.4754854;0.25814334;0.44650182;-0.98262864;-0.23624793;0.27702075;0.40584245;0.4182266;-0.5163136;0.38937002;-0.020107903;-0.0027546475;-0.65595853;-0.16288456;0.022982242;-0.32339075;-0.46298096;-0.3044259;0.047829557;-0.64206046;-0.734508;-0.6628681;-0.30381453;-0.99654436;-0.30726546;-0.016505677;0.54593873;0.05630131;-0.038786285;-0.0877579;-0.0047626244;0.029931197;-0.7241192;-0.6025199;-0.56723386;0.027456699;0.8570689;-0.65546286;-0.49237344;-0.38926095;0.84499055;-0.52608925;-0.5847253
-0.054577824;0.0051451446;-0.0075634853;6.888213e-05;2.0342151e-05;-0.0063612373;-0.003143306;8.257588e-07;-1.0939126e-05;-0.22706923;-0.007980997;0.101905204;-0.24236178;-0.027441027;0.105902955;0.00024230072;0.00042187967;-3.725855e-05;-0.0001537803;-0.049422298;4.734642e-05;0.5060905;0.117364846;-0.06789599;0.8880196;0.18106237;0.081063606;-0.107577436;2.5668909e-05;0.5544422;0.07301762;-0.10135036;0.89768374;-0.15887071;0.070967294;-0.14068933;0.00013996448;7.2093535e-06;-1.4195684e-05;-0.65664387;-0.02475277;-0.14832404;0.6524203;-0.3734155;-0.17630316;0.2107821;0.00050270045;-2.6494978e-05;-0.47226122;-0.1595352;0.0762816;0.12607644;-0.5267714;0.22262834;0.5251957;-0.9796496;-0.25638652;0.29570088;0.41093457;0.38109386;-0.54526436;0.33093837;-0.07011386;-0.010029929;-0.6907216;-0.16640912;0.042940173;-0.3158464;-0.4538619;-0.30769587;0.046284933;-0.6322949;-0.722554;-0.6675039;-0.28866568;-0.9961863;-0.5081058;0.0034279397;0.55835176;0.021890067;-0.059979793;-0.045453552;0.032608833;-0.075944826;-0.7636812;-0.6740936;-0.57116467;-0.07669895;0.87868255;-0.7233958;-0.47132385;-0.47585866;0.85428166;-0.5829202;-0.5372203
-0.05241393;0.0052109426;-0.008420128;6.8200985e-05;1.5988306e-05;-0.0060316743;-0.0030409303;7.9888457e-07;-9.962343e-06;-0.24285139;-0.01780497;0.067015246;-0.25744575;-0.03335766;0.07006994;0.000207062;0.00043796137;-3.2599404e-05;-0.00015295495;-0.051954173;4.301731e-05;0.49400374;0.116390824;-0.06464197;0.8779991;0.1729717;0.07537194;-0.11143157;2.2363616e-05;0.55082077;0.07615461;-0.10156648;0.89163923;-0.16487521;0.07200582;-0.13540728;0.00013588363;6.4115957e-06;-1.1061333e-05;-0.64541006;-0.038662795;-0.13777635;0.7041955;-0.38407448;-0.21437599;0.20745896;0.0005032219;-2.2877328e-05;-0.46232393;-0.19859639;0.09185153;0.18026002;-0.57298845;0.18763116;0.5804156;-0.97676975;-0.28394955;0.3239663;0.4253657;0.34928632;-0.5413164;0.2705141;-0.09743635;-0.010704105;-0.6856166;-0.16467562;0.059110913;-0.30331612;-0.47683367;-0.30798748;0.043252505;-0.6161254;-0.7186407;-0.66418374;-0.27731603;-0.9960432;-0.6507399;0.012848505;0.55140907;0.008627041;-0.013360046;0.021298684;0.110786095;-0.18970639;-0.72731775;-0.71856004;-0.5544903;-0.18903846;0.86043566;-0.758143;-0.42769086;-0.552332;0.8442395;-0.6021044;-0.46161646
-0.050544724;0.0051731635;-0.008638753;5.6729885e-05;9.2310365e-06;-0.0056270235;-0.0029415735;7.4696675e-07;-7.6408105e-06;-0.25638968;-0.021947967;0.048624463;-0.27014875;-0.034696445;0.048409116;0.00015423552;0.00047439546;-2.382818e-05;-0.00014538504;-0.05271964;3.8440485e-05;0.48486516;0.11612357;-0.06302219;0.8669003;0.16247347;0.06883868;-0.11358894;1.602438e-05;0.5508095;0.08085476;-0.10076798;0.88854694;-0.16721053;0.07382108;-0.13080728;0.00013727133;4.418682e-06;-6.3338957e-06;-0.6425329;-0.051178604;-0.1332614;0.7475062;-0.39443502;-0.24933611;0.19364037;0.0005212036;-1.578484e-05;-0.44862792;-0.23431878;0.116016716;0.24897191;-0.61841697;0.14703427;0.6174632;-0.9758259;-0.30458736;0.35113582;0.43856955;0.3211953;-0.514898;0.21158798;-0.11208399;-0.015400631;-0.6513947;-0.1720356;0.05118338;-0.3057626;-0.53427905;-0.32260782;0.026938304;-0.6128182;-0.7294629;-0.66596806;-0.28495193;-0.9963476;-0.75819904;0.027189078;0.5373051;-0.000926653;0.089782774;0.08752714;0.19582085;-0.319648;-0.5831393;-0.7524335;-0.53334427;-0.32016933;0.7959294;-0.7818672;-0.3874831;-0.6393795;0.81668085;-0.60699874;-0.3752558
-0.049186777;0.005046089;-0.008788428;4.0788436e-05;1.6395934e-06;-0.0050961724;-0.002829921;6.634658e-07;-4.6880596e-06;-0.26471978;-0.017598;0.04373964;-0.27771565;-0.029484235;0.041503653;8.111621e-05;0.0005268976;-1.3636629e-05;-0.00013017339;-0.04974969;3.3060045e-05;0.47719127;0.117150314;-0.06247794;0.8585016;0.15287817;0.062348388;-0.11323966;8.555755e-06;0.5509273;0.085553825;-0.099284194;0.88570225;-0.16552237;0.076240435;-0.12590677;0.00014261747;1.9215004e-06;-1.0789081e-06;-0.64544994;-0.05795311;-0.1350604;0.78208935;-0.40563735;-0.27393228;0.1702903;0.0005526873;-7.3330884e-06;-0.4322706;-0.26717046;0.14160074;0.32609388;-0.6555125;0.0920551;0.6432679;-0.97632974;-0.30998644;0.36172536;0.44279337;0.2948383;-0.48280188;0.16151501;-0.11989385;-0.024602836;-0.6103601;-0.18677798;0.028138455;-0.31801188;-0.5984252;-0.34808463;0.0072675864;-0.6148307;-0.7432749;-0.66652757;-0.29792964;-0.99673986;-0.84417534;0.04308374;0.5137113;-0.0103324335;0.21452314;0.15446633;0.27502218;-0.45130292;-0.2546997;-0.7728366;-0.5016698;-0.45678097;0.6394832;-0.7957653;-0.3460177;-0.72459996;0.76476145;-0.5937928;-0.2788624
-0.048606668;0.005236571;-0.009316896;3.0888827e-05;-3.6651327e-06;-0.0044068256;-0.002683086;5.2534745e-07;-2.530258e-06;-0.2680814;-0.009329915;0.038426425;-0.28041193;-0.021215077;0.036065932;-4.035506e-06;0.00058162905;-6.3906773e-06;-0.00010937913;-0.043497622;2.6612688e-05;0.46910074;0.118472286;-0.061860066;0.85504985;0.14374484;0.056906883;-0.109903716;3.162335e-06;0.54834867;0.0894686;-0.09820109;0.88205075;-0.15862194;0.077750064;-0.121138036;0.00014861015;9.822543e-08;2.5928894e-06;-0.65118855;-0.05704879;-0.13896899;0.80607164;-0.41519856;-0.2846895;0.14457701;0.0005845768;-1.2147357e-06;-0.41912416;-0.29096437;0.15841258;0.39729938;-0.6731769;0.03333418;0.64920807;-0.97689474;-0.29418927;0.35581028;0.44267726;0.2717827;-0.46231464;0.13392411;-0.116052635;-0.033764;-0.5761298;-0.19352047;0.010675203;-0.32726866;-0.6333377;-0.36584666;0.00044842937;-0.610934;-0.74552;-0.6543535;-0.28976813;-0.99681914;-0.8961706;0.04582132;0.47119555;-0.011020117;0.33024412;0.2198266;0.34001014;-0.551205;0.22800477;-0.76983917;-0.4465911;-0.5615791;0.31169608;-0.7897595;-0.29130062;-0.7797728;0.6758034;-0.5419137;-0.1770675
-0.04889455;0.00583075;-0.01026961;2.9770075e-05;-5.3206168e-06;-0.0037361758;-0.0025293746;3.8942073e-07;-1.9609288e-06;-0.26996124;-0.003228835;0.027131446;-0.28191274;-0.014989966;0.025114385;-7.927616e-05;0.0006241929;-3.6432757e-06;-8.8815155e-05;-0.036120217;2.0554842e-05;0.46171013;0.11950756;-0.060529362;0.8556786;0.1321595;0.052889064;-0.1043605;1.0075164e-06;0.54447937;0.09208794;-0.09816802;0.87908834;-0.14504571;0.07817207;-0.116958305;0.00015283175;-6.2552135e-07;3.7754508e-06;-0.6592769;-0.051078387;-0.1394435;0.81705666;-0.4197773;-0.2801729;0.12853052;0.0006076358;1.238077e-06;-0.41183335;-0.30539462;0.16084552;0.4496597;-0.6730789;-0.002203863;0.6297414;-0.9775073;-0.25205684;0.34236136;0.44447836;0.25879484;-0.4587666;0.13371086;-0.0987378;-0.04410764;-0.54690677;-0.18747358;0.0027734644;-0.33197907;-0.6278296;-0.36750838;0.009679888;-0.6051146;-0.73548275;-0.63281393;-0.26053348;-0.9965891;-0.91964424;0.0345908;0.41435754;-0.005713887;0.421988;0.26839307;0.37593254;-0.61287665;0.60964435;-0.74656975;-0.38051283;-0.62763834;-0.13384378;-0.76620317;-0.23963599;-0.80701786;0.553237;-0.4552945;-0.096886255
-0.04985451;0.0064304117;-0.0112530505;3.5018777e-05;-3.8038706e-06;-0.00322229;-0.0024126852;3.2027413e-07;-2.7793212e-06;-0.26824984;-3.6135316e-07;0.010117313;-0.28013405;-0.011266172;0.008582902;-0.00013138111;0.0006493491;-4.57454e-06;-7.2973286e-05;-0.029251736;1.624828e-05;0.45616767;0.12014792;-0.058720596;0.85914844;0.12000415;0.051306374;-0.09802767;1.5206897e-06;0.54081196;0.09274581;-0.09830638;0.8774247;-0.12891693;0.0790759;-0.112518184;0.00015420569;-5.1424286e-07;2.7852657e-06;-0.66586584;-0.04399239;-0.13292095;0.81701547;-0.4130499;-0.25999305;0.12649287;0.00062120496;8.249772e-07;-0.40969098;-0.31507978;0.15378992;0.4821642;-0.66530734;-0.0069996347;0.5933509;-0.9780805;-0.18988916;0.32571545;0.44918787;0.26554552;-0.46472186;0.15894806;-0.067447;-0.049255885;-0.5254522;-0.17181577;0.0024239672;-0.3299495;-0.59278303;-0.3530617;0.032887816;-0.5972351;-0.7185504;-0.60828656;-0.22863631;-0.99619263;-0.92866546;0.022316892;0.36039135;-0.007953277;0.47932875;0.28657565;0.370756;-0.646522;0.7929229;-0.71008146;-0.31886825;-0.6669618;-0.47118744;-0.736802;-0.21065621;-0.81931645;0.43298385;-0.3607238;-0.054916643
-0.050966803;0.0067835217;-0.0118117435;4.3889624e-05;-3.2273238e-07;-0.0028685678;-0.0023723128;3.336105e-07;-4.4971166e-06;-0.26339957;0.001901993;-0.008193583;-0.2754202;-0.008691408;-0.0088852225;-0.00016321077;0.0006675149;-7.593655e-06;-6.332659e-05;-0.024656093;1.3963145e-05;0.45217082;0.12019785;-0.057116464;0.86467475;0.11064806;0.052788954;-0.09268763;3.537236e-06;0.5376086;0.09169157;-0.09773357;0.8761773;-0.11401369;0.08193058;-0.107028425;0.0001550717;-1.6349077e-08;4.4736953e-07;-0.6676566;-0.037558213;-0.11862641;0.8111796;-0.38959822;-0.22953838;0.13542515;0.00063571613;-1.0692456e-06;-0.4101721;-0.32324058;0.14720426;0.49799466;-0.65686804;0.005898508;0.54908085;-0.9785343;-0.119839;0.30754593;0.45595863;0.28913474;-0.4759178;0.19443157;-0.030401988;-0.042288374;-0.520818;-0.15177134;0.0067182807;-0.31982395;-0.5438199;-0.32752198;0.065082215;-0.5838829;-0.6973277;-0.5824653;-0.20629406;-0.99583155;-0.93332964;0.025072444;0.32237917;-0.02868291;0.51101846;0.26536158;0.31842133;-0.664892;0.8728107;-0.66827345;-0.26740143;-0.6974071;-0.65894884;-0.7185372;-0.21014152;-0.8296131;0.3394525;-0.2855424;-0.04793974
-0.051801596;0.0069844457;-0.011828917;5.536119e-05;4.1214516e-06;-0.0026368059;-0.0024199174;4.1190776e-07;-6.7180517e-06;-0.2607568;0.0036050444;-0.0225809;-0.27298522;-0.0064182435;-0.021616986;-0.00018150135;0.00069102703;-1.14496215e-05;-5.9951388e-05;-0.02295919;1.3547709e-05;0.4491997;0.11915462;-0.056102015;0.87226385;0.1051717;0.0565982;-0.08920062;6.1327883e-06;0.5351601;0.089875184;-0.09661787;0.874106;-0.10162736;0.08589391;-0.10111281;0.00015844559;5.9144804e-07;-2.5408226e-06;-0.66561633;-0.031531516;-0.10012766;0.8048513;-0.34686145;-0.1989411;0.15187585;0.00066152913;-3.5534613e-06;-0.40882713;-0.32934773;0.14600256;0.4994045;-0.6467966;0.023699086;0.5001302;-0.9790489;-0.0530889;0.2884118;0.46212992;0.317999;-0.49388844;0.2219908;0.00086147676;-0.026640274;-0.5370643;-0.13522317;0.012740501;-0.30402258;-0.49049303;-0.2985075;0.10073542;-0.56361604;-0.67090905;-0.5538456;-0.19222759;-0.99563295;-0.9387387;0.052270662;0.30412126;-0.071541734;0.53013754;0.19952327;0.21691144;-0.6765258;0.9139261;-0.62842464;-0.22720693;-0.73021877;-0.76913804;-0.72273874;-0.23341917;-0.8445319;0.26458886;-0.24192409;-0.06640616
-0.05219414;0.0072454917;-0.0114153195;6.845931e-05;8.733361e-06;-0.0024829288;-0.0025373276;5.229216e-07;-9.0461035e-06;-0.26501724;0.006192608;-0.03000981;-0.27749512;-0.0035179968;-0.025829013;-0.00019180092;0.00072539493;-1.5328638e-05;-6.19509e-05;-0.02368786;1.45055055e-05;0.44703692;0.11649596;-0.055568613;0.881837;0.103502594;0.061248668;-0.08644924;8.734569e-06;0.53397197;0.08845149;-0.09563532;0.870322;-0.09272686;0.089084044;-0.09611893;0.00016550893;1.1778393e-06;-5.619484e-06;-0.6630207;-0.024697999;-0.08275351;0.80157804;-0.28651458;-0.17596339;0.17348008;0.00070137734;-6.154063e-06;-0.4015809;-0.3318939;0.15012649;0.4860623;-0.62996954;0.041681197;0.44763932;-0.98003995;0.0018232667;0.2691082;0.4634242;0.342143;-0.5189913;0.2335987;0.02060392;-0.011138705;-0.56953937;-0.1276654;0.018738534;-0.28636694;-0.43956062;-0.27128106;0.1357916;-0.5379575;-0.6406017;-0.52079904;-0.17876504;-0.99562454;-0.94629854;0.10271249;0.30463657;-0.1336746;0.5435833;0.090120025;0.06978782;-0.686174;0.9395328;-0.5972511;-0.20041184;-0.76677257;-0.84373194;-0.7488131;-0.2744666;-0.86327595;0.19407777;-0.23089786;-0.104404256
-0.05216783;0.0077098915;-0.01071715;8.2301325e-05;1.3182202e-05;-0.0023376748;-0.0026896778;6.265458e-07;-1.1365992e-05;-0.27631328;0.01002905;-0.0291308;-0.28918588;0.00026134774;-0.01956829;-0.00019926195;0.00076911115;-1.9128784e-05;-6.726243e-05;-0.026089102;1.5732774e-05;0.4448171;0.11198782;-0.054927003;0.89176494;0.10465139;0.06571929;-0.08210494;1.13007845e-05;0.5337366;0.08832094;-0.09510871;0.86447865;-0.087605506;0.090712875;-0.0925637;0.00017522223;1.7584243e-06;-8.559073e-06;-0.6625539;-0.016382564;-0.06806539;0.8008502;-0.21675292;-0.16178073;0.19893272;0.00075038185;-8.84675e-06;-0.38710755;-0.33131948;0.15828028;0.4580732;-0.60279644;0.058140453;0.3930052;-0.98180073;0.04124469;0.25210407;0.4574142;0.357581;-0.5487104;0.2318904;0.026430696;-0.0027535746;-0.6106337;-0.12911233;0.021676851;-0.27003083;-0.3959699;-0.24660838;0.16680454;-0.51253945;-0.61015755;-0.48537633;-0.16127522;-0.9957955;-0.9552192;0.16574813;0.31826898;-0.20702809;0.55294865;-0.05080996;-0.109177805;-0.6954709;0.9571779;-0.5768752;-0.18646808;-0.80289525;-0.89483976;-0.78576034;-0.32546645;-0.8822084;0.1273292;-0.24546653;-0.15643814
-0.05193218;0.008338946;-0.009746983;9.5243624e-05;1.7445826e-05;-0.0021587843;-0.0028480696;7.0247586e-07;-1.374229e-05;-0.28967875;0.014501131;-0.02110216;-0.30313858;0.004319328;-0.0046751825;-0.00020741967;0.0008176514;-2.2997381e-05;-7.348053e-05;-0.029447379;1.6288031e-05;0.44187933;0.10641516;-0.053913455;0.89991164;0.10625634;0.07014082;-0.07530556;1.3950281e-05;0.53394836;0.089467585;-0.094603986;0.85766405;-0.08649373;0.09177529;-0.08975807;0.00018583843;2.3530229e-06;-1.1353302e-05;-0.6646646;-0.007258347;-0.054182455;0.79969215;-0.1495482;-0.15360577;0.22580256;0.0008019047;-1.1613534e-05;-0.3701012;-0.32866257;0.16926649;0.42144796;-0.5660688;0.07066333;0.34023094;-0.9841031;0.06777023;0.2404879;0.44698817;0.36679944;-0.5785725;0.22309698;0.01601358;-0.002200704;-0.65348333;-0.13698153;0.017376423;-0.25683776;-0.35857022;-0.22433333;0.19066957;-0.49442443;-0.58130085;-0.45528078;-0.14241897;-0.99611306;-0.96353483;0.22591093;0.33573207;-0.28083345;0.55741954;-0.19891877;-0.29123956;-0.70329326;0.9693086;-0.56207013;-0.17848587;-0.8342148;-0.92694795;-0.8204583;-0.3743783;-0.8989876;0.0727444;-0.27237487;-0.21067168
-0.05181372;0.0089204125;-0.008409086;0.00010454841;2.1193351e-05;-0.0019894533;-0.0029954866;7.607822e-07;-1.5934122e-05;-0.29928225;0.019218687;-0.009592691;-0.31340683;0.008372971;0.0134565225;-0.00021680119;0.00086656946;-2.647069e-05;-7.8873105e-05;-0.03296413;1.6215192e-05;0.43892822;0.101550356;-0.053098265;0.9056123;0.10624167;0.074824184;-0.06761218;1.6343678e-05;0.53471804;0.09084225;-0.09337907;0.85182977;-0.08969237;0.09406879;-0.08681613;0.00019627225;2.8362847e-06;-1.378225e-05;-0.6675622;0.001728257;-0.04093873;0.7968105;-0.09496217;-0.14852439;0.249322;0.0008518501;-1.3966404e-05;-0.3588013;-0.32351565;0.18127795;0.3863191;-0.52422136;0.076157905;0.29595828;-0.98642826;0.086277366;0.23482542;0.43702173;0.37428865;-0.60338026;0.21048099;-0.00961367;-0.006116809;-0.6894196;-0.15020548;0.0033399488;-0.24864715;-0.329839;-0.20863608;0.2042441;-0.4868809;-0.55608857;-0.43932602;-0.13009205;-0.9965038;-0.96980435;0.27091137;0.34905246;-0.34531894;0.5538605;-0.32796738;-0.44387382;-0.7094483;0.9768854;-0.5490075;-0.16954647;-0.8592257;-0.9451737;-0.846591;-0.4108872;-0.9127755;0.036642324;-0.29904115;-0.25409096
-0.051947482;0.009408223;-0.0068276315;0.000109601126;2.4183275e-05;-0.0018784631;-0.0031150125;8.131766e-07;-1.7718623e-05;-0.30378348;0.02324011;0.0007472576;-0.31851915;0.011769626;0.028926678;-0.00022696386;0.000910695;-2.9171642e-05;-8.21841e-05;-0.036040604;1.5844758e-05;0.43638575;0.09818028;-0.0527813;0.90901935;0.1051874;0.07917468;-0.06099097;1.8208942e-05;0.53610164;0.09193296;-0.09146246;0.84818083;-0.09521897;0.09752698;-0.083947256;0.00020560427;3.1631425e-06;-1.5694677e-05;-0.6693823;0.009702034;-0.028941866;0.79172146;-0.0557993;-0.14523181;0.2657417;0.0008963531;-1.5710626e-05;-0.35520226;-0.31597954;0.19151264;0.35825735;-0.48192182;0.07364983;0.26163304;-0.9884105;0.09754269;0.23327772;0.4301274;0.37940958;-0.6218525;0.1951186;-0.042225886;-0.013728786;-0.71297884;-0.16605847;-0.017088875;-0.24823178;-0.3163797;-0.20303671;0.20733379;-0.4886508;-0.53756255;-0.4406589;-0.12971592;-0.9968736;-0.97374207;0.29860735;0.35644135;-0.39588323;0.5405876;-0.42715895;-0.5539283;-0.7159167;0.9810698;-0.53975445;-0.157712;-0.87865245;-0.95483625;-0.86426646;-0.43171358;-0.9233493;0.01707344;-0.31959108;-0.2811717
-0.052362632;0.009838196;-0.0052480577;0.00011126697;2.648789e-05;-0.0018676899;-0.0032004279;8.71231e-07;-1.9094223e-05;-0.30445614;0.02545643;0.0065423744;-0.31967902;0.013695957;0.038051225;-0.0002369085;0.00094712677;-3.1059433e-05;-8.3007886e-05;-0.038261637;1.5506543e-05;0.4343921;0.09619011;-0.052922588;0.9104954;0.104509756;0.08208941;-0.05579873;1.9522937e-05;0.5382507;0.09304928;-0.0893402;0.8459572;-0.10067205;0.10154184;-0.08174922;0.00021355151;3.3736214e-06;-1.7149752e-05;-0.6685964;0.015384827;-0.018925058;0.783628;-0.02981379;-0.14388005;0.27447814;0.00093378895;-1.6990554e-05;-0.35512424;-0.30670372;0.1980451;0.33630693;-0.4408165;0.06485266;0.2356904;-0.98994297;0.10180319;0.23356771;0.42694727;0.37912694;-0.6359739;0.17840193;-0.07114231;-0.026216716;-0.72378933;-0.18160479;-0.038262364;-0.25671816;-0.31673086;-0.20806257;0.20112574;-0.49636856;-0.52457464;-0.45668364;-0.14212774;-0.99712574;-0.9754478;0.3114955;0.3591744;-0.43391305;0.5171512;-0.5003932;-0.62634414;-0.7243143;0.98303574;-0.53683835;-0.14303795;-0.8938281;-0.95991224;-0.8760614;-0.43903753;-0.9309342;0.0064244494;-0.3347069;-0.29462242
-0.053123146;0.010236837;-0.0039202967;0.000109841814;2.8157898e-05;-0.0019650662;-0.003251998;9.417896e-07;-2.0090221e-05;-0.30217317;0.02521376;0.0032233722;-0.317791;0.013928909;0.036394726;-0.00024737467;0.0009780764;-3.205845e-05;-8.146742e-05;-0.039043345;1.5184985e-05;0.4331753;0.095291205;-0.05330466;0.9107921;0.10525753;0.08302208;-0.05153319;2.0260239e-05;0.54146045;0.094626434;-0.08747363;0.84401476;-0.104186885;0.10587797;-0.080576435;0.0002206298;3.4653858e-06;-1.816584e-05;-0.66506815;0.01817003;-0.011432572;0.7725393;-0.014514469;-0.14368494;0.2765875;0.0009660671;-1.7837388e-05;-0.35439855;-0.2965389;0.20014915;0.3176632;-0.39992025;0.053606305;0.21637025;-0.991155;0.09906288;0.23369612;0.42663124;0.37148187;-0.6492054;0.1609413;-0.091677636;-0.04547875;-0.7235303;-0.19629662;-0.05793092;-0.27422288;-0.3254531;-0.22315025;0.18561372;-0.5087098;-0.5139166;-0.4828955;-0.16488475;-0.99722713;-0.9751579;0.31230554;0.3581649;-0.46310294;0.4815363;-0.55620885;-0.67193305;-0.73552907;0.9835591;-0.54375434;-0.12904179;-0.9061026;-0.96250904;-0.8851226;-0.43825245;-0.936327;-0.0007081775;-0.34948826;-0.30219683
-0.05418216;0.010790207;-0.0030600978;0.00010401069;2.868654e-05;-0.0020900345;-0.0032601615;1.0036453e-06;-2.0504274e-05;-0.296791;0.022602053;-0.014211476;-0.31284544;0.013032501;0.018654749;-0.00026197502;0.0010073336;-3.1690084e-05;-7.7683384e-05;-0.037946366;1.4081823e-05;0.43309337;0.09496639;-0.053516105;0.9109983;0.107241355;0.082860865;-0.048467208;2.0147141e-05;0.54603225;0.09655513;-0.08619209;0.84328526;-0.10370968;0.10994136;-0.08057164;0.00022687911;3.330446e-06;-1.8351857e-05;-0.6620931;0.020069664;-0.006028068;0.7606633;-0.009832883;-0.1424746;0.2729597;0.0009939873;-1.779839e-05;-0.3542203;-0.28723595;0.19695535;0.3042216;-0.36056423;0.044596374;0.2038083;-0.9922695;0.086563475;0.23264135;0.4271767;0.354494;-0.66393334;0.13995372;-0.10837591;-0.07568849;-0.7139815;-0.21315075;-0.080753885;-0.30323136;-0.3471561;-0.24824713;0.16106723;-0.5287728;-0.5092273;-0.51522356;-0.18916008;-0.9972782;-0.97354645;0.3016161;0.35311717;-0.48141107;0.42812288;-0.59713525;-0.699073;-0.7497946;0.9826822;-0.5690128;-0.12661241;-0.916111;-0.9621022;-0.893809;-0.43488765;-0.9407068;0.0026398685;-0.3679805;-0.30828038
-0.05534007;0.011632851;-0.0027165806;9.329221e-05;2.7847069e-05;-0.0022079456;-0.0032161225;1.0385198e-06;-2.016771e-05;-0.28858623;0.019091764;-0.044159405;-0.3051081;0.012255749;-0.013762459;-0.00027983208;0.0010322665;-2.9915274e-05;-7.206344e-05;-0.034765124;1.201003e-05;0.43465686;0.09498568;-0.05355407;0.9115302;0.109056935;0.08162402;-0.047894385;1.9172337e-05;0.55219877;0.09836481;-0.085625775;0.845342;-0.09768921;0.1128362;-0.081748486;0.00023141451;2.9536968e-06;-1.7548562e-05;-0.6605276;0.022739;-0.003550434;0.74952954;-0.013243674;-0.140857;0.26540053;0.0010143957;-1.6718346e-05;-0.35641438;-0.2803272;0.18674202;0.3007181;-0.32435495;0.03816009;0.19740088;-0.9932632;0.06525072;0.22898063;0.4264579;0.32668924;-0.67988145;0.11263906;-0.123363055;-0.11714517;-0.6953831;-0.23382053;-0.10720055;-0.34272736;-0.38602728;-0.28080776;0.13037513;-0.55568063;-0.5154873;-0.54854125;-0.20501742;-0.99735975;-0.9707847;0.27600953;0.3428073;-0.48343468;0.35095572;-0.62136596;-0.711228;-0.76372516;0.9798243;-0.61045593;-0.14107338;-0.9230969;-0.9571751;-0.90135604;-0.42903835;-0.9439148;0.025012622;-0.38582736;-0.30962974
-0.056459732;0.01267478;-0.0027752854;7.9763704e-05;2.6136346e-05;-0.0023428064;-0.0031143373;1.0526484e-06;-1.9192456e-05;-0.27855673;0.016602203;-0.079949155;-0.2954497;0.012844944;-0.05372534;-0.0002963722;0.0010450876;-2.7459639e-05;-6.478684e-05;-0.029550558;9.814041e-06;0.4380935;0.0953129;-0.05373997;0.9122488;0.10975691;0.07791825;-0.050576396;1.778746e-05;0.55948544;0.099685;-0.085686;0.85027593;-0.087417565;0.113778375;-0.08418233;0.00023301781;2.493347e-06;-1.615187e-05;-0.6579108;0.026204927;-0.0051107043;0.7389932;-0.016168121;-0.14158101;0.25641295;0.0010223468;-1.5125901e-05;-0.35995296;-0.2758733;0.16868512;0.30772418;-0.2905235;0.032603204;0.19033802;-0.9939998;0.041058607;0.22160791;0.4233354;0.29137987;-0.69579244;0.08413655;-0.13052322;-0.16203912;-0.6691859;-0.2527671;-0.1298672;-0.38452166;-0.43527558;-0.31270272;0.09774857;-0.5825448;-0.53152394;-0.5758578;-0.20948124;-0.99746126;-0.9660018;0.23515518;0.3278105;-0.46822962;0.25220168;-0.6310823;-0.71146834;-0.77242213;0.9744354;-0.6553393;-0.16770527;-0.9260102;-0.94689345;-0.90583205;-0.41876525;-0.94482124;0.062339455;-0.39621228;-0.30321366
-0.057533126;0.013759911;-0.0030291304;6.5662665e-05;2.395449e-05;-0.0024807157;-0.0029472746;1.0572113e-06;-1.7752245e-05;-0.26851022;0.016070563;-0.11441848;-0.2856748;0.01519579;-0.09322184;-0.00030932474;0.0010390588;-2.4830399e-05;-5.5600707e-05;-0.023036754;8.18542e-06;0.44294292;0.09557242;-0.05424256;0.9132579;0.109743975;0.071056895;-0.05561552;1.628713e-05;0.56668526;0.100470245;-0.086127765;0.8569598;-0.076955125;0.1126918;-0.08783972;0.00023052943;2.0653388e-06;-1.44934165e-05;-0.65334594;0.030089542;-0.010216573;0.7294111;-0.010225014;-0.14589293;0.24747987;0.0010134301;-1.3454293e-05;-0.3633864;-0.2730739;0.14508104;0.31886482;-0.25941938;0.028336288;0.17541227;-0.9944715;0.01992011;0.21238181;0.41786134;0.2561941;-0.7102164;0.06519015;-0.123704575;-0.20106536;-0.6389789;-0.26250353;-0.14221224;-0.42025575;-0.4835313;-0.33558017;0.06672153;-0.60419124;-0.5532592;-0.5932366;-0.20603819;-0.9975663;-0.95799637;0.18499328;0.31060505;-0.43875113;0.14218749;-0.6327863;-0.70449173;-0.7733097;0.9661716;-0.69513476;-0.19927469;-0.9244289;-0.9308411;-0.90696484;-0.40412146;-0.94262755;0.10464384;-0.39708725;-0.2909909
-0.05854959;0.014748077;-0.003229104;5.2035204e-05;2.139996e-05;-0.0025756895;-0.0027105901;1.0571799e-06;-1.5952392e-05;-0.26140246;0.017738003;-0.1409249;-0.27881435;0.019162724;-0.12467934;-0.00031893887;0.0010109758;-2.2072112e-05;-4.4360535e-05;-0.01630972;7.2491566e-06;0.4482561;0.09533652;-0.055105522;0.9147485;0.11009212;0.061774395;-0.061363664;1.4672274e-05;0.5725777;0.10091642;-0.08663978;0.8640741;-0.070206024;0.10995944;-0.092471056;0.00022318875;1.6785343e-06;-1.2670687e-05;-0.6481167;0.034291096;-0.017082637;0.7214608;0.0072876406;-0.15293668;0.23773873;0.0009850903;-1.1785945e-05;-0.36602467;-0.27060446;0.12026524;0.32503006;-0.23276716;0.025999922;0.15179914;-0.9947439;0.0048474586;0.20514984;0.410658;0.22821471;-0.7209474;0.06377623;-0.10169299;-0.22931132;-0.607744;-0.25938177;-0.14222308;-0.4460698;-0.5217917;-0.3453489;0.03972231;-0.61963564;-0.5772227;-0.6007847;-0.19993283;-0.9976667;-0.945899;0.13348453;0.293618;-0.39900878;0.032352086;-0.63270444;-0.69431984;-0.7662455;0.9545307;-0.72774005;-0.22981109;-0.9183665;-0.9081334;-0.9058135;-0.3866757;-0.9369178;0.14535795;-0.3905265;-0.27688342
-0.059414197;0.015528153;-0.0030997514;3.8884114e-05;1.8452381e-05;-0.00259057;-0.0024097685;1.054682e-06;-1.3835102e-05;-0.26048085;0.02206444;-0.15286916;-0.2781307;0.024781227;-0.14071262;-0.00032641427;0.0009611547;-1.9030675e-05;-3.127568e-05;-0.0103068855;6.8174813e-06;0.4531384;0.09449754;-0.056444414;0.9166254;0.11150251;0.051610216;-0.06666151;1.282517e-05;0.5766199;0.10122783;-0.08686959;0.8708408;-0.069073655;0.10601466;-0.097731195;0.0002109092;1.2806486e-06;-1.0677497e-05;-0.64413273;0.039340224;-0.023060942;0.71500117;0.033912998;-0.16077515;0.2248243;0.00093743065;-1.0001968e-05;-0.36784858;-0.26686913;0.09840344;0.31980717;-0.20995916;0.024043567;0.12516473;-0.9948863;-0.004874854;0.20347072;0.4027066;0.21091151;-0.7254752;0.08089586;-0.067005195;-0.24644059;-0.57685214;-0.24420412;-0.13202235;-0.46203077;-0.54678965;-0.3419188;0.017521694;-0.6301278;-0.6017624;-0.5996168;-0.19509383;-0.9977513;-0.9295892;0.08671905;0.27867615;-0.35242862;-0.06961017;-0.6338415;-0.6828052;-0.7524351;0.93864435;-0.75430775;-0.2559252;-0.908092;-0.8770132;-0.9039195;-0.36854082;-0.9276032;0.1817087;-0.38095722;-0.26340085
-0.05996704;0.01604978;-0.0023799392;2.5954912e-05;1.5151862e-05;-0.0025170136;-0.0020597065;1.0539762e-06;-1.144837e-05;-0.268123;0.029790454;-0.14388025;-0.2859233;0.03230013;-0.13435252;-0.00033280114;0.0008925503;-1.5623227e-05;-1.6805789e-05;-0.0057606497;6.6694847e-06;0.456931;0.09310895;-0.058442768;0.9185054;0.114003316;0.04218557;-0.071109295;1.0679272e-05;0.57905424;0.101564415;-0.086524196;0.877175;-0.0733856;0.10123327;-0.10330084;0.0001943353;8.2425686e-07;-8.538482e-06;-0.64277875;0.046199653;-0.025312413;0.7087194;0.06464339;-0.16757412;0.20688355;0.00087316125;-7.995346e-06;-0.36905816;-0.26056865;0.08231143;0.30117935;-0.18665804;0.019292817;0.10387093;-0.99496216;-0.013165813;0.20932683;0.3950439;0.20419626;-0.7218573;0.11177917;-0.023982042;-0.25489342;-0.5460765;-0.22072116;-0.116049595;-0.47066313;-0.56079674;-0.32753983;-0.0007647595;-0.63755107;-0.62710917;-0.58997357;-0.193202;-0.99781036;-0.9097131;0.04777927;0.26712382;-0.30076084;-0.16039965;-0.6362588;-0.6704539;-0.7337573;0.91750205;-0.7770495;-0.27678266;-0.8942582;-0.8355535;-0.9028764;-0.35131088;-0.9151737;0.21135908;-0.3740137;-0.25119674
-0.06006842;0.016335446;-0.0009142157;1.3421406e-05;1.1687807e-05;-0.0023739547;-0.0016803525;1.0618063e-06;-8.905212e-06;-0.2848792;0.041300975;-0.109714866;-0.30263197;0.04175162;-0.1009712;-0.0003384043;0.0008101701;-1.1979311e-05;-1.5278993e-06;-0.0031681699;6.7056026e-06;0.45917013;0.09114021;-0.061192196;0.9199091;0.11726559;0.034651898;-0.07475167;8.3086925e-06;0.58052677;0.102079384;-0.08547781;0.88324076;-0.08170785;0.09598437;-0.10892629;0.0001747791;3.1247328e-07;-6.3749903e-06;-0.6446323;0.055797603;-0.02191822;0.700886;0.09397997;-0.17228733;0.1833785;0.0007972036;-5.816517e-06;-0.36992252;-0.25110492;0.0730877;0.27109677;-0.15796624;0.009050713;0.09418811;-0.9950293;-0.025215691;0.22246164;0.38840163;0.20546125;-0.7094333;0.14912683;0.022041185;-0.25823858;-0.5141688;-0.19350176;-0.09872366;-0.47546792;-0.5692523;-0.30530974;-0.016780395;-0.6435577;-0.6542483;-0.5714217;-0.19370764;-0.99784595;-0.8873052;0.017588768;0.25959706;-0.24452825;-0.23900832;-0.6391175;-0.65816087;-0.7125079;0.8907219;-0.7979638;-0.2934365;-0.87803197;-0.7835097;-0.9038761;-0.33580384;-0.9008312;0.23136926;-0.37463465;-0.24065654
-0.05971159;0.01642481;0.001205914;2.0023435e-06;8.384377e-06;-0.0022021604;-0.0013019396;1.0839696e-06;-6.413604e-06;-0.30844167;0.055725094;-0.05185505;-0.32592103;0.052366074;-0.042091433;-0.00034243704;0.00072205695;-8.4414205e-06;1.3589795e-05;-0.002525637;6.982693e-06;0.45971572;0.08858083;-0.06448302;0.9203319;0.12068532;0.029212125;-0.077529825;5.93024e-06;0.5815261;0.10281795;-0.083778776;0.8886065;-0.09229818;0.09083473;-0.11428246;0.00015437312;-1.9776053e-07;-4.3877517e-06;-0.6497106;0.06846566;-0.013097349;0.6907072;0.117134005;-0.17488888;0.1548265;0.0007173447;-3.6868732e-06;-0.3707734;-0.2384389;0.07033423;0.23482831;-0.123583086;-0.0071006296;0.09668907;-0.9951227;-0.04457194;0.24015856;0.3831564;0.21018787;-0.6895786;0.18537125;0.065471865;-0.25907823;-0.48138386;-0.16566949;-0.08248701;-0.47881106;-0.57788396;-0.27820903;-0.031459093;-0.6485926;-0.6827729;-0.5444468;-0.19425899;-0.99787635;-0.8639123;-0.0032339268;0.25618848;-0.18581717;-0.30401665;-0.6421018;-0.6475677;-0.6911654;0.86022377;-0.8175347;-0.30728525;-0.8609327;-0.7250078;-0.90698457;-0.32275996;-0.88607657;0.24055365;-0.3840502;-0.23300947
-0.059052475;0.016313018;0.0035754975;-7.1396353e-06;5.6513236e-06;-0.0020520485;-0.00097018183;1.1195799e-06;-4.2753018e-06;-0.3338658;0.07064767;0.020103958;-0.35092962;0.062417943;0.03201556;-0.0003431427;0.0006396233;-5.4934644e-06;2.6865462e-05;-0.0030939549;7.614901e-06;0.4588508;0.085638985;-0.06771218;0.9192459;0.12313683;0.025195636;-0.07886592;3.8661383e-06;0.5819959;0.10360972;-0.08161594;0.8918993;-0.103518985;0.086614415;-0.118836015;0.00013596169;-6.105547e-07;-2.8165814e-06;-0.65757245;0.08344663;-0.001694054;0.67917037;0.13108839;-0.1764088;0.12260722;0.0006441249;-1.937151e-06;-0.3716634;-0.22296698;0.072572485;0.19978075;-0.08965017;-0.026710477;0.10542785;-0.995232;-0.07055058;0.25785533;0.3794074;0.21325521;-0.6663733;0.21429372;0.10190506;-0.25740072;-0.45214474;-0.13812873;-0.067380086;-0.48044842;-0.5895268;-0.24896793;-0.043763906;-0.6512912;-0.70959044;-0.5118141;-0.19167344;-0.9979244;-0.84242177;-0.0134513;0.25711435;-0.13083725;-0.3526959;-0.6452318;-0.6396013;-0.6717954;0.8318279;-0.8341346;-0.3179564;-0.8443671;-0.6698431;-0.91086125;-0.31334487;-0.87199086;0.24143371;-0.39812306;-0.2297951
-0.058285963;0.01598104;0.005693157;-1.3003708e-05;3.812078e-06;-0.001957929;-0.00072570605;1.1600129e-06;-2.7413698e-06;-0.35633716;0.083487555;0.09251317;-0.3729194;0.07028597;0.1067164;-0.0003390728;0.0005732809;-3.489724e-06;3.658929e-05;-0.0037859643;8.6226355e-06;0.45705143;0.08262474;-0.070206836;0.91638714;0.12348321;0.02211347;-0.078005224;2.372064e-06;0.5815609;0.10421069;-0.07927997;0.8918831;-0.11389923;0.083963074;-0.12205638;0.00012191849;-8.477364e-07;-1.841865e-06;-0.6672739;0.099126175;0.008489161;0.66820663;0.13538092;-0.1783505;0.088880114;0.0005866276;-8.0716563e-07;-0.3725219;-0.20567371;0.07778474;0.17271417;-0.0633721;-0.046204396;0.11145337;-0.99531615;-0.0989779;0.27133796;0.3768722;0.21193455;-0.64547706;0.23393567;0.12981623;-0.25182173;-0.43257168;-0.11123819;-0.053070717;-0.47882205;-0.60204905;-0.22045234;-0.051858105;-0.64963925;-0.7307633;-0.47747537;-0.18459108;-0.99799436;-0.82639897;-0.012935571;0.26246798;-0.08724227;-0.3835771;-0.64815855;-0.6336234;-0.6551951;0.81271195;-0.84554535;-0.32319632;-0.82923114;-0.62899554;-0.9138297;-0.30842203;-0.85912496;0.23773676;-0.4103607;-0.23147266
-0.057529114;0.015454985;0.007265031;-1.5647849e-05;2.8942304e-06;-0.001920838;-0.00057850365;1.1950711e-06;-1.8354112e-06;-0.37346604;0.093082935;0.15549336;-0.3895026;0.07551897;0.17148824;-0.00033036587;0.00052707386;-2.3718749e-06;4.2110092e-05;-0.00396865;9.8977835e-06;0.45470718;0.079771996;-0.07169417;0.91201556;0.12165729;0.02028949;-0.07472418;1.4362449e-06;0.5800464;0.10449985;-0.077069156;0.88847804;-0.122434914;0.08290814;-0.12379256;0.00011294327;-9.176656e-07;-1.4648103e-06;-0.67789596;0.113999374;0.015060749;0.6593003;0.13162494;-0.18141973;0.056146707;0.00054785796;-2.4418114e-07;-0.37399647;-0.18774112;0.08406465;0.15744384;-0.04701766;-0.06299779;0.10883596;-0.995343;-0.12519902;0.2788529;0.37495294;0.20749524;-0.6312055;0.24755716;0.15030892;-0.24179596;-0.425809;-0.0858186;-0.040564857;-0.47325474;-0.6101043;-0.19527046;-0.0556008;-0.6427208;-0.7441621;-0.4443095;-0.17528829;-0.9980688;-0.8175631;-0.004102504;0.27147165;-0.058637947;-0.3989197;-0.6501116;-0.62838846;-0.64079607;0.8054952;-0.8507993;-0.32110688;-0.8157809;-0.6074593;-0.9150233;-0.30766577;-0.8478243;0.2312152;-0.41659838;-0.23708384
-0.05683069;0.014796916;0.008248688;-1.615833e-05;2.6498456e-06;-0.0019192518;-0.00051164767;1.2184408e-06;-1.3872486e-06;-0.38476673;0.099582404;0.20543249;-0.40018463;0.07856236;0.2225684;-0.00031808685;0.0004983273;-1.7618295e-06;4.385595e-05;-0.0037003208;1.1298474e-05;0.45206803;0.07723297;-0.07233353;0.9066931;0.11879994;0.02032173;-0.06941447;8.222851e-07;0.5775776;0.10449243;-0.07519762;0.8824415;-0.12885475;0.08307073;-0.124344364;0.00010816685;-9.0412505e-07;-1.5192782e-06;-0.689143;0.12725307;0.017393736;0.6534075;0.12229354;-0.1848698;0.026507951;0.0005248857;2.20316e-08;-0.37744683;-0.16973147;0.08987708;0.15489438;-0.0385222;-0.07525346;0.097697675;-0.9953032;-0.1457654;0.28076705;0.37308973;0.20328635;-0.62473613;0.26002616;0.16512144;-0.22766489;-0.4316304;-0.062053766;-0.031230576;-0.46417883;-0.60932374;-0.17459236;-0.056525692;-0.6308706;-0.74982977;-0.41347596;-0.16767088;-0.99812514;-0.8147771;0.009549;0.28297454;-0.043182746;-0.40349218;-0.64998585;-0.62254757;-0.6274193;0.8068162;-0.8502716;-0.31189302;-0.8036034;-0.6029695;-0.9143071;-0.30991808;-0.83811575;0.22220416;-0.4163892;-0.24538626
-0.056211445;0.014067106;0.008728241;-1.5862519e-05;2.7501083e-06;-0.0019306598;-0.00050008536;1.2291019e-06;-1.1778902e-06;-0.3904561;0.10357768;0.24203223;-0.4051889;0.08008759;0.25971097;-0.00030304774;0.00048114156;-1.2495439e-06;4.2666372e-05;-0.0033347777;1.27354615e-05;0.449351;0.075093575;-0.07245504;0.90100354;0.116506584;0.022531182;-0.062757574;2.6082853e-07;0.57439953;0.10425;-0.073775165;0.8747765;-0.1334736;0.08404032;-0.124239326;0.00010606073;-9.0267713e-07;-1.7915445e-06;-0.7010322;0.13856016;0.015837584;0.6512544;0.10984702;-0.18708576;0.0012445218;0.0005122098;2.705783e-07;-0.38413474;-0.15143685;0.09403695;0.16400371;-0.035173323;-0.080860354;0.08289159;-0.995201;-0.15875216;0.27804235;0.370945;0.20221856;-0.6246323;0.27418464;0.17547952;-0.20980829;-0.4482097;-0.039279215;-0.025653927;-0.4522905;-0.59848446;-0.1579465;-0.05610643;-0.61490303;-0.7490395;-0.38512644;-0.16456275;-0.9981484;-0.81540465;0.025100145;0.29636985;-0.036037266;-0.40201563;-0.6465376;-0.6144126;-0.61398435;0.8109535;-0.8451284;-0.29812807;-0.79184496;-0.6096398;-0.9118651;-0.31418446;-0.82959795;0.21092555;-0.4120875;-0.25578433
-0.055679157;0.013311238;0.008822859;-1.5713158e-05;2.9330258e-06;-0.0019418274;-0.00052191527;1.2298825e-06;-1.033186e-06;-0.39102677;0.10564462;0.26593074;-0.40501562;0.080681466;0.2836083;-0.000285676;0.00046978038;-5.621696e-07;3.934058e-05;-0.0031493201;1.4176658e-05;0.44683644;0.07338904;-0.07238673;0.8954734;0.11612219;0.026844146;-0.055531267;-4.2722968e-07;0.5707577;0.10381099;-0.07281705;0.8665466;-0.1369433;0.085514024;-0.12401116;0.00010519911;-9.758078e-07;-2.1123124e-06;-0.7133013;0.14775649;0.011239503;0.65312;0.09639129;-0.18659689;-0.018861819;0.0005047283;6.7063957e-07;-0.39471534;-0.13231106;0.09567696;0.18282774;-0.035668656;-0.077675186;0.071092814;-0.9950457;-0.16357237;0.27145422;0.36842096;0.20567685;-0.6283365;0.2901674;0.18212514;-0.1883618;-0.4731887;-0.016867593;-0.023583014;-0.4379681;-0.57901245;-0.14397626;-0.05487381;-0.5955762;-0.7434454;-0.35917887;-0.16690607;-0.99813265;-0.81685954;0.040497817;0.31166306;-0.032006036;-0.39783943;-0.6387837;-0.60215914;-0.5999931;0.813144;-0.83715373;-0.2840538;-0.77969813;-0.62142575;-0.90808606;-0.32002634;-0.82171786;0.19745354;-0.40747368;-0.26819018
-0.055232596;0.012566996;0.008658754;-1.6099191e-05;3.04071e-06;-0.001946727;-0.00056071073;1.2246531e-06;-8.519273e-07;-0.38718817;0.106248654;0.27841157;-0.40038428;0.08074918;0.29558393;-0.00026654228;0.00046037318;4.0774466e-07;3.454425e-05;-0.003263417;1.5593982e-05;0.44483653;0.07212471;-0.07240304;0.89053786;0.11841133;0.032874323;-0.04849441;-1.3065292e-06;0.56686074;0.10317331;-0.072245255;0.8587761;-0.14010671;0.087291785;-0.12406268;0.00010459737;-1.143082e-06;-2.378947e-06;-0.72531587;0.15477768;0.00476551;0.6586148;0.083668135;-0.1829035;-0.03306284;0.0004990406;1.2682867e-06;-0.40919492;-0.111909725;0.09427176;0.20951197;-0.040164378;-0.06465479;0.0680679;-0.9948452;-0.16071038;0.26162285;0.36564976;0.21339405;-0.63325155;0.30637825;0.18559775;-0.1634978;-0.50402176;0.005260575;-0.024113853;-0.42117465;-0.5537219;-0.13104178;-0.05255412;-0.5734505;-0.7346154;-0.3356318;-0.17416885;-0.9980784;-0.8172142;0.05454248;0.32903093;-0.027008498;-0.39258993;-0.6261652;-0.5842849;-0.5857281;0.8107409;-0.82859176;-0.27419236;-0.7667689;-0.6341008;-0.9035084;-0.32714012;-0.81408614;0.18137273;-0.4061145;-0.28219196
-0.05486319;0.011869135;0.008362728;-1.6921433e-05;2.999761e-06;-0.0019410409;-0.00060475525;1.2155755e-06;-6.0094317e-07;-0.3797817;0.105752885;0.28159502;-0.39216262;0.08049973;0.29782325;-0.00024674836;0.00045116225;1.6348786e-06;2.8864983e-05;-0.0037038822;1.6907998e-05;0.4435747;0.07129211;-0.072700664;0.8864757;0.12344267;0.04006565;-0.04225165;-2.3467874e-06;0.5628754;0.10230273;-0.07189642;0.8522031;-0.14375691;0.08924044;-0.124580964;0.000103734674;-1.3902027e-06;-2.5392364e-06;-0.73632634;0.15971321;-0.0022806195;0.6667939;0.073114455;-0.17671627;-0.040703047;0.00049344136;2.0196894e-06;-0.42706466;-0.09019867;0.08974441;0.24243589;-0.04954089;-0.04271591;0.076719366;-0.9946016;-0.15139529;0.24925184;0.36298454;0.22388244;-0.63723594;0.32066417;0.18640041;-0.13588737;-0.5380954;0.026625814;-0.025862925;-0.40176526;-0.5256169;-0.117528275;-0.048487153;-0.54904556;-0.72383463;-0.3146061;-0.18490526;-0.9979897;-0.8152031;0.06696853;0.34835666;-0.018611077;-0.38630497;-0.6083947;-0.559934;-0.57207847;0.803067;-0.82164675;-0.27189595;-0.7531516;-0.6457826;-0.89868635;-0.33494562;-0.8065965;0.16203773;-0.40992057;-0.2965985
-0.054557912;0.011244914;0.008053598;-1.7840299e-05;2.7756032e-06;-0.0019206333;-0.0006463849;1.2019467e-06;-2.9311195e-07;-0.36969125;0.10445545;0.27832553;-0.3812811;0.07999615;0.2932917;-0.00022774076;0.00044187513;3.0273222e-06;2.283133e-05;-0.004475019;1.7980929e-05;0.44309005;0.07089927;-0.073383056;0.8833575;0.13061875;0.04781495;-0.0371718;-3.469264e-06;0.55893373;0.10115806;-0.071559474;0.8470539;-0.14832792;0.0912694;-0.12553467;0.0001024158;-1.6874037e-06;-2.5599584e-06;-0.7457376;0.16281562;-0.008702273;0.67648447;0.06577761;-0.16955253;-0.041624542;0.0004873114;2.847024e-06;-0.4474995;-0.0676664;0.08255769;0.2797735;-0.06464121;-0.01472323;0.09650233;-0.9943092;-0.13703357;0.23530038;0.36100006;0.23524442;-0.63887405;0.33120084;0.18502404;-0.1068358;-0.5730233;0.046497088;-0.027294505;-0.3799057;-0.4968813;-0.10212678;-0.042003926;-0.52312577;-0.7120195;-0.29626113;-0.1970985;-0.99787277;-0.8101366;0.07822568;0.36892226;-0.0059742606;-0.3782063;-0.58536863;-0.52915555;-0.56012213;0.7907839;-0.8178743;-0.27862793;-0.7392752;-0.65622497;-0.8940825;-0.34272346;-0.7993713;0.13935807;-0.4186377;-0.30989572
-0.054304704;0.010705536;0.007827845;-1.856836e-05;2.3277826e-06;-0.0018852443;-0.00068200694;1.1813187e-06;3.9966835e-08;-0.35777125;0.10263253;0.27182555;-0.36865255;0.07923172;0.28538477;-0.00021064238;0.00043281974;4.5056804e-06;1.6838298e-05;-0.005594299;1.8669238e-05;0.4432318;0.071000226;-0.07447172;0.88104415;0.13890076;0.055559304;-0.033401743;-4.6039495e-06;0.55513114;0.0997287;-0.071038276;0.84307295;-0.15378208;0.09333801;-0.12675828;0.00010060834;-2.0080915e-06;-2.3984321e-06;-0.7532683;0.16443993;-0.013648655;0.68663406;0.062112376;-0.16307895;-0.036343373;0.00048049004;3.6959827e-06;-0.46956697;-0.0451753;0.07362148;0.31932473;-0.08571366;0.015361853;0.12439523;-0.99396175;-0.11860096;0.22099775;0.3604521;0.24594274;-0.6376156;0.3369939;0.18192132;-0.07788719;-0.60701996;0.06439461;-0.02712162;-0.356246;-0.46837005;-0.08407469;-0.03264415;-0.49679124;-0.6996522;-0.28056008;-0.20834865;-0.997735;-0.80185544;0.08897364;0.38947457;0.010593634;-0.36776802;-0.55730635;-0.49303764;-0.55065393;0.77514136;-0.81786853;-0.2940803;-0.725628;-0.6657428;-0.8900334;-0.34997767;-0.7926094;0.11430882;-0.4303974;-0.32105896
-0.054098636;0.010242886;0.007747045;-1.8988154e-05;1.6051927e-06;-0.0018420909;-0.0007119374;1.1515896e-06;3.659443e-07;-0.34471565;0.1005706;0.26524973;-0.3550163;0.07820045;0.27745807;-0.00019568592;0.0004242551;6.0322927e-06;1.1069396e-05;-0.0070827906;1.8898103e-05;0.44373807;0.0716865;-0.07593444;0.87925583;0.14715879;0.06284542;-0.03092815;-5.7141733e-06;0.5515127;0.098053604;-0.070204675;0.8397828;-0.15974721;0.09546107;-0.12805681;9.835279e-05;-2.3348257e-06;-2.005996e-06;-0.75894904;0.16494913;-0.016751904;0.6965378;0.061908375;-0.15864363;-0.0258489;0.00047295872;4.5499182e-06;-0.49235967;-0.023682807;0.06399548;0.35895917;-0.11218542;0.043654338;0.15663365;-0.9935536;-0.09653579;0.20764688;0.36215612;0.25516334;-0.63367677;0.33804092;0.1775772;-0.05026686;-0.63897204;0.080449514;-0.024468312;-0.3317561;-0.43986288;-0.06320109;-0.020156793;-0.47122133;-0.6867951;-0.26704717;-0.21615064;-0.99758446;-0.79063505;0.09968685;0.40865606;0.030207386;-0.35525408;-0.52487534;-0.45346248;-0.54391813;0.7574789;-0.8213206;-0.31668618;-0.71256566;-0.6746351;-0.8867389;-0.3565455;-0.7864636;0.08861814;-0.44277844;-0.32992527
-0.053946078;0.009833535;0.007836796;-1.9032857e-05;5.927577e-07;-0.0018038275;-0.00073910365;1.1121793e-06;6.5221684e-07;-0.33089507;0.09858636;0.2612976;-0.34075367;0.07694801;0.2724178;-0.00018226229;0.0004162745;7.5676944e-06;5.5278997e-06;-0.008913072;1.869817e-05;0.4443495;0.07304041;-0.07771268;0.8776927;0.1544717;0.06936546;-0.029642425;-6.7707297e-06;0.5480705;0.096196845;-0.06900834;0.83676314;-0.16572468;0.09766372;-0.12926559;9.575162e-05;-2.6495982e-06;-1.3645767e-06;-0.7629831;0.16465074;-0.018083353;0.70584697;0.0645522;-0.15713492;-0.011293557;0.00046482368;5.391834e-06;-0.5150409;-0.0040285345;0.054592673;0.39719364;-0.14281222;0.067216985;0.19000125;-0.9930806;-0.07123829;0.19631673;0.36680332;0.26277688;-0.62769836;0.3352606;0.17267539;-0.024639498;-0.66811764;0.09530992;-0.018731471;-0.30741253;-0.41083622;-0.039791953;-0.0044216504;-0.4472713;-0.6732389;-0.25487357;-0.21841781;-0.9974293;-0.77703;0.11053258;0.42541662;0.051777825;-0.34144613;-0.48909122;-0.4125367;-0.53970253;0.73926127;-0.8272736;-0.3441298;-0.7003656;-0.6831738;-0.8842414;-0.36243555;-0.78104895;0.06404195;-0.45371345;-0.33695737
-0.053865034;0.009443831;0.008095558;-1.8528197e-05;-6.418559e-07;-0.0017809137;-0.0007666885;1.0636358e-06;8.589923e-07;-0.31633216;0.09702593;0.26199326;-0.32585338;0.075589575;0.27249017;-0.00016952373;0.00040899857;9.017705e-06;1.6878221e-07;-0.010955259;1.8174302e-05;0.44489688;0.07509384;-0.07974031;0.8761555;0.16025783;0.074949205;-0.029410105;-7.715935e-06;0.5447605;0.09420271;-0.06745322;0.8338176;-0.17121002;0.09990032;-0.13026455;9.297349e-05;-2.9236544e-06;-5.218317e-07;-0.76558614;0.16380368;-0.017961962;0.7143767;0.06947688;-0.1589794;0.00619136;0.00045637047;6.164686e-06;-0.5368992;0.013179606;0.046095155;0.4333638;-0.17609292;0.084417;0.22218892;-0.9925338;-0.043689888;0.1876275;0.37474468;0.26912105;-0.62035555;0.3302756;0.1681993;-0.0012868895;-0.6936865;0.10961681;-0.009472472;-0.28399065;-0.38114625;-0.014499903;0.014461593;-0.42526925;-0.6587046;-0.2430683;-0.21412955;-0.9972785;-0.76174915;0.1213352;0.4391204;0.0740898;-0.32704642;-0.45114875;-0.37214193;-0.5376568;0.72239697;-0.83444005;-0.37373105;-0.6894123;-0.69162804;-0.88241607;-0.36765936;-0.7765271;0.04201375;-0.46192017;-0.342759
-0.05388141;0.009032423;0.008504662;-1.7167418e-05;-1.9404397e-06;-0.0017729873;-0.0007956979;1.0064115e-06;9.36343e-07;-0.30086562;0.096215665;0.26854008;-0.31008953;0.0742843;0.27904665;-0.00015707979;0.00040270123;1.0225747e-05;-4.9708797e-06;-0.012978077;1.7429633e-05;0.4453153;0.077814884;-0.08194956;0.8745954;0.16425434;0.07954915;-0.030133681;-8.457093e-06;0.5415086;0.09207315;-0.065572076;0.831012;-0.17574556;0.10200912;-0.13097382;9.020927e-05;-3.117857e-06;4.0439772e-07;-0.76691175;0.16264395;-0.016747091;0.72188157;0.0764169;-0.1640928;0.02555402;0.00044795874;6.76763e-06;-0.55744356;0.027639803;0.039064217;0.46732405;-0.21072306;0.09491781;0.2516207;-0.99189675;-0.015705254;0.18173182;0.3858105;0.27475724;-0.6121111;0.32506436;0.16530736;0.019591426;-0.71486396;0.1234176;0.0033997365;-0.26203197;-0.3512194;0.011621163;0.035907827;-0.40513197;-0.64297783;-0.23089762;-0.20379673;-0.9971418;-0.74560153;0.13151078;0.44943386;0.09575778;-0.31226307;-0.4124192;-0.33386707;-0.53754324;0.70919526;-0.8415238;-0.40277556;-0.680229;-0.69999844;-0.8809917;-0.37217402;-0.7731235;0.023849431;-0.46691918;-0.3476804
-0.05402123;0.008555136;0.009036484;-1.46128e-05;-3.0939118e-06;-0.0017651541;-0.00082374935;9.40012e-07;8.333809e-07;-0.2843791;0.09635259;0.2811204;-0.2932798;0.073166996;0.29234317;-0.00014535539;0.00039769808;1.1017837e-05;-9.724588e-06;-0.0147308465;1.6501155e-05;0.44558734;0.08110958;-0.08426606;0.8730601;0.1664369;0.08324476;-0.031765137;-8.8939705e-06;0.53819185;0.08978715;-0.0634161;0.8286023;-0.17900752;0.103763744;-0.13134594;8.75886e-05;-3.1941381e-06;1.2548262e-06;-0.7670746;0.16135237;-0.014732825;0.7280361;0.08525964;-0.17186722;0.045845862;0.00043977474;7.0885e-06;-0.5764609;0.039390165;0.034039624;0.4989678;-0.2458578;0.09945501;0.2772903;-0.99114764;0.010307422;0.17844763;0.3993013;0.28025168;-0.6031608;0.32145444;0.16498159;0.0378171;-0.731092;0.13600521;0.019315897;-0.2418448;-0.32185757;0.037166476;0.058686953;-0.38663474;-0.62599856;-0.2181919;-0.18942155;-0.9970284;-0.72942424;0.14009292;0.45621952;0.115304135;-0.2966651;-0.37450233;-0.2991233;-0.53926724;0.7016986;-0.84748805;-0.42889035;-0.6732697;-0.7077182;-0.8796039;-0.37587523;-0.7710316;0.010942574;-0.4688751;-0.35163367
-0.054300033;0.007976492;0.009660845;-1.0645366e-05;-3.910478e-06;-0.0017329665;-0.00084596366;8.633616e-07;5.1596726e-07;-0.26696998;0.097397566;0.2987569;-0.2754829;0.072276756;0.31132585;-0.00013544911;0.00039415152;1.1269352e-05;-1.3840923e-05;-0.016060011;1.5351743e-05;0.4456716;0.08482914;-0.08660412;0.87158275;0.16695412;0.086226396;-0.034256015;-8.960735e-06;0.5346437;0.087346934;-0.061057728;0.826874;-0.18093303;0.104990885;-0.13136049;8.513387e-05;-3.1302552e-06;1.8788123e-06;-0.7662157;0.15997198;-0.012177417;0.73264265;0.0956902;-0.18138434;0.06623244;0.00043169656;7.0480455e-06;-0.59395444;0.048751265;0.03148169;0.52793914;-0.2810597;0.099417895;0.29875627;-0.99026495;0.031881355;0.17745845;0.41421375;0.28599873;-0.59348196;0.3205259;0.16762428;0.05342602;-0.7423466;0.146307;0.036976546;-0.22347714;-0.29403454;0.060650554;0.08111302;-0.36962894;-0.60798293;-0.20554742;-0.17385931;-0.9969444;-0.7139316;0.14600106;0.4595493;0.13144232;-0.2792752;-0.33903813;-0.26909193;-0.54274935;0.7007934;-0.8517007;-0.4504126;-0.668665;-0.7137141;-0.87788546;-0.37858012;-0.7703149;0.004499688;-0.46842593;-0.35414067
-0.054714456;0.0072824233;0.010346809;-5.2554533e-06;-4.272384e-06;-0.0016536245;-0.00085738144;7.7617767e-07;-1.7971615e-08;-0.24903572;0.09907098;0.31948212;-0.25709262;0.07154346;0.3338132;-0.00012864308;0.0003920093;1.0948803e-05;-1.7075643e-05;-0.01696829;1.3919551e-05;0.44548178;0.08878687;-0.08887191;0.87012;0.16608858;0.08872266;-0.03750342;-8.65171e-06;0.5307128;0.084811404;-0.05859738;0.82596856;-0.18176532;0.10564993;-0.1310228;8.2797094e-05;-2.9277362e-06;2.1781452e-06;-0.76452833;0.15836957;-0.009410817;0.7358272;0.1070398;-0.1917964;0.08596792;0.00042343777;6.6278444e-06;-0.6099761;0.05617522;0.031615205;0.55368096;-0.31599474;0.09631235;0.31607205;-0.9892355;0.046985134;0.17847992;0.4295327;0.29213014;-0.5829096;0.32225275;0.17288509;0.066782236;-0.7490915;0.15338176;0.054656122;-0.20677193;-0.26890448;0.08077755;0.10146217;-0.3541329;-0.5895088;-0.19425412;-0.15994413;-0.9968906;-0.699575;0.14847073;0.45978665;0.14338167;-0.25893107;-0.30734658;-0.24447939;-0.5477812;0.70577204;-0.85392773;-0.466542;-0.6661529;-0.71677476;-0.8755674;-0.38000903;-0.7708836;0.0050884634;-0.46650827;-0.35455278
-0.055241987;0.006484866;0.011060384;1.3639219e-06;-4.1553285e-06;-0.0015159219;-0.0008550798;6.801803e-07;-7.362469e-07;-0.2312869;0.100967094;0.34087223;-0.23883913;0.07084203;0.35711867;-0.00012588785;0.00039106357;1.0115502e-05;-1.9276464e-05;-0.017577104;1.2180266e-05;0.4449268;0.092785716;-0.0909807;0.8685889;0.16420807;0.09090754;-0.041342683;-8.0176105e-06;0.52634305;0.08229482;-0.05616309;0.82579726;-0.18195477;0.105816334;-0.13036585;8.053108e-05;-2.608991e-06;2.1247251e-06;-0.76222086;0.15629359;-0.00691887;0.7380178;0.11849688;-0.2025868;0.10434485;0.00041480886;5.8667792e-06;-0.6244727;0.062078353;0.034328498;0.5756496;-0.35011116;0.09131721;0.32950917;-0.9880616;0.054305807;0.18130334;0.44437715;0.29855487;-0.5712194;0.32564864;0.17984928;0.07844859;-0.75197434;0.15660508;0.070674315;-0.19152023;-0.24788265;0.096502975;0.11832965;-0.34028527;-0.57144177;-0.18590897;-0.14986241;-0.99686193;-0.6865469;0.1473658;0.45761544;0.1509036;-0.23482938;-0.28027642;-0.2253681;-0.5539654;0.7145891;-0.8542173;-0.47715962;-0.66519475;-0.7158346;-0.8725335;-0.37978846;-0.77251935;0.0125380205;-0.46411067;-0.35227108
-0.05584876;0.005616759;0.011764339;8.881441e-06;-3.612513e-06;-0.0013231485;-0.00083862717;5.7913246e-07;-1.5803598e-06;-0.21466067;0.10269368;0.36070713;-0.22168998;0.07005413;0.37880644;-0.00012750425;0.00039096555;8.886767e-06;-2.0420677e-05;-0.018045304;1.0175983e-05;0.44395953;0.09664678;-0.0928513;0.8669227;0.16168098;0.092857555;-0.045577146;-7.142269e-06;0.5216068;0.07993673;-0.053893372;0.82609075;-0.18199614;0.105618596;-0.12945077;7.831218e-05;-2.2076856e-06;1.7515267e-06;-0.7594696;0.15349093;-0.0052985614;0.7397517;0.12945598;-0.21356554;0.12068447;0.00040579872;4.8386864e-06;-0.63725525;0.066726096;0.039194647;0.5934742;-0.38250518;0.085108116;0.33924285;-0.9867639;0.053373296;0.18573518;0.45800313;0.30506805;-0.5582367;0.3293194;0.18742517;0.08893271;-0.7515763;0.15560877;0.08376141;-0.17761585;-0.23251015;0.10699575;0.13080396;-0.3282684;-0.5547461;-0.18191974;-0.14490716;-0.9968499;-0.6748741;0.14317095;0.4539321;0.15421386;-0.20698674;-0.2583444;-0.21134056;-0.5607537;0.7245456;-0.85273945;-0.48243403;-0.6651226;-0.70997834;-0.8687752;-0.3774499;-0.7748898;0.026261628;-0.46194842;-0.34677568
-0.05649847;0.0047227517;0.012423028;1.6901758e-05;-2.7436472e-06;-0.001088605;-0.0008088836;4.777254e-07;-2.4790934e-06;-0.20014311;0.10395302;0.37744772;-0.20666923;0.06909039;0.39721504;-0.00013318296;0.0003911183;7.3998526e-06;-2.059184e-05;-0.018512448;7.99746e-06;0.44258666;0.10023452;-0.09441543;0.86507076;0.15875632;0.09457662;-0.05002002;-6.1173196e-06;0.5166753;0.07786;-0.051906258;0.82653224;-0.18230195;0.10519317;-0.12835905;7.608738e-05;-1.7593775e-06;1.1299271e-06;-0.7564028;0.1498174;-0.0050688535;0.74147385;0.13970858;-0.22468697;0.13442127;0.0003963803;3.6291895e-06;-0.6480955;0.07018079;0.045577012;0.60698694;-0.41204566;0.077938884;0.34523776;-0.9853833;0.04460894;0.19152614;0.46979553;0.31142008;-0.5439748;0.33206797;0.19466887;0.09845117;-0.74836785;0.15022814;0.09321013;-0.16516948;-0.22402972;0.11168603;0.13852772;-0.31832278;-0.5403203;-0.18314867;-0.14546688;-0.9968454;-0.6644543;0.13669671;0.4496212;0.15376236;-0.17636994;-0.2419035;-0.20181268;-0.56754076;0.7330166;-0.8496256;-0.4824299;-0.6652299;-0.698268;-0.8642543;-0.37240422;-0.7775657;0.045669757;-0.46016032;-0.33744857
-0.057157427;0.0038497448;0.013009508;2.5036861e-05;-1.6629929e-06;-0.00082792994;-0.00076639303;3.801598e-07;-3.3630058e-06;-0.18857612;0.104558416;0.39039725;-0.1946636;0.06788175;0.41160908;-0.00014222882;0.00039061083;5.7799043e-06;-1.9918527e-05;-0.019085763;5.743008e-06;0.44084457;0.10347139;-0.09561499;0.86293966;0.15546349;0.096047275;-0.054525036;-5.0225062e-06;0.5117552;0.0761349;-0.05027075;0.82687116;-0.18314454;0.104673885;-0.1271756;7.371225e-05;-1.2946984e-06;3.4396362e-07;-0.75311077;0.14529432;-0.0064592995;0.7434225;0.14939411;-0.23586775;0.14526129;0.00038626464;2.317509e-06;-0.65685034;0.072308816;0.05277697;0.61615306;-0.43770573;0.06985121;0.34733456;-0.98397785;0.0292795;0.1983596;0.47932014;0.31733504;-0.5287339;0.33326113;0.20094076;0.10683059;-0.74279785;0.14056146;0.09886784;-0.1545453;-0.22296011;0.110422194;0.14170311;-0.31081137;-0.52891415;-0.18977413;-0.15113753;-0.9968428;-0.6550377;0.12869845;0.4453203;0.15013152;-0.14463183;-0.23119277;-0.19641604;-0.5737683;0.7379619;-0.844855;-0.47691545;-0.66483307;-0.6795753;-0.8587705;-0.36396137;-0.7800664;0.07038326;-0.45819005;-0.32341287
-0.05779596;0.0030387605;0.013511135;3.297825e-05;-4.6825153e-07;-0.00055371155;-0.0007109883;2.893886e-07;-4.1775347e-06;-0.18052727;0.104422174;0.3996077;-0.18629049;0.06637081;0.42205554;-0.00015389075;0.00038843072;4.1153107e-06;-1.8523537e-05;-0.019849857;3.4887998e-06;0.4387739;0.106334396;-0.09640241;0.8603457;0.15159908;0.0972584;-0.05898954;-3.9104198e-06;0.50703293;0.07476718;-0.048996747;0.82695115;-0.18465135;0.10419318;-0.12596817;7.097809e-05;-8.3476334e-07;-5.327747e-07;-0.7496572;0.14008495;-0.009327226;0.74561334;0.15877734;-0.24691449;0.15331131;0.0003749464;9.610667e-07;-0.6634982;0.07285233;0.06019646;0.6209431;-0.45894688;0.060854923;0.34540173;-0.9826107;0.009280428;0.20591623;0.48641294;0.3225515;-0.51303715;0.33285916;0.20592307;0.11365228;-0.735348;0.12711;0.10107119;-0.14623556;-0.2290176;0.10364512;0.14104012;-0.30615675;-0.52106607;-0.20130226;-0.16093567;-0.9968397;-0.6462599;0.11963763;0.44128147;0.14394408;-0.11357909;-0.22630982;-0.19523604;-0.57901245;0.73813313;-0.8382347;-0.4654812;-0.66335547;-0.6525515;-0.85194236;-0.35147583;-0.781943;0.10018351;-0.45497543;-0.30364668
-0.058388628;0.0023204032;0.013931545;4.0552928e-05;7.850758e-07;-0.0002751067;-0.00064320315;2.0742675e-07;-4.893889e-06;-0.17623769;0.10354698;0.405685;-0.18183729;0.064519934;0.429204;-0.00016758393;0.00038394614;2.4374167e-06;-1.651702e-05;-0.020873925;1.2903547e-06;0.43641612;0.10883207;-0.09674387;0.85702896;0.14681096;0.09819496;-0.0633311;-2.7950591e-06;0.5026522;0.07371317;-0.0480456;0.8266698;-0.18681388;0.10387345;-0.124772;6.774401e-05;-3.8812868e-07;-1.4569378e-06;-0.74608094;0.13441373;-0.013226292;0.7478807;0.16797204;-0.25751996;0.15903468;0.0003621076;-4.1650492e-07;-0.6680755;0.07153191;0.06746257;0.62123024;-0.47593945;0.051013548;0.3394989;-0.9813294;-0.013248844;0.21397091;0.4912556;0.3268924;-0.497392;0.3311863;0.20952657;0.11854137;-0.72645104;0.11086987;0.100554444;-0.14062785;-0.24142547;0.09246745;0.13762045;-0.30464017;-0.51701546;-0.21664654;-0.17357019;-0.9968381;-0.6377944;0.10969435;0.43736157;0.13578922;-0.08468866;-0.22714297;-0.19872996;-0.5829982;0.7330939;-0.82948977;-0.44793937;-0.66043186;-0.6158513;-0.8433411;-0.33462405;-0.78285605;0.13478662;-0.44937193;-0.27743486
-0.05891409;0.0017163332;0.014288837;4.774204e-05;2.101995e-06;-1.2209857e-06;-0.0005664961;1.3632143e-07;-5.517686e-06;-0.17562155;0.102027036;0.4095932;-0.18124862;0.062331744;0.434078;-0.00018288053;0.00037736745;7.088238e-07;-1.4032095e-05;-0.022204174;-7.905837e-07;0.4338267;0.11097508;-0.09662617;0.8527327;0.14073011;0.098806515;-0.06745951;-1.6450213e-06;0.49872416;0.07290897;-0.047351997;0.82594883;-0.18947074;0.10380367;-0.12358608;6.408623e-05;5.0211383e-08;-2.42627e-06;-0.7423904;0.12848721;-0.017531402;0.74995774;0.17675191;-0.2672294;0.16299567;0.00034811755;-1.8306891e-06;-0.6705762;0.06812947;0.07443922;0.6168054;-0.48946813;0.040459014;0.33011326;-0.98014426;-0.03630906;0.22243218;0.4943762;0.33029953;-0.48203844;0.3286042;0.21171129;0.12134441;-0.71632916;0.093239754;0.098309785;-0.13783576;-0.2592818;0.0785685;0.13268484;-0.30622587;-0.5165984;-0.23423949;-0.18765788;-0.99684113;-0.6295878;0.0989882;0.43312147;0.12626667;-0.05900854;-0.23320934;-0.20728697;-0.58551717;0.7232121;-0.8184404;-0.42484814;-0.6559791;-0.5687423;-0.8327387;-0.31375495;-0.782597;0.17351413;-0.44061252;-0.24503137
-0.059354555;0.0012447275;0.014609364;5.463627e-05;3.5405683e-06;0.0002553906;-0.00048857386;7.894221e-08;-6.0890598e-06;-0.17830108;0.100046195;0.41244212;-0.184148;0.059871435;0.43784845;-0.00019932725;0.00036990363;-1.1616794e-06;-1.1266489e-05;-0.023846095;-2.6624548e-06;0.43108758;0.112756394;-0.096068166;0.8473203;0.1331158;0.09898539;-0.071274795;-3.9588485e-07;0.49534786;0.07229765;-0.046847247;0.82476485;-0.1922787;0.104009695;-0.122384936;6.0357805e-05;4.952599e-07;-3.4751865e-06;-0.7385692;0.1224693;-0.02154775;0.7515848;0.18457124;-0.27540326;0.16555296;0.00033428363;-3.3233373e-06;-0.67089665;0.062532395;0.081127256;0.6075694;-0.50058305;0.02937033;0.3185036;-0.9790238;-0.058271337;0.23128782;0.49655497;0.33282006;-0.4668838;0.32524225;0.21229362;0.12209391;-0.7049198;0.07571039;0.09538833;-0.13768128;-0.28164092;0.063879654;0.1273825;-0.31052715;-0.51916194;-0.252219;-0.20182043;-0.9968501;-0.6220911;0.087867;0.4280221;0.11612862;-0.03744775;-0.2434622;-0.22065236;-0.58636665;0.7096368;-0.8052378;-0.39790595;-0.65024096;-0.5120363;-0.8204175;-0.29017806;-0.781099;0.21500681;-0.4286673;-0.20821644
-0.059693888;0.00092111976;0.014917409;6.131746e-05;5.1609823e-06;0.00047936002;-0.00042012671;3.8661256e-08;-6.662958e-06;-0.18368219;0.09785988;0.41520572;-0.18990877;0.057283618;0.44153133;-0.0002163336;0.00036348368;-3.2500247e-06;-8.479947e-06;-0.025751892;-4.2256725e-06;0.42830932;0.114153005;-0.09513425;0.84088653;0.12400595;0.09858915;-0.07470081;1.0040676e-06;0.49261445;0.07184431;-0.046478547;0.8232119;-0.19474308;0.1044324;-0.121142976;5.7092064e-05;9.581563e-07;-4.6398636e-06;-0.73461175;0.11651727;-0.024623359;0.75261486;0.19081585;-0.28133276;0.16677739;0.000322606;-4.9174123e-06;-0.6688907;0.054763187;0.08758066;0.5938418;-0.51026195;0.017926913;0.3069616;-0.9779168;-0.0779272;0.24050799;0.49861822;0.33460823;-0.45170906;0.3208876;0.21084252;0.12090611;-0.692007;0.05944758;0.092639096;-0.13976565;-0.30734205;0.05007505;0.12250663;-0.3169026;-0.52360666;-0.26877457;-0.21476132;-0.99686396;-0.6164148;0.07708395;0.42172632;0.106261246;-0.021018522;-0.25640473;-0.23773482;-0.58553916;0.6940894;-0.7905968;-0.36981568;-0.64386344;-0.4487153;-0.8074115;-0.2660998;-0.77854705;0.257303;-0.4144241;-0.17020054
-0.05991568;0.0007482036;0.015224865;6.772019e-05;6.946386e-06;0.0006581512;-0.0003710308;1.7942625e-08;-7.2723196e-06;-0.19107372;0.09576;0.41846824;-0.19778113;0.054790124;0.44571963;-0.00023331479;0.0003601639;-5.517679e-06;-5.9274244e-06;-0.02783003;-5.4394623e-06;0.4256197;0.11515078;-0.093940035;0.8337808;0.1138017;0.097510874;-0.07772639;2.5278714e-06;0.49057868;0.07153395;-0.046217635;0.821496;-0.19636688;0.104943074;-0.119855195;5.4790988e-05;1.4272155e-06;-5.905662e-06;-0.7305839;0.1108431;-0.026309073;0.7530649;0.1950956;-0.2845148;0.16664621;0.0003151031;-6.5586064e-06;-0.66452265;0.045018893;0.093973964;0.5765767;-0.5193104;0.0062664035;0.2986122;-0.97679555;-0.09442495;0.2499869;0.50114846;0.33591425;-0.43654373;0.31504497;0.20671438;0.11792776;-0.6774662;0.044966295;0.090430446;-0.14360097;-0.33496493;0.038016208;0.11828952;-0.3246473;-0.5286872;-0.2826225;-0.22548577;-0.99688137;-0.61433536;0.06776936;0.41440836;0.0972836;-0.010552021;-0.2707442;-0.25717133;-0.58364534;0.6784467;-0.77584857;-0.3433607;-0.6379891;-0.38342243;-0.79545015;-0.24402179;-0.7755758;0.29841492;-0.399562;-0.1345326
-0.060003415;0.0007043531;0.015528566;7.361907e-05;8.777453e-06;0.000787209;-0.00034705104;1.7261414e-08;-7.906296e-06;-0.199823;0.09403094;0.42239612;-0.20704803;0.052650806;0.45057476;-0.00024995292;0.00036164376;-7.781753e-06;-3.7781683e-06;-0.029980278;-6.3581465e-06;0.42313212;0.115775205;-0.09263341;0.8264565;0.103169;0.0957481;-0.08039469;4.0511513e-06;0.48922032;0.07136003;-0.046055842;0.81980664;-0.19684055;0.105400346;-0.11853071;5.3778378e-05;1.862616e-06;-7.1917893e-06;-0.7266499;0.10571962;-0.026500754;0.7531112;0.19732848;-0.28481793;0.16514246;0.0003132481;-8.1078615e-06;-0.6579829;0.033697102;0.10075276;0.5572476;-0.52841836;-0.0055230698;0.2966098;-0.97569144;-0.10722849;0.25955123;0.5042605;0.33692878;-0.42188698;0.30708662;0.19921476;0.11323231;-0.6614089;0.03209724;0.08855182;-0.14883861;-0.36304983;0.027525995;0.114446655;-0.33322948;-0.5334134;-0.29331833;-0.2335952;-0.99690366;-0.61802673;0.061266914;0.4068375;0.08906869;-0.006022827;-0.28603888;-0.2781559;-0.5821281;0.6645364;-0.7626429;-0.32022792;-0.6342345;-0.32121637;-0.786488;-0.22598855;-0.77332443;0.33682108;-0.38606906;-0.10371551
-0.059943177;0.0007477091;0.015817693;7.87538e-05;1.0488962e-05;0.000869595;-0.000349753;3.5219614e-08;-8.522322e-06;-0.20940125;0.09290812;0.42692262;-0.21712644;0.051102556;0.45603207;-0.00026630855;0.00036918788;-9.794487e-06;-2.086139e-06;-0.032131594;-7.0876704e-06;0.4209133;0.116100095;-0.09135743;0.8192327;0.09280914;0.09341531;-0.08274387;5.4044795e-06;0.4884465;0.07131729;-0.0459912;0.818179;-0.19612049;0.10570273;-0.11716275;5.423341e-05;2.2125678e-06;-8.389819e-06;-0.7230218;0.10139855;-0.025438061;0.7530672;0.19764198;-0.2823969;0.1620142;0.0003179386;-9.397365e-06;-0.64966464;0.021368803;0.10863573;0.5374782;-0.5381333;-0.017424045;0.30309156;-0.9746923;-0.11610321;0.26901343;0.5076262;0.33754885;-0.40858442;0.296436;0.18785407;0.10664682;-0.6441787;0.02023737;0.086386286;-0.15547188;-0.39034194;0.01771417;0.11049711;-0.34245834;-0.5372738;-0.3011812;-0.23934259;-0.9969343;-0.6294403;0.058913294;0.40012226;0.0807379;-0.006122757;-0.3025763;-0.30067426;-0.582956;0.6544602;-0.7524075;-0.30054647;-0.6344479;-0.26699036;-0.782057;-0.21325564;-0.7731988;0.37128744;-0.37558085;-0.07862467
-0.059727345;0.0008349538;0.016083164;8.294819e-05;1.1939381e-05;0.0009125319;-0.0003783665;6.905282e-08;-9.070791e-06;-0.21939191;0.09254017;0.43189046;-0.22756377;0.05030712;0.46194646;-0.0002827408;0.0003837341;-1.1342752e-05;-8.1268445e-07;-0.034259893;-7.716044e-06;0.41898528;0.11622233;-0.09022072;0.8121904;0.08330808;0.09069067;-0.08475378;6.438e-06;0.48813865;0.071400195;-0.04602013;0.81648815;-0.19436418;0.10579519;-0.11571096;5.629465e-05;2.4327164e-06;-9.408861e-06;-0.7198822;0.09801487;-0.02355319;0.7533389;0.19629447;-0.27755022;0.15655994;0.0003297298;-1.0291435e-05;-0.6400624;0.008702998;0.118392184;0.51872516;-0.5487369;-0.02953613;0.31845653;-0.9739177;-0.12101471;0.27822652;0.5107111;0.33735725;-0.39751709;0.28279567;0.17260149;0.09777035;-0.6263444;0.008705582;0.08318214;-0.16377881;-0.41591227;0.007584154;0.106084265;-0.35246086;-0.5402486;-0.30693603;-0.24332781;-0.9969763;-0.64949536;0.06172944;0.39526778;0.07115329;-0.008404243;-0.32070348;-0.3251214;-0.5880178;0.6509965;-0.7459213;-0.28329003;-0.6402829;-0.22578357;-0.78280735;-0.20636381;-0.7764671;0.40033782;-0.36882728;-0.058807906
-0.059358034;0.0009396836;0.016319405;8.6145534e-05;1.3042707e-05;0.0009250358;-0.00043100442;1.1491977e-07;-9.510579e-06;-0.22942948;0.09295571;0.43704188;-0.23797701;0.0503193;0.46806556;-0.00029973366;0.0004058334;-1.2298813e-05;1.3517638e-07;-0.036381897;-8.278839e-06;0.41735354;0.116218686;-0.08928629;0.80527586;0.07512614;0.087737866;-0.0863338;7.055831e-06;0.48819876;0.07160035;-0.046140816;0.81455857;-0.19181092;0.10564326;-0.11412206;6.008656e-05;2.4967885e-06;-1.0195305e-05;-0.717358;0.09556193;-0.021287791;0.7543294;0.19368201;-0.2706635;0.14780249;0.0003488842;-1.0713062e-05;-0.62969;-0.0036096843;0.13052367;0.5021329;-0.5601633;-0.042054582;0.34123105;-0.9734836;-0.1219646;0.28707418;0.51300746;0.33588025;-0.3893381;0.26633653;0.15397987;0.08627744;-0.608716;-0.0029394317;0.07826208;-0.17403501;-0.4391787;-0.003477779;0.10109127;-0.36348784;-0.54271686;-0.31130424;-0.2460709;-0.9970305;-0.67743707;0.07006134;0.3927722;0.05947317;-0.00982717;-0.34031224;-0.35183138;-0.59851575;0.6573207;-0.74316007;-0.2669586;-0.6526494;-0.20294285;-0.7883818;-0.20526898;-0.78384674;0.42202073;-0.36540172;-0.043099225
-0.05884971;0.0010607986;0.016519845;8.840073e-05;1.377688e-05;0.00091710704;-0.00050450885;1.6824868e-07;-9.816664e-06;-0.2391651;0.09404552;0.4419442;-0.24801703;0.051073626;0.47394118;-0.00031768752;0.00043536653;-1.263601e-05;8.737916e-07;-0.03853337;-8.761548e-06;0.41602588;0.11610723;-0.088569105;0.7984959;0.06861906;0.08465995;-0.08734272;7.2292314e-06;0.48856756;0.071902305;-0.0463599;0.8122796;-0.1886866;0.10521284;-0.11237457;6.564784e-05;2.4008114e-06;-1.0737247e-05;-0.7155357;0.0939362;-0.01897219;0.75631285;0.19037491;-0.2622025;0.13497798;0.00037516025;-1.0654272e-05;-0.6190474;-0.0149150975;0.14500202;0.48846027;-0.57202804;-0.055103883;0.36843565;-0.97346544;-0.11894963;0.2953845;0.51413816;0.33290395;-0.38432813;0.2477619;0.13295928;0.07228505;-0.59226966;-0.014687381;0.07118388;-0.1862251;-0.45986885;-0.015458688;0.095600806;-0.3756867;-0.5453059;-0.31471506;-0.24775662;-0.9970957;-0.710706;0.08332186;0.39242297;0.04546915;-0.0074714143;-0.36076686;-0.38079616;-0.6145151;0.6757645;-0.7433858;-0.25016573;-0.67121595;-0.20337324;-0.7976009;-0.2094128;-0.7951683;0.43418422;-0.36393;-0.030243993
-0.058231324;0.0012197902;0.01667402;8.9866575e-05;1.41842465e-05;0.00089904334;-0.00059379207;2.2444158e-07;-9.984506e-06;-0.24827519;0.09557535;0.44597977;-0.25737396;0.052394386;0.47891834;-0.00033673306;0.0004712607;-1.2431352e-05;1.5209462e-06;-0.040744636;-9.1184775e-06;0.4150032;0.1158294;-0.08803694;0.7920708;0.064012095;0.08151259;-0.08762385;7.002309e-06;0.48922408;0.07227871;-0.04668833;0.8096611;-0.18516257;0.10448009;-0.11051331;7.283253e-05;2.1649976e-06;-1.106417e-05;-0.71446896;0.09300266;-0.016774017;0.759332;0.18713954;-0.2527219;0.11806498;0.0004075583;-1.0180869e-05;-0.60861903;-0.024658402;0.16116865;0.47801432;-0.5837649;-0.068489015;0.39629003;-0.97387105;-0.11206716;0.3028444;0.51386356;0.32866806;-0.38235238;0.22823083;0.110744566;0.056562867;-0.57794374;-0.026006369;0.061867524;-0.19990568;-0.47795188;-0.027678335;0.089822456;-0.3889566;-0.5487049;-0.3172204;-0.24824922;-0.997169;-0.74550915;0.09999275;0.39337015;0.02956301;0.00074086315;-0.3811844;-0.4116052;-0.6348194;0.70616955;-0.7454505;-0.23214701;-0.69427615;-0.22990453;-0.80889267;-0.21784827;-0.80930436;0.43506765;-0.36259502;-0.019490225
-0.057545967;0.0014484526;0.016771061;9.076728e-05;1.4359102e-05;0.00087965635;-0.00069182797;2.7984822e-07;-1.0030773e-05;-0.25649148;0.09724412;0.4484575;-0.26580352;0.054039918;0.48225942;-0.00035660746;0.0005114726;-1.1849537e-05;2.1647902e-06;-0.04302417;-9.293362e-06;0.41426405;0.1152665;-0.087620884;0.786471;0.061348174;0.07835117;-0.0870506;6.485294e-06;0.49017698;0.07268591;-0.047124222;0.8068173;-0.18136266;0.10346296;-0.10864906;8.126395e-05;1.830871e-06;-1.1238575e-05;-0.7141635;0.09264727;-0.014702565;0.76318187;0.18491596;-0.24288087;0.09808417;0.00044428167;-9.423529e-06;-0.59887296;-0.032463323;0.17786288;0.47060215;-0.5948227;-0.0815572;0.42108923;-0.9746362;-0.10161136;0.30900678;0.5120649;0.3238874;-0.38286904;0.20914467;0.08855683;0.040513575;-0.5664225;-0.035932418;0.050642956;-0.21423294;-0.49356368;-0.03892688;0.08404015;-0.40290046;-0.55347013;-0.31858015;-0.24730247;-0.99724793;-0.7779828;0.11797506;0.3944567;0.012624834;0.015461871;-0.4008203;-0.4435404;-0.6572995;0.745047;-0.74823236;-0.21317162;-0.71919197;-0.28138638;-0.8208011;-0.22949393;-0.8245022;0.42394316;-0.35983497;-0.010997883
-0.056845706;0.0017711921;0.016807474;9.1351336e-05;1.4418678e-05;0.00086315116;-0.0007909778;3.3266213e-07;-9.987285e-06;-0.26364157;0.09877912;0.44880912;-0.27316463;0.05577846;0.4833644;-0.00037661716;0.000553377;-1.1099037e-05;2.81334e-06;-0.045353424;-9.232761e-06;0.41376367;0.11429417;-0.08724008;0.7823189;0.06047123;0.07526341;-0.08557405;5.827067e-06;0.49145108;0.07306611;-0.047635727;0.80388695;-0.17739236;0.10224043;-0.106921144;9.039308e-05;1.4515754e-06;-1.13359565e-05;-0.7145645;0.092810035;-0.012664089;0.7674949;0.1846914;-0.23341778;0.07695525;0.00048305746;-8.546456e-06;-0.5902239;-0.03820698;0.19377442;0.46555585;-0.60481375;-0.09336517;0.44002345;-0.9756481;-0.0879977;0.3134085;0.50873107;0.31959495;-0.384975;0.19181734;0.06746418;0.025912851;-0.5580396;-0.043314267;0.038199604;-0.22812866;-0.5069488;-0.047792677;0.078577764;-0.41685423;-0.5598531;-0.31843817;-0.24482675;-0.9973302;-0.8053948;0.1352023;0.3946638;-0.0043688826;0.035636075;-0.4192909;-0.4757291;-0.6795677;0.7865812;-0.75099224;-0.19463654;-0.7432682;-0.3516646;-0.83235717;-0.24343799;-0.8390113;0.4015903;-0.35493806;-0.005805855
-0.056180973;0.0021910393;0.016792659;9.183143e-05;1.44687365e-05;0.0008462841;-0.00088519946;3.8327983e-07;-9.890573e-06;-0.26969936;0.10002668;0.44676006;-0.2794635;0.057464544;0.4819639;-0.00039572807;0.0005944375;-1.037441e-05;3.3565557e-06;-0.04768825;-8.891293e-06;0.4134482;0.11284913;-0.086831726;0.7801761;0.061077982;0.0723551;-0.08326101;5.1750685e-06;0.49307063;0.073361136;-0.04815997;0.8009311;-0.17336158;0.1009321;-0.1054474;9.9646284e-05;1.077955e-06;-1.1421827e-05;-0.71556234;0.09350414;-0.010550823;0.77188474;0.18725911;-0.22505821;0.056866977;0.00052172336;-7.7039585e-06;-0.5829485;-0.04205097;0.20786226;0.46185955;-0.61351645;-0.103109315;0.45169553;-0.9767812;-0.0715776;0.31572938;0.50395274;0.31682917;-0.3875418;0.1771269;0.048266094;0.014451015;-0.5528166;-0.04715238;0.02546119;-0.24055293;-0.5183972;-0.053116977;0.07374951;-0.4300069;-0.5677063;-0.31653407;-0.24106559;-0.99741536;-0.82668495;0.15021527;0.393457;-0.020644957;0.058644194;-0.43652132;-0.5072708;-0.69966257;0.82503223;-0.7534762;-0.1786277;-0.7645581;-0.43069208;-0.84316397;-0.2590845;-0.8516272;0.37039813;-0.3482641;-0.0052803075
-0.055588692;0.002688511;0.01674699;9.234919e-05;1.4583871e-05;0.0008183141;-0.00097173126;4.338641e-07;-9.772484e-06;-0.2748244;0.10098201;0.44237465;-0.28488368;0.059068825;0.4781695;-0.0004128152;0.000632833;-9.815849e-06;3.5908106e-06;-0.049960937;-8.234958e-06;0.41326016;0.1109659;-0.086368665;0.7803058;0.06281173;0.06969559;-0.08029648;4.644142e-06;0.49504697;0.07353687;-0.048622295;0.79787713;-0.16938591;0.099646315;-0.10429371;0.000108582644;7.4848504e-07;-1.1540193e-05;-0.71700734;0.09482305;-0.00831237;0.77605283;0.19296789;-0.21840033;0.03942957;0.0005587743;-7.009716e-06;-0.5770928;-0.044411454;0.21959682;0.45836237;-0.6207603;-0.11050979;0.45620686;-0.97792757;-0.052568;0.31588727;0.49792245;0.31627655;-0.38946348;0.16530678;0.03141299;0.0072398037;-0.5505462;-0.046891585;0.013431985;-0.25079298;-0.52813804;-0.054371588;0.06976877;-0.44160122;-0.5764956;-0.31289226;-0.23659061;-0.9975018;-0.84217304;0.16235733;0.39086297;-0.03574589;0.0809043;-0.4525503;-0.53732693;-0.71640724;0.85676694;-0.7557651;-0.16708162;-0.78217196;-0.50780934;-0.85323495;-0.27602965;-0.861855;0.33392128;-0.34098992;-0.0103444895
-0.05508565;0.0032328842;0.016693711;9.297975e-05;1.4811754e-05;0.00076448865;-0.0010512774;4.87344e-07;-9.657742e-06;-0.27935702;0.10174777;0.43598583;-0.28977278;0.060649082;0.4723859;-0.00042699146;0.0006677564;-9.503943e-06;3.3028246e-06;-0.052082185;-7.247654e-06;0.41313148;0.10876517;-0.085855395;0.78253627;0.065347165;0.06726456;-0.0769517;4.307658e-06;0.49737608;0.07360338;-0.048963133;0.79453963;-0.16556446;0.09843387;-0.10347374;0.00011698318;4.8673246e-07;-1.1717741e-05;-0.7187204;0.09693299;-0.005965044;0.7798016;0.20162307;-0.2138418;0.025072867;0.0005936039;-6.5308122e-06;-0.57242996;-0.045862038;0.22891085;0.45399407;-0.62631667;-0.11589404;0.45484534;-0.97900623;-0.03118236;0.31402484;0.49094483;0.31805196;-0.38992032;0.15597066;0.016973173;0.00452701;-0.5508708;-0.04252803;0.0030685717;-0.25861502;-0.5361985;-0.051743016;0.06665885;-0.45111537;-0.5854059;-0.3078692;-0.2321463;-0.9975855;-0.8528594;0.17155918;0.38728383;-0.04942888;0.09874954;-0.46737945;-0.565175;-0.72938365;0.8806932;-0.75803214;-0.16104506;-0.796088;-0.5752614;-0.86274195;-0.2938063;-0.86973125;0.29593408;-0.33454758;-0.020971682
-0.054669745;0.003795841;0.016650712;9.374379e-05;1.5185098e-05;0.0006711855;-0.0011269145;5.4636087e-07;-9.565556e-06;-0.28375515;0.10246193;0.42807287;-0.294577;0.062293835;0.4651662;-0.0004378683;0.0006993755;-9.4754505e-06;2.3588254e-06;-0.053947326;-5.939648e-06;0.4129842;0.10640908;-0.0853111;0.7863204;0.06843791;0.06494339;-0.07352872;4.203772e-06;0.50004226;0.07361513;-0.04915494;0.79069436;-0.1619406;0.09728048;-0.10296427;0.00012485616;3.0374213e-07;-1.1973258e-05;-0.7205047;0.100049324;-0.003547103;0.78298223;0.21259436;-0.21153788;0.012987397;0.0006264375;-6.2968174e-06;-0.5685038;-0.04699092;0.23596957;0.44790018;-0.6299004;-0.12000227;0.44952852;-0.9799661;-0.0078108725;0.31041738;0.48342586;0.32175308;-0.3885256;0.14834595;0.0046699825;0.00576189;-0.5533714;-0.034503296;-0.004807457;-0.26419625;-0.54230547;-0.04589737;0.06422927;-0.45831713;-0.5935029;-0.3019841;-0.22845563;-0.99766093;-0.85982716;0.17799038;0.38321286;-0.061512202;0.10924886;-0.48095247;-0.5902464;-0.73870355;0.8974596;-0.76039755;-0.16048874;-0.8067725;-0.629733;-0.87183315;-0.3117738;-0.875548;0.25937498;-0.33009985;-0.036235012
-0.054326165;0.004359159;0.016625125;9.46027e-05;1.5723723e-05;0.00053031533;-0.0012025845;6.1244384e-07;-9.509458e-06;-0.2884996;0.10323594;0.41912863;-0.2997519;0.064072855;0.45705837;-0.00044564003;0.0007285937;-9.735697e-06;7.49189e-07;-0.05543987;-4.3527834e-06;0.41274953;0.10404843;-0.08475152;0.7909552;0.0719274;0.062563196;-0.07029214;4.3407636e-06;0.50302535;0.073649414;-0.04920376;0.78616124;-0.15845913;0.09613546;-0.10271896;0.0001323871;2.0040898e-07;-1.2318458e-05;-0.72219986;0.10442401;-0.0010846969;0.7854608;0.22499932;-0.21134852;0.0015491605;0.0006580873;-6.306509e-06;-0.56476694;-0.048266325;0.2409339;0.43951118;-0.6312623;-0.12368255;0.44219413;-0.98078644;0.016886126;0.3053599;0.47580063;0.32672396;-0.3853279;0.14159222;-0.006038249;0.009926218;-0.55765843;-0.023481231;-0.009617382;-0.26794398;-0.54597986;-0.037639417;0.062119767;-0.46321437;-0.5999583;-0.29561582;-0.2260593;-0.997723;-0.86396044;0.18184787;0.37901857;-0.07180288;0.1106857;-0.49320573;-0.6121346;-0.7447684;0.9084329;-0.7629635;-0.1647128;-0.81486136;-0.67159194;-0.8805822;-0.32927778;-0.8796581;0.22574176;-0.32830775;-0.05480928
-0.054033246;0.004915882;0.016609369;9.541621e-05;1.6416423e-05;0.000342071;-0.0012816503;6.850943e-07;-9.489755e-06;-0.29399848;0.10410968;0.40951857;-0.3056746;0.066000156;0.44845346;-0.00045092558;0.0007566452;-1.0252814e-05;-1.4150701e-06;-0.056426752;-2.561741e-06;0.41239324;0.10177649;-0.08417286;0.7958035;0.07572505;0.06000016;-0.06738487;4.6953937e-06;0.5062961;0.07377514;-0.04914118;0.78086525;-0.15496323;0.09495772;-0.102671;0.00013984418;1.6708509e-07;-1.2745557e-05;-0.7237929;0.11035925;0.0013906639;0.78714305;0.23771498;-0.21272516;-0.011048312;0.0006895601;-6.5233326e-06;-0.56081873;-0.049956705;0.24380967;0.42868793;-0.63029534;-0.12762757;0.4342945;-0.98147655;0.041940443;0.2990883;0.46838766;0.33230275;-0.38071802;0.13511007;-0.0158795;0.015881274;-0.56335044;-0.010160699;-0.0112493485;-0.2703917;-0.5469624;-0.027733805;0.059847996;-0.46604973;-0.60441536;-0.2887935;-0.22516651;-0.99777037;-0.86597836;0.18330824;0.37484923;-0.0800785;0.10275382;-0.5040744;-0.63057256;-0.7480796;0.91503155;-0.7659487;-0.17300953;-0.82095903;-0.70311177;-0.8889987;-0.34592843;-0.8823903;0.19530119;-0.32934812;-0.07551968
-0.053766172;0.0054673594;0.016579423;9.589625e-05;1.7192477e-05;0.00011571816;-0.001365399;7.607815e-07;-9.479016e-06;-0.30049494;0.10501795;0.39941373;-0.3125601;0.06800191;0.4394902;-0.00045437858;0.00078441354;-1.0940916e-05;-3.935511e-06;-0.056762334;-6.6513167e-07;0.41192845;0.099602565;-0.083543666;0.8003567;0.07973488;0.057285205;-0.064748876;5.203634e-06;0.5097914;0.07403167;-0.049011525;0.7748546;-0.15129685;0.09376884;-0.10273115;0.00014741937;1.8188439e-07;-1.3207507e-05;-0.7255199;0.11818479;0.0037963793;0.78801006;0.24918973;-0.21465956;-0.026171554;0.0007214137;-6.865448e-06;-0.5566824;-0.052107703;0.24439065;0.41600823;-0.6270896;-0.13221942;0.42646447;-0.9820687;0.06603541;0.29179126;0.46126378;0.33786798;-0.37530285;0.1287679;-0.02561148;0.022567084;-0.5698941;0.0047822525;-0.010295812;-0.27217892;-0.5457936;-0.01694278;0.05685;-0.46735185;-0.6073853;-0.28125742;-0.22555703;-0.99780864;-0.8666073;0.18248954;0.37061945;-0.08604881;0.08669395;-0.5133744;-0.64537895;-0.74906486;0.91845024;-0.76968646;-0.18504855;-0.8254876;-0.7268556;-0.8969715;-0.36165828;-0.88398796;0.1679782;-0.33285338;-0.09751098
-0.053503286;0.0060160304;0.01650319;9.564328e-05;1.7921877e-05;-0.00013346568;-0.0014517768;8.331914e-07;-9.418196e-06;-0.3079628;0.105804406;0.38889578;-0.32035956;0.06991664;0.4301333;-0.00045620085;0.0008116217;-1.1664582e-05;-6.582589e-06;-0.056326885;1.2481032e-06;0.4114143;0.09747108;-0.082818046;0.8041575;0.08376322;0.054638248;-0.062119767;5.766371e-06;0.5133878;0.074432835;-0.048857667;0.7682798;-0.14749086;0.09269186;-0.10280084;0.00015504574;2.1341839e-07;-1.3619341e-05;-0.7277787;0.12806292;0.0059734974;0.7881117;0.2575218;-0.21598242;-0.044299796;0.00075305684;-7.216586e-06;-0.5528516;-0.054537416;0.24228624;0.40289474;-0.62187314;-0.13748816;0.41839465;-0.9825945;0.08763778;0.28369483;0.45433396;0.34281027;-0.36975214;0.12297234;-0.035585966;0.029157374;-0.5764711;0.020691978;-0.007886957;-0.27386314;-0.54382473;-0.0060413517;0.052630764;-0.46774122;-0.6101464;-0.27267474;-0.22672053;-0.9978483;-0.86657673;0.17934904;0.36609447;-0.08930301;0.06519616;-0.5205814;-0.65633893;-0.7478981;0.9195704;-0.774291;-0.20060995;-0.8285352;-0.74473774;-0.9041418;-0.37637174;-0.8844762;0.14412606;-0.33760852;-0.12001301
-0.053238258;0.0065542576;0.01636031;9.432365e-05;1.8472172e-05;-0.00039097486;-0.0015355629;8.95839e-07;-9.242402e-06;-0.31600434;0.10631899;0.37813556;-0.32865676;0.07157439;0.4203679;-0.00045593103;0.0008365869;-1.2290955e-05;-9.163818e-06;-0.055081688;3.1427699e-06;0.41095123;0.095326334;-0.0819735;0.8068002;0.08750933;0.05235369;-0.059161905;6.2863255e-06;0.5169168;0.07498335;-0.048713747;0.7613855;-0.1438293;0.09192037;-0.10281052;0.00016234434;2.3398024e-07;-1.3896104e-05;-0.7308212;0.13967967;0.007710641;0.78755033;0.26121986;-0.21600828;-0.06494155;0.00078263885;-7.474504e-06;-0.5499102;-0.05685579;0.23704714;0.39114878;-0.6148313;-0.14315268;0.4090118;-0.98305666;0.10543273;0.27509457;0.44759053;0.3467495;-0.36467126;0.11857643;-0.04512896;0.035386246;-0.58231395;0.037048582;-0.004970639;-0.27547395;-0.54222345;0.004421909;0.047075707;-0.46735904;-0.6138271;-0.26267907;-0.22821164;-0.99789596;-0.8663083;0.17373584;0.36113402;-0.089348815;0.04153883;-0.5246959;-0.6629999;-0.7444094;0.91890043;-0.7793162;-0.21911141;-0.8297918;-0.75785905;-0.9099281;-0.3895698;-0.8835357;0.12436871;-0.34156635;-0.14225364
-0.052990217;0.007057992;0.01615867;9.1830036e-05;1.8767983e-05;-0.0006479532;-0.0016104591;9.450372e-07;-8.917639e-06;-0.32384205;0.10653137;0.36742342;-0.3366584;0.07290762;0.4103046;-0.00045278823;0.0008570127;-1.2744102e-05;-1.1560746e-05;-0.053097565;5.035359e-06;0.41068715;0.09316467;-0.08104215;0.8081283;0.09070649;0.050634965;-0.05566809;6.707487e-06;0.5202275;0.07567948;-0.04860688;0.7545581;-0.14069977;0.09161969;-0.102754265;0.00016879156;2.315137e-07;-1.3990983e-05;-0.7345628;0.1521634;0.008828104;0.7865113;0.2600549;-0.21492384;-0.08692345;0.0008078492;-7.5946155e-06;-0.5481148;-0.058566;0.22839127;0.38215858;-0.6059842;-0.14870812;0.39705834;-0.9834288;0.11884423;0.26628083;0.44130793;0.34991282;-0.36054927;0.11672154;-0.052399907;0.041849695;-0.5872006;0.05365627;-0.0017801982;-0.27622092;-0.5409382;0.014432838;0.040648922;-0.46550238;-0.618537;-0.25073737;-0.2298066;-0.99794847;-0.86569625;0.16572303;0.35593385;-0.08581928;0.018236276;-0.5244785;-0.6646088;-0.73824257;0.91656816;-0.7840349;-0.23980592;-0.82872546;-0.7667974;-0.9138225;-0.40055227;-0.88059723;0.108940855;-0.3427653;-0.16385813
-0.052798457;0.007494758;0.01593264;8.824677e-05;1.8789666e-05;-0.00090107124;-0.0016716764;9.805091e-07;-8.451418e-06;-0.33050942;0.10655171;0.35708058;-0.34339142;0.07398327;0.40017185;-0.0004462261;0.0008711813;-1.3003708e-05;-1.3737734e-05;-0.050539363;6.942002e-06;0.41081095;0.091028646;-0.08010621;0.8083933;0.09329298;0.04953174;-0.051656984;7.0169335e-06;0.5232542;0.076502256;-0.04856007;0.7483478;-0.13841826;0.09184309;-0.102690145;0.00017396724;2.0785956e-07;-1.3891622e-05;-0.73871714;0.16436075;0.009254109;0.78526396;0.25512692;-0.21358162;-0.10878413;0.0008269723;-7.583498e-06;-0.54735357;-0.059257265;0.21639611;0.37650785;-0.5952377;-0.15357095;0.38177794;-0.98367673;0.12830096;0.25744683;0.43600506;0.35313764;-0.35770285;0.118534476;-0.05509545;0.04986087;-0.5915512;0.070646025;0.0020087813;-0.2746646;-0.5387232;0.024550483;0.034252275;-0.46088725;-0.62344277;-0.23619582;-0.23131308;-0.9979969;-0.8643279;0.15584283;0.3509845;-0.0787292;-0.003739488;-0.5189102;-0.6602945;-0.72919357;0.9124128;-0.78811413;-0.2624134;-0.82491785;-0.771886;-0.9156756;-0.40892622;-0.8751334;0.09751827;-0.34044772;-0.18516676
-0.05270338;0.00783934;0.015726516;8.373347e-05;1.8539722e-05;-0.0011507119;-0.0017174303;1.0039174e-06;-7.87805e-06;-0.33516565;0.10656699;0.34742317;-0.34802485;0.07494671;0.3903108;-0.00043613222;0.00087857404;-1.3074226e-05;-1.5759739e-05;-0.047620464;8.840183e-06;0.41150185;0.08897464;-0.07926438;0.80816513;0.09544428;0.048984673;-0.047327273;7.2227267e-06;0.5260287;0.077425346;-0.048592366;0.743395;-0.13718073;0.092520185;-0.10271405;0.0001776923;1.7003185e-07;-1.3596655e-05;-0.7430085;0.17520428;0.009035874;0.7840742;0.24824013;-0.21305093;-0.12904496;0.0008394019;-7.4679556e-06;-0.54732573;-0.058770802;0.20150754;0.3741408;-0.5824807;-0.1572825;0.3632261;-0.9837734;0.13518205;0.24865358;0.43226248;0.3574074;-0.35618892;0.12470857;-0.05137624;0.060892325;-0.59604234;0.08827567;0.0069177616;-0.26913762;-0.53392947;0.035684045;0.02895056;-0.45211357;-0.6274076;-0.21847843;-0.23237538;-0.99803317;-0.86188185;0.14495833;0.34679013;-0.06855943;-0.024741054;-0.5074271;-0.64925003;-0.7174636;0.90611124;-0.7918997;-0.28727084;-0.8183196;-0.77335674;-0.9157207;-0.41476157;-0.8668982;0.089571625;-0.33530807;-0.20696099
-0.05272847;0.008083267;0.015577407;7.846404e-05;1.802505e-05;-0.0014000754;-0.0017490941;1.0172859e-06;-7.2416587e-06;-0.3373324;0.10676075;0.33877975;-0.3501051;0.075944945;0.38116443;-0.00042266547;0.00087975553;-1.2967037e-05;-1.7802002e-05;-0.044560745;1.0675249e-05;0.41286153;0.08705642;-0.078599684;0.80809224;0.09747675;0.04890048;-0.04295177;7.338662e-06;0.5286292;0.07842654;-0.048715446;0.74030185;-0.13709576;0.09350579;-0.102926984;0.00018002326;1.2507371e-07;-1.3105877e-05;-0.747259;0.1839419;0.008328692;0.7830975;0.24123105;-0.21428537;-0.1463618;0.0008455366;-7.2771218e-06;-0.54769075;-0.05723061;0.18442963;0.3747111;-0.5676527;-0.1596701;0.34215373;-0.983701;0.14152278;0.2398743;0.430545;0.36336067;-0.35579413;0.13525191;-0.04033659;0.076019935;-0.6011645;0.10674988;0.013520886;-0.25815308;-0.5252178;0.048809938;0.02579748;-0.43794787;-0.6294749;-0.19718;-0.23247309;-0.99805313;-0.8583583;0.13399816;0.34361812;-0.05615634;-0.04573144;-0.48988047;-0.6307964;-0.70374566;0.89728963;-0.7961798;-0.31491166;-0.80935824;-0.7714655;-0.91443163;-0.41841543;-0.8560415;0.08473043;-0.32892424;-0.2299012
-0.052873313;0.008233869;0.01550656;7.263955e-05;1.726477e-05;-0.0016546013;-0.0017704628;1.0224572e-06;-6.5875283e-06;-0.33694506;0.107254155;0.3314932;-0.34960178;0.07706844;0.3732292;-0.0004060519;0.0008759182;-1.2702134e-05;-2.011229e-05;-0.041562617;1.2389137e-05;0.4148726;0.08532783;-0.078165844;0.80869514;0.099740475;0.0492078;-0.038789734;7.3816773e-06;0.53111684;0.07948436;-0.048927333;0.7395155;-0.13820906;0.09464878;-0.10340336;0.00018117277;7.95917e-08;-1.2428034e-05;-0.7513679;0.19020247;0.0073952824;0.78234434;0.23560455;-0.21793097;-0.15964319;0.0008464022;-7.0407114e-06;-0.5481676;-0.054952737;0.16601698;0.37781942;-0.5508231;-0.16086794;0.31977555;-0.9834453;0.14954503;0.23108861;0.43109596;0.37107745;-0.3561155;0.14952216;-0.022056613;0.09560139;-0.607012;0.12613977;0.022422254;-0.24075025;-0.5118436;0.06471538;0.02575461;-0.4174775;-0.62901187;-0.17206992;-0.23104271;-0.99805665;-0.85408366;0.12378425;0.34142497;-0.042569876;-0.0676536;-0.46644157;-0.60444665;-0.6891909;0.8856412;-0.80176723;-0.34555748;-0.79894936;-0.7666235;-0.9123877;-0.4203699;-0.8431812;0.08293669;-0.32305843;-0.25416943
-0.05311689;0.008308021;0.015518305;6.652903e-05;1.6311125e-05;-0.0019202933;-0.0017864896;1.0214036e-06;-5.962247e-06;-0.33426479;0.10807588;0.32588172;-0.3468099;0.07832228;0.36697167;-0.00038653804;0.00086841447;-1.2321689e-05;-2.2925382e-05;-0.03879743;1.39437725e-05;0.41739607;0.08384784;-0.07798876;0.8102603;0.1025553;0.049877346;-0.035051;7.3766714e-06;0.5334937;0.08056421;-0.049207203;0.74124324;-0.14048499;0.09584162;-0.104167484;0.00018141198;4.1567546e-08;-1.15981675e-05;-0.75526506;0.19396229;0.006587222;0.7817293;0.23245098;-0.22419767;-0.16817741;0.0008432574;-6.7952496e-06;-0.54861367;-0.052309897;0.14720054;0.3831062;-0.5323046;-0.16118202;0.297638;-0.9829915;0.16108681;0.22237091;0.4338994;0.38011274;-0.35664156;0.16641384;0.0024670085;0.119182706;-0.61331046;0.1463471;0.034177333;-0.21678089;-0.4936345;0.083787374;0.029604618;-0.39029095;-0.6256462;-0.14314736;-0.22760993;-0.9980455;-0.8495666;0.11497794;0.3399458;-0.028887287;-0.09105478;-0.43758002;-0.5700767;-0.6752542;0.87106675;-0.8091421;-0.37882212;-0.78840494;-0.75949293;-0.9101845;-0.42120886;-0.8294252;0.08437675;-0.31922036;-0.27945012
-0.05342585;0.008326327;0.015602767;6.0501043e-05;1.5267724e-05;-0.0022006985;-0.0018017631;1.0166387e-06;-5.4163684e-06;-0.329741;0.109164104;0.32217523;-0.3422031;0.07963153;0.36273152;-0.00036447274;0.0008584069;-1.1900469e-05;-2.6368452e-05;-0.03639504;1.532862e-05;0.4201973;0.082674205;-0.07807217;0.8128175;0.106173344;0.050907236;-0.03190001;7.3626143e-06;0.53569233;0.0816118;-0.04951811;0.74540675;-0.14376216;0.097027674;-0.10518879;0.00018098447;2.2271706e-08;-1.06922525e-05;-0.7588826;0.19546334;0.006285911;0.78115225;0.2324911;-0.23278648;-0.17175117;0.00083727523;-6.5906497e-06;-0.54908;-0.049614206;0.1289111;0.39029306;-0.5127259;-0.16087134;0.27752915;-0.98232126;0.17707713;0.21393308;0.438689;0.38966814;-0.3568069;0.18457177;0.03142736;0.14558055;-0.61956877;0.16706909;0.049116895;-0.18707459;-0.47086298;0.1058517;0.037821647;-0.35669854;-0.6191498;-0.11080244;-0.22188725;-0.99802136;-0.8452848;0.108091995;0.33887464;-0.016090205;-0.115894504;-0.4041426;-0.52823675;-0.66338825;0.8538309;-0.81827027;-0.41369727;-0.7791681;-0.7510151;-0.9083664;-0.42167053;-0.81624675;0.08921159;-0.31848955;-0.30513296
-0.053763438;0.008309193;0.015740225;5.5009266e-05;1.4284567e-05;-0.002494071;-0.0018192955;1.0111524e-06;-5.002934e-06;-0.32388607;0.11039974;0.32047477;-0.33630246;0.08087715;0.36066747;-0.00034039238;0.0008467036;-1.1540047e-05;-3.040909e-05;-0.03443272;1.6557951e-05;0.42299566;0.08184646;-0.07840134;0.8161747;0.110735446;0.052290637;-0.029468898;7.3890697e-06;0.53759223;0.08256057;-0.04981753;0.75164604;-0.14773095;0.09817439;-0.10639687;0.00018005734;3.558671e-08;-9.82378e-06;-0.7621559;0.19511108;0.0068038977;0.7805541;0.23609652;-0.24293387;-0.17072442;0.0008293606;-6.4879714e-06;-0.549807;-0.04703663;0.11198571;0.39922136;-0.49300995;-0.1599911;0.26127407;-0.98141223;0.1972394;0.20610048;0.44499335;0.39883286;-0.356064;0.20260723;0.062462743;0.17313959;-0.625274;0.18777148;0.06717002;-0.15336065;-0.44414803;0.1301085;0.05044569;-0.31786278;-0.6093586;-0.07597853;-0.21383533;-0.9979851;-0.8415082;0.10352936;0.33805057;-0.004973931;-0.14145811;-0.3675028;-0.48051146;-0.6546604;0.8346866;-0.82863903;-0.44878644;-0.77241045;-0.7423551;-0.90735656;-0.42266533;-0.80514705;0.09722678;-0.3214627;-0.33057326
-0.054097127;0.008272818;0.015907839;5.0523668e-05;1.3522687e-05;-0.0027927777;-0.0018402351;1.0077187e-06;-4.7688227e-06;-0.3171818;0.11166098;0.3207845;-0.32958025;0.0819451;0.36079097;-0.00031500944;0.00083380716;-1.1342025e-05;-3.487927e-05;-0.032924306;1.7665032e-05;0.42552873;0.08136797;-0.078946374;0.820006;0.116230965;0.053995263;-0.027845673;7.5024145e-06;0.53905624;0.083345816;-0.050066467;0.7593738;-0.15198179;0.099243425;-0.1077035;0.00017873108;9.422365e-08;-9.117895e-06;-0.7650377;0.19336766;0.0082735475;0.779928;0.24322505;-0.2536264;-0.16600963;0.0008201479;-6.544462e-06;-0.5511442;-0.044553377;0.09708869;0.40986514;-0.47426268;-0.15843286;0.25034675;-0.98024565;0.22015218;0.19922902;0.4522104;0.40685642;-0.3539986;0.21932885;0.09314625;0.20015109;-0.63007593;0.20770691;0.087804385;-0.1178707;-0.4144266;0.15521486;0.067036554;-0.27566287;-0.5961653;-0.04017394;-0.20370886;-0.99793655;-0.8382763;0.10160789;0.33756113;0.0038134467;-0.16637473;-0.32967046;-0.42968532;-0.6494856;0.81490445;-0.8394779;-0.4826755;-0.7686891;-0.73475707;-0.9073945;-0.42517358;-0.79722303;0.10763101;-0.3282499;-0.35527837
-0.054404933;0.008224044;0.016088437;4.743412e-05;1.3105455e-05;-0.0030853883;-0.0018644923;1.0079003e-06;-4.7425856e-06;-0.31001383;0.11287327;0.32309926;-0.32239616;0.08276359;0.3630703;-0.0002891064;0.00082011195;-1.1374912e-05;-3.955827e-05;-0.031817105;1.8695071e-05;0.42761055;0.08119818;-0.07967065;0.8239714;0.12249673;0.055972368;-0.027039424;7.7276345e-06;0.5399707;0.083913445;-0.05022967;0.76786923;-0.15612388;0.10018846;-0.10901518;0.00017709075;2.0505831e-07;-8.674251e-06;-0.76750636;0.1906672;0.010571008;0.7793008;0.25333044;-0.26393414;-0.15890062;0.0008101283;-6.7949877e-06;-0.5534329;-0.041918408;0.08468576;0.4222767;-0.45762607;-0.15614875;0.2454429;-0.97881675;0.24364191;0.19360417;0.4597015;0.4133639;-0.35045326;0.23395558;0.12156289;0.22528301;-0.63389856;0.22597982;0.11010497;-0.08276062;-0.38296387;0.17951697;0.086728364;-0.2322722;-0.57959306;-0.005211775;-0.19207971;-0.9978764;-0.835531;0.10253794;0.3376959;0.009656462;-0.18878779;-0.29318896;-0.3794367;-0.64762825;0.79613614;-0.85003054;-0.5142543;-0.76786315;-0.72930527;-0.9085009;-0.43000868;-0.792876;0.11919413;-0.33850366;-0.3789526
-0.054679234;0.008156244;0.016277593;4.598382e-05;1.3086072e-05;-0.003359672;-0.0018914134;1.0113089e-06;-4.927366e-06;-0.30263367;0.114025734;0.3274619;-0.314966;0.08331154;0.3675102;-0.00026340515;0.0008060387;-1.1656113e-05;-4.4255008e-05;-0.03100519;1.969323e-05;0.42915624;0.08126188;-0.08054426;0.8278271;0.12927358;0.058185346;-0.026958507;8.060539e-06;0.5402737;0.08422072;-0.05027091;0.7764014;-0.15990947;0.100977786;-0.110236555;0.00017523838;3.6715937e-07;-8.5416395e-06;-0.7695594;0.18736678;0.013323838;0.7787067;0.26538062;-0.2733033;-0.15075108;0.00079972757;-7.2423427e-06;-0.55690867;-0.038691726;0.07506573;0.43647435;-0.44411245;-0.15336765;0.24628541;-0.9771439;0.26530808;0.18937762;0.46688187;0.4184109;-0.34561002;0.2462137;0.14667167;0.24778539;-0.6369232;0.24160747;0.13290164;-0.049680777;-0.35133144;0.20131774;0.108336255;-0.18969406;-0.5599334;0.027100682;-0.1798056;-0.9978061;-0.8332645;0.10634882;0.3387775;0.011910267;-0.20669733;-0.26074508;-0.3335354;-0.64844584;0.7800548;-0.8597368;-0.54283386;-0.7692769;-0.7266171;-0.9104872;-0.43755198;-0.79179734;0.13069187;-0.3514963;-0.4014171
-0.0549262;0.008049316;0.016484044;4.6257162e-05;1.3445679e-05;-0.0036043269;-0.0019196463;1.0154544e-06;-5.301452e-06;-0.29516375;0.11515032;0.3339402;-0.30737337;0.08359952;0.37414443;-0.0002384687;0.00079192047;-1.2155069e-05;-4.883986e-05;-0.03035498;2.0690328e-05;0.43016988;0.081474215;-0.08155442;0.83146733;0.13628092;0.060628746;-0.027433358;8.471543e-06;0.53996295;0.08423332;-0.05015176;0.7843462;-0.16328593;0.10162193;-0.11127322;0.00017325455;5.73491e-07;-8.714385e-06;-0.7711935;0.18373594;0.01600372;0.77816534;0.2780436;-0.28164268;-0.14259815;0.0007891804;-7.861847e-06;-0.5616641;-0.034348313;0.06836635;0.4523418;-0.434407;-0.15060923;0.2518112;-0.97527426;0.28298497;0.18656299;0.4732863;0.42234677;-0.34002447;0.256268;0.16827506;0.26736766;-0.63948226;0.25354588;0.15486802;-0.019731082;-0.3212712;0.21906132;0.13048463;-0.1495537;-0.53789496;0.05522084;-0.16790771;-0.9977283;-0.83154994;0.11281273;0.34098658;0.0099680815;-0.21840268;-0.23463164;-0.29493055;-0.6511844;0.767843;-0.86827326;-0.5680436;-0.77203155;-0.72655946;-0.91300815;-0.4476248;-0.79317224;0.14141575;-0.36624083;-0.42248118
-0.05516118;0.007874163;0.016723357;4.8210495e-05;1.4111138e-05;-0.0038088884;-0.0019462587;1.0161781e-06;-5.8239093e-06;-0.28764036;0.11628328;0.34254372;-0.29962292;0.08364197;0.38296407;-0.00021465356;0.00077769515;-1.2808043e-05;-5.3226122e-05;-0.029732333;2.169219e-05;0.4307113;0.081774205;-0.08270574;0.83488756;0.14325544;0.06332284;-0.028273845;8.915391e-06;0.53908485;0.08392324;-0.04983808;0.791263;-0.16635822;0.102187544;-0.112041995;0.00017110622;8.139614e-07;-9.145486e-06;-0.7723881;0.1799767;0.018056968;0.7776778;0.28997084;-0.289191;-0.13489334;0.00077825447;-8.613017e-06;-0.56767046;-0.028441764;0.06457553;0.46958825;-0.4286785;-0.14847477;0.2606246;-0.9732841;0.29507038;0.18507189;0.4785979;0.42558235;-0.33462584;0.2645498;0.18671337;0.28389114;-0.641977;0.26072228;0.17460714;0.006290225;-0.29442048;0.23140115;0.15175287;-0.11319105;-0.51468664;0.0779585;-0.15737146;-0.9976447;-0.83046174;0.12143628;0.34429473;0.0034215215;-0.22288448;-0.21634205;-0.26520663;-0.655166;0.75979364;-0.87549734;-0.5896323;-0.775192;-0.72815454;-0.91563797;-0.45957267;-0.7959417;0.15146317;-0.38162604;-0.44184333
-0.055403113;0.0076001324;0.017008532;5.1695155e-05;1.4972757e-05;-0.0039632805;-0.0019661756;1.0085233e-06;-6.4398337e-06;-0.28006598;0.117436185;0.35314366;-0.2917001;0.08344074;0.39383912;-0.00019211744;0.00076270214;-1.3528566e-05;-5.733828e-05;-0.029024448;2.267714e-05;0.43086872;0.08214893;-0.084009156;0.8381131;0.14995004;0.06628189;-0.029326709;9.337076e-06;0.5377227;0.083274536;-0.049312495;0.79691726;-0.1693175;0.10278445;-0.11248728;0.00016858522;1.0763542e-06;-9.759868e-06;-0.7730996;0.17625037;0.019010054;0.77724105;0.300037;-0.29630092;-0.12746544;0.0007660978;-9.446172e-06;-0.57481635;-0.020758497;0.063522846;0.48778132;-0.42650017;-0.14737326;0.27144173;-0.9712802;0.30072555;0.184766;0.48266155;0.4283987;-0.33063585;0.27157822;0.20251839;0.29712972;-0.6448617;0.26214343;0.19077718;0.027640585;-0.27197468;0.23723641;0.17083818;-0.08184311;-0.49195406;0.0944571;-0.14895399;-0.99755573;-0.82998216;0.13153286;0.34852433;-0.0077753155;-0.21997872;-0.20643005;-0.24456473;-0.65984696;0.75529486;-0.88137096;-0.60732096;-0.77791005;-0.7297978;-0.9179519;-0.47247213;-0.79902536;0.16164748;-0.39654619;-0.4590594
