0;1;2;3;4;5;6;7;8;9;10;11;12;13;14;15;16;17;18;19;20;21;22;23;24;25;26;27;28;29;30;31;32;33;34;35;36;37;38;39;40;41;42;43;44;45;46;47;48;49;50;51;52;53;54;55;56;57;58;59;60;61;62;63;64;65;66;67;68;69;70;71;72;73;74;75;76;77;78;79;80;81;82;83;84;85;86;87;88;89;90;91;92;93;94
-0.05530349;0.006466207;-0.0008957811;0.00067558885;0.00017569051;-0.0016941802;-0.000483114;-4.1340002e-07;-7.253136e-05;0.014049259;0.0776235;0.18263352;0.019460233;0.059043296;0.19914956;9.998029e-05;0.000105431274;-0.00020397728;-5.578958e-05;0.02122543;5.2108695e-05;0.3687383;0.070149615;-0.057991054;0.6663662;0.034259338;0.0056726504;-0.046565298;0.00013604222;0.39024317;0.092816144;-0.07086754;0.65536267;0.017875616;-0.009652692;-0.10653408;4.096224e-05;5.2208245e-05;-0.0001267716;-0.46610004;0.028383557;0.026002496;0.41029358;-0.10681168;0.048344284;0.09323374;0.00011661022;-0.00016782626;-0.4252823;0.08534517;0.041310214;0.4432187;-0.21453594;0.03991881;0.23463303;-0.7050099;0.14138435;0.116577886;0.272313;0.2795251;-0.29058436;0.29898497;0.2610088;0.21355626;-0.19203447;0.18380766;0.09429208;0.15343852;-0.3266843;0.21128517;0.20205627;0.0684939;-0.2945214;0.1511918;0.17453599;-0.7840163;-0.17559338;0.096882865;0.28893694;-0.1910712;0.014653468;-0.25220072;-0.068937905;-0.3899018;0.33797532;-0.5133088;-0.08095978;-0.4283264;-0.286306;-0.53256434;-0.08675487;-0.43769446;0.09063245;-0.24802192;0.00083333603
-0.058183037;0.008180597;0.0017212714;0.00029149244;7.134226e-05;-0.0037900186;-0.00067609525;9.5081225e-07;-2.9856557e-05;0.0271887;0.10713001;0.32349947;0.023556218;0.07793186;0.34689572;0.00019343387;2.5802547e-05;-7.512368e-05;-7.5808945e-05;-0.008386876;4.8493075e-05;0.45768043;0.08839337;-0.07868973;0.8690944;0.030766541;-0.0123310555;-0.092637;4.7828245e-05;0.49923196;0.102942705;-0.08916691;0.8659818;0.057357226;-0.036714632;-0.13445961;2.7881673e-05;2.0054715e-05;-5.2597607e-05;-0.635574;0.050048195;0.050624005;0.5377906;-0.13682725;0.13264029;0.054995593;7.305393e-05;-6.610123e-05;-0.5894186;0.12060579;0.08762604;0.59823257;-0.35543406;0.04702129;0.374363;-0.86435986;0.35432464;0.22802912;0.42007002;0.50370276;-0.38533586;0.5330503;0.49977022;0.53102964;-0.3616621;0.5675033;0.45503405;0.46218702;-0.35045385;0.59947604;0.5530674;0.35028198;-0.24366044;0.5309258;0.5066021;-0.9513215;-0.25303727;0.15574877;0.36066514;-0.3464066;-0.018548721;-0.4534703;-0.07043944;-0.5665229;0.45984948;-0.69523674;-0.103830606;-0.61927503;-0.41501883;-0.71952856;-0.092310525;-0.6389021;0.146054;-0.3583308;0.07223874
-0.06059685;0.007300419;0.0039612656;0.00012048066;2.7430593e-05;-0.004783507;-0.0007927365;1.6554576e-06;-1.13189235e-05;0.0094672395;0.11732503;0.36697453;0.0040953504;0.082824714;0.395746;0.00022058148;1.561435e-06;-2.101966e-05;-6.977421e-05;-0.008373362;5.2354855e-05;0.47945008;0.0998071;-0.08807074;0.9079474;0.03280664;-0.006293405;-0.115290664;1.0288422e-05;0.5321339;0.097917095;-0.09287826;0.91194963;0.0711054;-0.047094546;-0.13718897;2.9047378e-05;6.5360437e-06;-2.1778309e-05;-0.6800336;0.06971244;0.061188802;0.57120574;-0.14249994;0.17888759;0.009713976;8.0699945e-05;-2.249371e-05;-0.6564175;0.12383794;0.09110648;0.6517137;-0.4210351;0.09965663;0.34679413;-0.8809456;0.37326452;0.26878634;0.49314082;0.5748018;-0.43993273;0.61689514;0.6255191;0.6219128;-0.4319111;0.6990755;0.66222465;0.5791896;-0.23259;0.7213652;0.7006775;0.5058726;-0.09741725;0.6693059;0.61095905;-0.97353214;-0.31645155;0.16705573;0.39610863;-0.4208884;-0.019440165;-0.5481203;-0.07203028;-0.58986247;0.44910064;-0.72837824;-0.104189225;-0.65982056;-0.36716852;-0.7667891;-0.06584432;-0.6875115;0.19919768;-0.3949935;0.10428498
-0.061741002;0.006812702;0.0059846994;3.222865e-05;6.042799e-06;-0.0050738617;-0.00086711335;2.050287e-06;-2.3735702e-06;0.00222262;0.124339305;0.36981294;-0.002533961;0.0888888;0.40184548;0.00022116075;-5.3912227e-06;5.762442e-06;-6.12632e-05;-0.0049960786;5.432982e-05;0.48759493;0.10445593;-0.09335362;0.9206851;0.05024394;0.0045193164;-0.12544553;-8.591698e-06;0.5473085;0.0931164;-0.092502035;0.9316245;0.07258665;-0.050836284;-0.13685262;3.167271e-05;-2.2009044e-07;-6.7047804e-06;-0.7075104;0.08289715;0.056830063;0.6091573;-0.120832935;0.15941809;0.0118972175;9.08044e-05;-8.8708475e-08;-0.6969186;0.1258207;0.09705049;0.6943001;-0.45684654;0.1564857;0.3019228;-0.8890671;0.36675918;0.28637627;0.534087;0.6124532;-0.4806835;0.6784083;0.6927896;0.6513478;-0.48008266;0.74054676;0.7289645;0.6250678;-0.143949;0.75738406;0.748723;0.5770901;-0.023932325;0.7119218;0.6314818;-0.98112357;-0.35991678;0.20309393;0.44415423;-0.47521695;0.034684207;-0.61365676;-0.09980493;-0.6145801;0.48695838;-0.75873005;-0.12664682;-0.68214434;-0.3220867;-0.7959681;-0.07722021;-0.71381545;0.21538264;-0.43170077;0.09529399
-0.061873738;0.006632729;0.00695996;-8.061761e-06;-3.8944418e-06;-0.004938777;-0.00084877654;2.215248e-06;1.4084508e-06;-0.0028708756;0.13113314;0.3672147;-0.0060833483;0.09555439;0.40150616;0.00020272471;-1.3011188e-05;1.7857237e-05;-5.248027e-05;-0.00064461667;5.4595213e-05;0.49366388;0.105028234;-0.09608044;0.9253258;0.0742802;0.012318271;-0.12585624;-1.7454426e-05;0.5547272;0.09055697;-0.09118306;0.9379519;0.0619576;-0.04955749;-0.13576436;3.107015e-05;-3.3038377e-06;4.4058834e-07;-0.72746694;0.09010983;0.037259486;0.6363253;-0.09855816;0.10374657;0.04149879;8.7822074e-05;1.0578864e-05;-0.7163711;0.12525658;0.099930726;0.724329;-0.479963;0.19457789;0.25702274;-0.89164937;0.3647447;0.29818654;0.55723375;0.63246423;-0.51342523;0.7191441;0.7203204;0.6621053;-0.5279927;0.74601936;0.7430006;0.64634573;-0.08351529;0.7618231;0.76052773;0.61182475;0.009570834;0.7209723;0.6307279;-0.9842054;-0.39231813;0.24796209;0.4817549;-0.5201547;0.13370652;-0.6485508;-0.10238264;-0.6460224;0.5468052;-0.7820554;-0.15924443;-0.6895702;-0.30775127;-0.80786633;-0.10418648;-0.7190858;0.22022225;-0.44237936;0.07017145
-0.061529532;0.006757871;0.0074791643;-2.7308823e-05;-9.322306e-06;-0.00471356;-0.00079261954;2.265248e-06;3.105466e-06;-0.011254214;0.13808341;0.3728197;-0.013438729;0.102171466;0.40805835;0.00018462316;-2.7094095e-05;2.3995293e-05;-4.9363975e-05;0.003402838;5.3666437e-05;0.50029916;0.102990754;-0.09830677;0.92837316;0.10150086;0.015846027;-0.121326365;-2.2154898e-05;0.55859774;0.09103366;-0.09014219;0.93895495;0.043846592;-0.04803841;-0.13568892;2.6053229e-05;-4.9110313e-06;4.4351473e-06;-0.74229944;0.09135325;0.004500229;0.6485512;-0.09245545;0.035476465;0.0885859;7.054328e-05;1.609206e-05;-0.7242213;0.12527609;0.0948534;0.7438249;-0.4995155;0.22020929;0.20939232;-0.8931348;0.36941373;0.3069411;0.57041365;0.6404719;-0.5361139;0.74316555;0.72292924;0.6644098;-0.5649817;0.73666584;0.7355055;0.6571383;-0.053641137;0.75400776;0.7588672;0.62697953;0.011185558;0.7175182;0.62430876;-0.9856535;-0.4319249;0.28901032;0.50741845;-0.5552396;0.25094894;-0.65291464;-0.061353773;-0.67054784;0.59456915;-0.7906374;-0.18660448;-0.6804123;-0.31399873;-0.8020678;-0.12614162;-0.7050115;0.23460813;-0.42059276;0.037744224
-0.061146192;0.007316694;0.007926964;-3.8012513e-05;-1.2590317e-05;-0.0046341303;-0.0008123146;2.256751e-06;4.0124287e-06;-0.024727354;0.14573541;0.3909022;-0.027086183;0.108934514;0.42651802;0.00018313507;-4.215924e-05;2.749794e-05;-5.477175e-05;0.005986432;5.216516e-05;0.50714475;0.09871385;-0.10042744;0.93082166;0.12806877;0.01513708;-0.11489036;-2.480358e-05;0.5604728;0.09425135;-0.08993343;0.93833536;0.02336549;-0.04860158;-0.13724937;2.0304913e-05;-5.9467784e-06;6.860879e-06;-0.75005734;0.08810066;-0.036679238;0.6401205;-0.10055911;-0.029136514;0.13802043;5.0736744e-05;1.9166706e-05;-0.72502196;0.1270613;0.08114056;0.7528679;-0.5093578;0.23113929;0.1623826;-0.89409554;0.37865397;0.31401503;0.5754787;0.6442235;-0.5384013;0.75897396;0.7129943;0.6644669;-0.5717885;0.72341305;0.7202976;0.6621581;-0.05700886;0.7419846;0.75449383;0.63408583;-0.0025088657;0.70922065;0.61785483;-0.98629904;-0.48451483;0.3183951;0.5229075;-0.57449895;0.35208035;-0.62696743;0.013188919;-0.6768087;0.61314607;-0.77850634;-0.20514221;-0.6551544;-0.315845;-0.7781012;-0.13642313;-0.67824686;0.2597427;-0.37657145;0.010782867
-0.061258357;0.008251227;0.008411549;-5.0321105e-05;-1.549261e-05;-0.004807248;-0.0009851468;2.2334962e-06;4.996713e-06;-0.03953869;0.15568286;0.42541716;-0.0430155;0.11635095;0.46235028;0.000204406;-4.7611684e-05;3.087538e-05;-6.6576154e-05;0.006443292;5.065438e-05;0.51440454;0.09383605;-0.10254896;0.9342592;0.15100735;0.012125396;-0.11007624;-2.7066664e-05;0.5623691;0.09842707;-0.090237126;0.9380224;0.004334731;-0.05064265;-0.14025123;1.9246407e-05;-7.064147e-06;9.028896e-06;-0.75128657;0.085107096;-0.07582225;0.609794;-0.11480353;-0.07976996;0.17348787;4.4967135e-05;2.2089109e-05;-0.7230064;0.12998189;0.0655333;0.75286245;-0.50536644;0.22730465;0.12258648;-0.8951916;0.39351806;0.32316294;0.57678556;0.6524572;-0.5200588;0.7745355;0.7033405;0.6673357;-0.54630965;0.71142966;0.706091;0.665161;-0.09157378;0.72780156;0.7516299;0.6416825;-0.017482942;0.69650656;0.61106765;-0.98671174;-0.539191;0.3352134;0.5304795;-0.57323396;0.4180439;-0.57431895;0.0980569;-0.6641933;0.6023714;-0.74747735;-0.21429364;-0.6175774;-0.30406174;-0.7389335;-0.1345746;-0.64570785;0.28817627;-0.32779592;-0.0007374713
-0.062176637;0.009225677;0.00897904;-6.371527e-05;-1.7544662e-05;-0.005134342;-0.0012950801;2.1850842e-06;5.8611404e-06;-0.049635448;0.16749072;0.47098216;-0.05455915;0.12374627;0.5107365;0.00024151843;-3.5775418e-05;3.3864868e-05;-8.004774e-05;0.0054069376;4.8968166e-05;0.5204405;0.08994669;-0.10429805;0.9383419;0.1667627;0.008054696;-0.10813132;-2.8799448e-05;0.5639935;0.10155662;-0.090296455;0.9382954;-0.008667652;-0.05279097;-0.14368117;2.542901e-05;-8.1189355e-06;1.0646749e-05;-0.7465489;0.08389735;-0.10534906;0.563016;-0.1265376;-0.111282304;0.18974994;6.18352e-05;2.4730136e-05;-0.7209973;0.1332817;0.05417578;0.745476;-0.4899818;0.21027057;0.09516988;-0.89690876;0.41760382;0.33041856;0.5760965;0.66565937;-0.49131525;0.7885636;0.69746643;0.67272615;-0.49930564;0.6961564;0.6912415;0.66752803;-0.15705816;0.7067145;0.744438;0.65083236;-0.037510596;0.67520887;0.59636104;-0.9869102;-0.58047086;0.33928767;0.53060406;-0.5513205;0.44724908;-0.50238156;0.17425011;-0.6373862;0.57123554;-0.7064708;-0.20932433;-0.5714854;-0.28986913;-0.68961525;-0.12051711;-0.60968107;0.3100372;-0.2838538;0.004831397
-0.06366393;0.009931436;0.009546479;-7.366168e-05;-1.760869e-05;-0.005484315;-0.0016922152;2.0905209e-06;6.0965176e-06;-0.05323106;0.1788937;0.5161054;-0.059594747;0.12990831;0.5590401;0.00028513864;-5.525435e-06;3.5377016e-05;-9.2528455e-05;0.0039024674;4.672366e-05;0.5237468;0.087349616;-0.10504361;0.94133484;0.17206328;0.0026285248;-0.10649009;-2.9323113e-05;0.56388295;0.10218403;-0.08945223;0.93958914;-0.014206094;-0.054117344;-0.1467659;3.823513e-05;-8.752548e-06;1.0881879e-05;-0.73461413;0.081546254;-0.124255456;0.5038141;-0.130102;-0.12587185;0.19044976;0.00010029305;2.6181719e-05;-0.71904373;0.1371395;0.04980281;0.73237854;-0.47013324;0.18869776;0.08393428;-0.89996445;0.44448107;0.3319301;0.57215774;0.67783856;-0.46225727;0.7964662;0.69243515;0.6766146;-0.43915907;0.6697161;0.66651416;0.66783327;-0.24423447;0.6726569;0.7245181;0.6577842;-0.067861356;0.6386329;0.56341034;-0.98688865;-0.5991966;0.33190113;0.5243098;-0.51069564;0.4498226;-0.42084652;0.23428054;-0.6043988;0.5291689;-0.66923386;-0.19161533;-0.5236187;-0.29116943;-0.63579863;-0.09698951;-0.57538086;0.31617352;-0.24723935;0.026296195
-0.06521058;0.010285297;0.0099974815;-7.8060315e-05;-1.5370111e-05;-0.005815373;-0.0021357192;1.9594231e-06;5.5232667e-06;-0.053602383;0.18835187;0.5540063;-0.061248776;0.13437942;0.5993207;0.00033079032;3.796273e-05;3.5044417e-05;-0.00010313326;0.0020582944;4.416438e-05;0.52417076;0.08544698;-0.10439883;0.94250786;0.16782436;-0.0045200493;-0.10301075;-2.851487e-05;0.5618827;0.10005869;-0.087470636;0.94225776;-0.0152453;-0.054518323;-0.14929906;5.592191e-05;-8.8452725e-06;9.453448e-06;-0.71388304;0.07330244;-0.13544577;0.4302159;-0.12951183;-0.12664087;0.18060678;0.0001543047;2.6168971e-05;-0.71460646;0.14163351;0.054254465;0.71348923;-0.45787194;0.17450802;0.08730316;-0.9037857;0.4658998;0.32826543;0.5645713;0.6841211;-0.4312075;0.7960781;0.68664306;0.67397404;-0.36448896;0.6256565;0.622162;0.6621148;-0.33820274;0.61840034;0.68467563;0.65692675;-0.10837812;0.57728887;0.50018334;-0.98690367;-0.59579986;0.31537837;0.51277024;-0.46075112;0.4431181;-0.34808305;0.27172002;-0.57558566;0.49139562;-0.651224;-0.17480224;-0.48543903;-0.31792194;-0.5923517;-0.077617384;-0.5537546;0.3035734;-0.22909614;0.05260118
-0.06645482;0.010334978;0.010334498;-7.761875e-05;-1.18737225e-05;-0.0061430996;-0.002578341;1.8318791e-06;4.3608743e-06;-0.05534426;0.1950662;0.5812262;-0.063919134;0.13720804;0.62782776;0.0003781561;8.335348e-05;3.3706398e-05;-0.00011135823;-0.00046667448;4.197657e-05;0.5232249;0.08359336;-0.10233384;0.94230914;0.15777019;-0.013027672;-0.097606234;-2.7122602e-05;0.5599502;0.09624639;-0.084644824;0.9458442;-0.017221702;-0.05324501;-0.1515796;7.581081e-05;-8.576077e-06;7.102368e-06;-0.6835519;0.05302338;-0.14422137;0.3433961;-0.13946521;-0.11594038;0.1670503;0.00021376344;2.5328016e-05;-0.70523244;0.14641914;0.06720552;0.6872113;-0.4669813;0.17786616;0.09884748;-0.90866107;0.47531635;0.32157388;0.5557274;0.68257487;-0.3863982;0.7875696;0.6801918;0.65881604;-0.26693597;0.5542384;0.54100674;0.64295274;-0.42424008;0.52974904;0.61063725;0.63700897;-0.16299228;0.47147462;0.382168;-0.9876475;-0.57869905;0.29469132;0.49975264;-0.42621484;0.44794562;-0.32071233;0.27409148;-0.5710407;0.49764553;-0.674198;-0.1812756;-0.47950807;-0.3783076;-0.59484905;-0.08759372;-0.5622735;0.271317;-0.2527586;0.061000776
-0.06732504;0.010014134;0.010519979;-7.0607755e-05;-7.839932e-06;-0.006440966;-0.0029520127;1.7297249e-06;2.5213085e-06;-0.06083892;0.1972048;0.594167;-0.06982248;0.13712946;0.64141494;0.00042577786;0.000118205484;3.181788e-05;-0.000116816685;-0.0031671713;4.0157905e-05;0.52309614;0.082515016;-0.09887047;0.94100535;0.14440957;-0.022423623;-0.09197175;-2.5501984e-05;0.55962783;0.091817215;-0.08153266;0.9486085;-0.022172322;-0.049389247;-0.1540487;9.392695e-05;-7.965144e-06;4.401896e-06;-0.6420991;0.015412857;-0.15522929;0.2543085;-0.17447385;-0.08968143;0.15527366;0.00026570744;2.3728091e-05;-0.68866146;0.15144381;0.084901184;0.65100557;-0.4981021;0.19658019;0.11421441;-0.9154566;0.4633756;0.3153983;0.5499744;0.6717679;-0.31021675;0.7690033;0.6668493;0.61971086;-0.13668883;0.42720267;0.382514;0.5956488;-0.4874338;0.37428287;0.46822137;0.57693136;-0.23116395;0.28127605;0.1652775;-0.98902893;-0.5515926;0.27744004;0.4915411;-0.41934896;0.46873036;-0.35245207;0.24023221;-0.5984814;0.562362;-0.7340463;-0.21259248;-0.5112652;-0.45893702;-0.6520423;-0.13134146;-0.6009307;0.22393987;-0.3201069;0.044866014
-0.06778778;0.009136815;0.01020526;-5.524559e-05;-2.710236e-06;-0.0065909745;-0.0031871437;1.6282212e-06;-5.485781e-07;-0.06857754;0.19228742;0.5897898;-0.07789227;0.13219027;0.63724995;0.00046497193;0.0001388067;2.873395e-05;-0.00011827271;-0.0046651023;3.7251797e-05;0.525927;0.083930224;-0.09374988;0.9369713;0.1272959;-0.031822264;-0.0870255;-2.3081302e-05;0.55992717;0.086492114;-0.078749;0.9484882;-0.026614381;-0.042775564;-0.15605125;0.00010649882;-6.846989e-06;1.0254007e-06;-0.58490497;-0.04094827;-0.16444251;0.17112301;-0.23242064;-0.037360173;0.14426152;0.0003018192;2.0708889e-05;-0.66138273;0.15470856;0.10004902;0.6051322;-0.5327064;0.2134692;0.13846277;-0.9288754;0.4059726;0.31106457;0.5491273;0.64402366;-0.21534353;0.7247761;0.61881095;0.53428036;-0.0058852322;0.1842748;0.08330224;0.48996314;-0.51290745;0.09739742;0.19779491;0.43618777;-0.31018558;-0.05152231;-0.18204494;-0.9902428;-0.50948477;0.26551715;0.48947334;-0.4149586;0.48950619;-0.40619707;0.18832783;-0.63859797;0.64386576;-0.7962036;-0.24649182;-0.5555443;-0.53143644;-0.72225285;-0.18266772;-0.6494285;0.17583103;-0.4014118;0.021866228
-0.06799148;0.0075822603;0.009707198;-4.0707062e-05;3.0736555e-06;-0.0064276773;-0.0032310386;1.498303e-06;-4.3716573e-06;-0.075269915;0.18196817;0.57096744;-0.08563268;0.124235705;0.6174432;0.00047840114;0.00015393068;2.5105459e-05;-0.000112753994;-0.0034590967;3.09547e-05;0.5339368;0.08943463;-0.08821889;0.9282903;0.10308548;-0.039969116;-0.08249714;-2.034298e-05;0.55951345;0.078328334;-0.07606502;0.9467738;-0.024227394;-0.035426505;-0.1549504;0.00011158825;-5.6697536e-06;-2.7447531e-06;-0.5069123;-0.1130124;-0.15313776;0.078726776;-0.2807194;0.033516463;0.14693198;0.00032432494;1.7317187e-05;-0.6259296;0.15514718;0.10566568;0.5665669;-0.5526274;0.21311374;0.18819514;-0.9552217;0.23994404;0.31374374;0.55609196;0.5769382;-0.20473826;0.6114587;0.4827814;0.35823068;0.00010645576;-0.2184342;-0.33681542;0.26972657;-0.47406477;-0.3090992;-0.20953268;0.15024807;-0.40264928;-0.4944246;-0.5631116;-0.99142694;-0.46208495;0.252307;0.48836422;-0.37785453;0.5004758;-0.4407505;0.1346519;-0.6758904;0.7086234;-0.8443882;-0.27065444;-0.59518385;-0.591651;-0.7741642;-0.22291638;-0.70082873;0.14134815;-0.4739364;0.0031642248
-0.06825258;0.0061244033;0.009345998;-4.2204163e-05;5.5473356e-06;-0.0060367873;-0.0031448586;1.3417931e-06;-6.7432193e-06;-0.0856182;0.17055212;0.5428122;-0.09691066;0.11698977;0.58712333;0.00045089092;0.00019084326;2.424384e-05;-0.00010075284;-0.0015979842;2.1159522e-05;0.5447679;0.09785346;-0.08469453;0.92042196;0.077161685;-0.046078436;-0.08051442;-1.9740997e-05;0.5604761;0.06826161;-0.07415323;0.9469852;-0.0135851465;-0.03138838;-0.15026945;0.000115176;-5.423739e-06;-4.1541352e-06;-0.42257634;-0.17942232;-0.124763615;-0.025174526;-0.28639203;0.08871304;0.19689874;0.00035351468;1.6623875e-05;-0.5932771;0.15470819;0.104098916;0.55591756;-0.5536543;0.19785494;0.26268682;-0.9778664;0.00022246689;0.3324732;0.5802078;0.46831104;-0.32731476;0.43043396;0.29435697;0.112854935;-0.164439;-0.5756168;-0.6414119;-0.03581984;-0.3710431;-0.6364491;-0.5332423;-0.20480135;-0.49758816;-0.7765391;-0.77026075;-0.99279505;-0.43983838;0.24544992;0.4944262;-0.30906335;0.48819304;-0.46088022;0.079430304;-0.7035498;0.75529397;-0.88298935;-0.29291043;-0.6338448;-0.6357602;-0.8083155;-0.25576937;-0.7527507;0.12919664;-0.52261335;-0.014084395
-0.06832098;0.005537238;0.00767392;-4.454737e-05;6.2508625e-06;-0.0054431283;-0.0029935557;1.1091871e-06;-8.590483e-06;-0.105958425;0.15911178;0.51232237;-0.11734103;0.10979021;0.5550554;0.00038044475;0.00025799256;2.1979416e-05;-8.460939e-05;-0.0011175643;1.0756696e-05;0.5501001;0.10457662;-0.081143185;0.91761804;0.054455463;-0.050393146;-0.08156742;-1.8424704e-05;0.55885565;0.060395032;-0.07516489;0.94734395;0.0022867243;-0.030173728;-0.14604953;0.00012232561;-4.854439e-06;-4.3068285e-06;-0.3469456;-0.22610438;-0.109998584;-0.117346145;-0.263132;0.10999367;0.30374533;0.00039752157;1.5301775e-05;-0.5693547;0.14996201;0.100122534;0.5571992;-0.5421338;0.18304923;0.33944765;-0.98830384;-0.20681044;0.35281202;0.6023773;0.35803634;-0.5075597;0.2875556;0.1990696;-0.07634647;-0.41660255;-0.72981954;-0.7601513;-0.26642275;-0.18401144;-0.774046;-0.668805;-0.43412957;-0.53738457;-0.8655077;-0.8248109;-0.99344987;-0.45811173;0.2468841;0.5007557;-0.24595317;0.43057066;-0.4866545;0.025989309;-0.7187243;0.7805746;-0.9088725;-0.3100969;-0.6643362;-0.64086926;-0.82686377;-0.27984518;-0.7890951;0.15520865;-0.53583753;-0.029348979
-0.06836751;0.005476476;0.0062380754;-3.6237878e-05;7.369177e-06;-0.004423253;-0.0026612654;8.2896497e-07;-1.0665346e-05;-0.13070036;0.14919096;0.4853696;-0.14233619;0.10290356;0.52947974;0.0002821667;0.00031154754;1.6030448e-05;-6.305438e-05;0.00014281273;1.7069833e-06;0.5478563;0.10560067;-0.0765723;0.9168726;0.033706903;-0.05637311;-0.08307111;-1.4818186e-05;0.5518906;0.05913181;-0.0781812;0.94797456;0.019873966;-0.03261686;-0.14707693;0.0001237405;-3.330766e-06;-4.9135706e-06;-0.28315854;-0.2773558;-0.117115;-0.14454721;-0.23867847;0.10299412;0.43217626;0.0004241028;1.12744165e-05;-0.55937403;0.14374337;0.09266191;0.5526991;-0.5383433;0.1800807;0.41231632;-0.9931252;-0.42171207;0.36005855;0.6009404;0.26318407;-0.68306744;0.20706102;0.19617878;-0.17722984;-0.6541867;-0.77139163;-0.7894707;-0.38079584;0.07413641;-0.8103781;-0.7105641;-0.54579365;-0.5088852;-0.88012916;-0.8197811;-0.99336153;-0.50251544;0.24020846;0.4913414;-0.21657918;0.3452263;-0.5197107;-0.024381464;-0.73239475;0.79142165;-0.9200633;-0.302457;-0.6779345;-0.60674435;-0.83225185;-0.28782216;-0.8067009;0.2202796;-0.53174263;-0.04417726
-0.06829029;0.0059861047;0.0070483377;-3.187626e-05;5.5379933e-06;-0.0033003704;-0.0021634807;6.431384e-07;-1.1060911e-05;-0.15786843;0.13771348;0.45334902;-0.1705145;0.095060036;0.5008389;0.00018746959;0.00032583077;1.2558536e-05;-4.0310468e-05;-0.0010836492;-3.8211438e-06;0.540514;0.09841225;-0.072378;0.91868;0.021792155;-0.063594684;-0.08209951;-1.2922566e-05;0.54420465;0.06758481;-0.08197871;0.9497104;0.03306953;-0.040557474;-0.15262307;0.00011660747;-2.3986868e-06;-3.6820275e-06;-0.25041774;-0.3432449;-0.13500978;-0.051830396;-0.20808208;0.06646496;0.5189967;0.00041865458;8.901465e-06;-0.5585315;0.13783136;0.0847893;0.540948;-0.5561255;0.19269782;0.46818206;-0.9953752;-0.61080104;0.34444433;0.5685033;0.17819805;-0.78767276;0.16888711;0.23422506;-0.20449704;-0.7614513;-0.74655706;-0.76646006;-0.4083337;0.15705544;-0.7884129;-0.6949125;-0.5919309;-0.49977896;-0.85730547;-0.7763266;-0.99320275;-0.5449914;0.2306612;0.47718412;-0.2085921;0.26726216;-0.5458219;-0.068523675;-0.7494948;0.800506;-0.9208428;-0.26852393;-0.67939425;-0.55120844;-0.8324352;-0.27932382;-0.81219727;0.29789633;-0.53066486;-0.05491612
-0.068313345;0.006484589;0.008974032;-3.8745697e-05;3.9953738e-07;-0.00259008;-0.0017645325;5.9857405e-07;-9.264084e-06;-0.17386682;0.13155031;0.42369407;-0.18741988;0.09204873;0.47369042;0.000120713376;0.00032368035;1.374475e-05;-2.3427132e-05;-0.0002462566;-4.613925e-06;0.5376703;0.08750986;-0.06876684;0.9240735;0.013694565;-0.067881234;-0.07596146;-1.4154051e-05;0.5426488;0.07830042;-0.0858988;0.9536975;0.040805075;-0.044403493;-0.15572682;0.00011086044;-2.6726848e-06;-2.4920155e-07;-0.25680327;-0.3992747;-0.1521747;0.09733295;-0.18861142;0.025158545;0.5420335;0.00040706762;1.00974285e-05;-0.56028354;0.12273043;0.0760135;0.5270274;-0.5718561;0.18855408;0.50095993;-0.9964013;-0.71341455;0.30587885;0.51258963;0.15371609;-0.82267314;0.21829835;0.32580194;-0.18151912;-0.76699865;-0.6723647;-0.70341045;-0.38753054;-0.003021253;-0.720527;-0.6235028;-0.5925281;-0.550845;-0.807316;-0.7060755;-0.9934751;-0.5743666;0.21762301;0.47066426;-0.20893435;0.21006644;-0.5631513;-0.09258513;-0.7650058;0.81540674;-0.91760373;-0.21683247;-0.68881667;-0.51800346;-0.83311737;-0.24935581;-0.8211858;0.34539425;-0.53533256;-0.056356102
-0.068531655;0.006516007;0.010773611;-4.0268293e-05;-3.1472591e-06;-0.0022998974;-0.0015313672;6.095198e-07;-7.5096104e-06;-0.17546552;0.13211548;0.4032329;-0.18869436;0.09427134;0.45337394;8.472668e-05;0.00031341187;1.4404475e-05;-1.3626504e-05;0.005435345;-1.5771802e-06;0.53845507;0.07697531;-0.065864995;0.92937124;0.011322001;-0.065394945;-0.06706869;-1.4971782e-05;0.54434043;0.08670982;-0.08877616;0.95732033;0.039834537;-0.040784042;-0.1538044;0.00010824373;-2.7968126e-06;2.0017324e-06;-0.2860316;-0.43253842;-0.16158497;0.22401541;-0.19587727;-0.0051074065;0.5174678;0.00039429349;1.0784133e-05;-0.55991846;0.09925619;0.067169935;0.5162488;-0.5699047;0.16211443;0.5066478;-0.9966861;-0.7502891;0.2537171;0.44589385;0.19145228;-0.81516;0.33661318;0.44481853;-0.14405102;-0.70842373;-0.571149;-0.6189253;-0.3506067;-0.27358297;-0.62353003;-0.5139937;-0.5672773;-0.62212765;-0.74241465;-0.6325149;-0.9938336;-0.58187896;0.20098732;0.46752837;-0.21504903;0.17961904;-0.57031476;-0.08649572;-0.7732503;0.83800614;-0.9122072;-0.15939286;-0.70804155;-0.530385;-0.83380324;-0.20453615;-0.8338008;0.35030067;-0.53678334;-0.05030339
-0.06859657;0.006175533;0.01227574;-3.2635173e-05;-4.0781742e-06;-0.002279975;-0.0013871072;6.4119115e-07;-6.6664506e-06;-0.17237267;0.1342058;0.38361654;-0.18403408;0.09797212;0.4321311;7.4593845e-05;0.00029142248;1.3467827e-05;-9.524141e-06;0.012592438;3.3960896e-06;0.5389001;0.06843757;-0.06421973;0.93288106;0.017075138;-0.058517903;-0.0614384;-1.4624049e-05;0.54609627;0.09335905;-0.09015214;0.95877784;0.032812875;-0.03612396;-0.14975177;0.00010537767;-2.4705005e-06;2.3890461e-06;-0.32297102;-0.44622;-0.1577551;0.31426367;-0.22003208;-0.0202494;0.46800315;0.00037334132;9.997195e-06;-0.5578185;0.077584885;0.06298529;0.5074086;-0.5549013;0.13315159;0.4912777;-0.99639875;-0.7533384;0.2034023;0.38320294;0.24368663;-0.77151465;0.44583562;0.53914225;-0.113236465;-0.5836091;-0.47051254;-0.53319246;-0.311248;-0.5200993;-0.5190101;-0.39701265;-0.5353778;-0.6838076;-0.6708615;-0.56471395;-0.9940475;-0.57232434;0.18675648;0.46086603;-0.2241537;0.179943;-0.5667106;-0.05572402;-0.77383286;0.86462486;-0.90502304;-0.109141186;-0.72932446;-0.57269967;-0.83606535;-0.16043748;-0.845894;0.32385367;-0.53421205;-0.0377444
-0.068294555;0.0055470453;0.013166299;-2.240471e-05;-4.129077e-06;-0.0024162796;-0.0012991875;6.8336897e-07;-6.2738836e-06;-0.17028463;0.13631584;0.35524112;-0.17968905;0.10285508;0.40121228;8.157869e-05;0.00026375492;1.25960505e-05;-9.492804e-06;0.01916987;8.530871e-06;0.5391911;0.06277483;-0.06340954;0.9348089;0.025293758;-0.050633945;-0.061995365;-1.4272853e-05;0.5475719;0.09796019;-0.09060147;0.95859814;0.026233118;-0.034364644;-0.14571866;0.000101737096;-2.1609376e-06;2.196466e-06;-0.35797712;-0.4434521;-0.1389154;0.3651392;-0.25095272;-0.012474533;0.4070985;0.0003477893;9.239971e-06;-0.5574688;0.06255246;0.06441271;0.49806497;-0.53177255;0.10777571;0.46675944;-0.99563515;-0.73571515;0.1653796;0.3371945;0.2910002;-0.68697876;0.5152295;0.596522;-0.08889849;-0.3907843;-0.38941365;-0.45473582;-0.27010524;-0.68602794;-0.42044696;-0.2913348;-0.50023675;-0.7269349;-0.59369296;-0.5022043;-0.99414957;-0.5595948;0.17732798;0.4500355;-0.23576567;0.20382635;-0.55654246;-0.013103773;-0.77047473;0.8896396;-0.8976991;-0.069374435;-0.75112015;-0.6204704;-0.8404688;-0.122105286;-0.85843176;0.28367993;-0.5293567;-0.017774388
-0.06766748;0.00480393;0.013192489;-1.2404751e-05;-4.453381e-06;-0.0025302933;-0.0012355462;6.973661e-07;-5.9798913e-06;-0.1694778;0.13910747;0.3178496;-0.17663622;0.10928438;0.36107984;9.5418975e-05;0.00023287302;1.2298231e-05;-1.1668839e-05;0.0249001;1.2178825e-05;0.53972584;0.06018466;-0.06315752;0.9355299;0.032349225;-0.04371834;-0.06736806;-1.4240402e-05;0.54822415;0.100220606;-0.09091593;0.9573537;0.023770887;-0.03608801;-0.1430875;9.600635e-05;-1.9919462e-06;2.2721651e-06;-0.38647863;-0.42743284;-0.11223867;0.37824905;-0.28355038;0.016470233;0.34399852;0.00031745984;9.008334e-06;-0.56119967;0.054847658;0.06734362;0.48993874;-0.50265497;0.08377777;0.4396824;-0.9945283;-0.7042535;0.14080682;0.31274104;0.33168405;-0.5705767;0.5494204;0.6233164;-0.06784461;-0.17608872;-0.32801336;-0.38364014;-0.22799253;-0.77420616;-0.33257312;-0.20596468;-0.46124294;-0.74791646;-0.513511;-0.4485192;-0.99415845;-0.554301;0.17370303;0.43830127;-0.25120184;0.2388824;-0.54387426;0.032182872;-0.7666357;0.9100111;-0.8902586;-0.037149545;-0.7727619;-0.6599959;-0.8442187;-0.08707779;-0.87155277;0.2450591;-0.5207697;0.008652202
-0.06673505;0.0041681593;0.012547849;-6.359187e-06;-6.367889e-06;-0.0024773462;-0.0011659533;6.5974666e-07;-5.281283e-06;-0.16844034;0.14275043;0.27893087;-0.17395958;0.116374;0.31998017;0.00010669111;0.00019917908;1.3445679e-05;-1.4211339e-05;0.029596053;1.3252866e-05;0.5409734;0.060240343;-0.063560896;0.9356875;0.03747687;-0.039096776;-0.07399165;-1.5062629e-05;0.54838717;0.100546695;-0.09151405;0.9554774;0.025921462;-0.040312346;-0.14242584;8.705858e-05;-2.1632513e-06;3.5578123e-06;-0.40844792;-0.4050453;-0.086754754;0.36484683;-0.31281018;0.056514934;0.28709444;0.00028057722;9.922951e-06;-0.56978536;0.053209335;0.06823784;0.4852105;-0.4690398;0.06002152;0.4139337;-0.9934673;-0.6687638;0.1293509;0.30839264;0.36573878;-0.45326063;0.56001276;0.62879074;-0.05043307;-0.004495499;-0.2792714;-0.32089305;-0.1904618;-0.8120457;-0.2574715;-0.14288908;-0.42349407;-0.749197;-0.43698785;-0.4062597;-0.9942129;-0.56289756;0.17584515;0.4301989;-0.26862928;0.27638012;-0.5326782;0.07314214;-0.76441705;0.9258798;-0.88240284;-0.00884303;-0.79356235;-0.6904648;-0.8456207;-0.05300897;-0.8847654;0.21239536;-0.51057345;0.04004404
-0.06547003;0.0037495473;0.011687843;-6.0518505e-06;-1.0288844e-05;-0.002247414;-0.0010758603;5.7817226e-07;-3.9235892e-06;-0.16495293;0.14530072;0.24674062;-0.16953361;0.1213231;0.2863784;0.000109673274;0.00016411192;1.633272e-05;-1.5845795e-05;0.032952335;1.2180029e-05;0.5427931;0.0615877;-0.06471382;0.93569356;0.04165049;-0.036871664;-0.07772065;-1.6893886e-05;0.54838103;0.10012677;-0.092274845;0.95297045;0.0313435;-0.045927525;-0.14332338;7.52491e-05;-2.7660935e-06;6.3395273e-06;-0.42643443;-0.38405642;-0.066625394;0.34311745;-0.33177888;0.097947985;0.24002486;0.00023776598;1.2178614e-05;-0.58034;0.054827984;0.06595162;0.48385143;-0.43250108;0.04218437;0.3907472;-0.99280685;-0.6386967;0.1309087;0.32102787;0.3925408;-0.35907578;0.5549586;0.62029356;-0.034949277;0.10566538;-0.23199502;-0.2571594;-0.16170618;-0.8253101;-0.1917022;-0.08821913;-0.39167535;-0.73882335;-0.36620268;-0.3596888;-0.994359;-0.58182585;0.18034762;0.42912453;-0.27999184;0.30971274;-0.51770806;0.107040495;-0.7623301;0.9368297;-0.87316024;0.019929314;-0.809467;-0.7109668;-0.8414831;-0.015127998;-0.8956835;0.1863041;-0.49904287;0.077049986
-0.06396305;0.0035197805;0.010942136;-1.2959237e-05;-1.5915226e-05;-0.0019322833;-0.00096962287;4.965483e-07;-1.9011932e-06;-0.15566395;0.14477408;0.22693068;-0.15988016;0.12196081;0.2655226;9.910242e-05;0.00013490126;2.0852312e-05;-1.6406e-05;0.035071578;1.0093863e-05;0.5449278;0.06279709;-0.06681261;0.9365117;0.04592774;-0.03690088;-0.07611335;-1.960194e-05;0.5487347;0.100151196;-0.09300805;0.9496965;0.039823934;-0.05269564;-0.1448487;6.241581e-05;-3.8793805e-06;1.0390009e-05;-0.4453117;-0.36539105;-0.04935986;0.32676432;-0.3341334;0.13091145;0.20594896;0.00019460505;1.585012e-05;-0.58898973;0.05687553;0.060907137;0.48689196;-0.39593953;0.039672192;0.3679193;-0.9924967;-0.61401844;0.14053974;0.347702;0.41401196;-0.29375228;0.5409332;0.6074808;-0.008115262;0.16295163;-0.15676273;-0.15075675;-0.1299135;-0.82958704;-0.108500525;-0.0003174008;-0.3539686;-0.72457844;-0.2799329;-0.2602428;-0.99454176;-0.60514915;0.18162116;0.4363547;-0.2741069;0.32957146;-0.4823118;0.13911727;-0.7526036;0.94041735;-0.8597028;0.0495173;-0.8140578;-0.7154468;-0.82461345;0.035261534;-0.90081143;0.17778727;-0.47639832;0.122382276
-0.06234954;0.0031615552;0.010339269;-2.705201e-05;-2.1763233e-05;-0.0015535213;-0.00084438035;4.6654998e-07;7.78673e-08;-0.13943082;0.14412853;0.2247063;-0.14414623;0.121411264;0.2634784;6.946726e-05;0.00011927186;2.5765912e-05;-1.6529197e-05;0.03587233;6.8679365e-06;0.54568803;0.063886285;-0.06988203;0.9381733;0.04863135;-0.036857795;-0.07108629;-2.2308013e-05;0.54864943;0.0995327;-0.093411244;0.944838;0.051691934;-0.06114032;-0.14511609;4.9402122e-05;-5.338072e-06;1.4683275e-05;-0.46204486;-0.34518144;-0.030253729;0.29538423;-0.31765178;0.15319094;0.18472712;0.00015703872;2.022268e-05;-0.5971293;0.062303483;0.056315023;0.5024319;-0.36191458;0.04925154;0.3424355;-0.9919923;-0.5836951;0.14608309;0.37773186;0.43721876;-0.26101506;0.52667654;0.6026252;0.05164127;0.15898664;-0.012058694;0.048031356;-0.061021224;-0.818058;0.041615356;0.16113734;-0.27368224;-0.69656366;-0.1269626;-0.060343888;-0.9947137;-0.6381643;0.17889997;0.44544527;-0.2530021;0.3297415;-0.41658083;0.17638183;-0.7255122;0.93193746;-0.8349202;0.07784915;-0.80480653;-0.69286627;-0.78356373;0.09984503;-0.8985981;0.20344764;-0.4265151;0.17766035
-0.060978603;0.0023985023;0.01000129;-4.6921545e-05;-2.671234e-05;-0.0010611722;-0.0006833081;5.2012876e-07;1.2811652e-06;-0.11874639;0.14513782;0.23396714;-0.12450884;0.12186673;0.27477846;2.2344992e-05;0.000114432805;3.0151481e-05;-1.5100633e-05;0.034884993;2.3369066e-06;0.5450139;0.06672803;-0.07351618;0.9392849;0.04848862;-0.032632966;-0.06782655;-2.441158e-05;0.5488906;0.098240614;-0.09363863;0.93896234;0.06580523;-0.06934086;-0.14322858;3.5964586e-05;-6.8858863e-06;1.8509338e-05;-0.47488964;-0.32336855;-0.0116511565;0.24596557;-0.2867348;0.16815934;0.17580877;0.00012466885;2.4655543e-05;-0.60639083;0.07637099;0.055998784;0.53014207;-0.33188584;0.06709635;0.3238473;-0.9910217;-0.5398244;0.1464979;0.41061172;0.4660384;-0.2602542;0.52116853;0.6104373;0.14612186;0.10258398;0.18700771;0.29437226;0.054589313;-0.7827858;0.24609102;0.35795003;-0.145098;-0.6481234;0.07661504;0.20234147;-0.99482524;-0.68010837;0.17747466;0.45348603;-0.22483994;0.3012023;-0.3317606;0.20689453;-0.67918664;0.90538585;-0.793174;0.11141998;-0.78015727;-0.62357026;-0.7071788;0.17082219;-0.887225;0.2706902;-0.34720278;0.24289598
-0.06013019;0.0016407537;0.009954021;-6.351364e-05;-2.9431714e-05;-0.00047768306;-0.0004625873;6.340093e-07;1.239503e-06;-0.09861371;0.14331284;0.2360265;-0.10484885;0.1198208;0.28009164;-2.6125255e-05;9.951906e-05;3.267746e-05;-1.1154329e-05;0.032058813;-2.4168185e-06;0.5413466;0.07236342;-0.07638376;0.93819994;0.051685933;-0.02032118;-0.069941394;-2.5112546e-05;0.5503158;0.098619506;-0.094149895;0.9331155;0.074081816;-0.07256418;-0.13915679;1.9949055e-05;-7.920527e-06;2.0918e-05;-0.4828058;-0.3056174;-0.0010434393;0.21572107;-0.25339165;0.17667484;0.18237114;8.524956e-05;2.7426955e-05;-0.61017674;0.09356946;0.061253633;0.5567621;-0.30291253;0.102158226;0.30887988;-0.99001426;-0.49237472;0.15369147;0.4507719;0.49208415;-0.2780575;0.53058004;0.6255549;0.2364726;0.037168548;0.35695636;0.45826554;0.170525;-0.7311969;0.41325584;0.4892949;-0.0272653;-0.5896581;0.23253557;0.3832223;-0.99492806;-0.7171081;0.18396021;0.46525994;-0.19868568;0.2450009;-0.26073536;0.21558627;-0.6220708;0.8625108;-0.7367797;0.15404697;-0.74052155;-0.5067962;-0.59942716;0.23127154;-0.86350816;0.3607245;-0.2613056;0.31018215
-0.05956521;0.0015448917;0.009810574;-7.374049e-05;-3.0217925e-05;7.912504e-05;-0.00019088198;7.682339e-07;6.4708e-07;-0.08426367;0.13497251;0.2180632;-0.090128206;0.112864;0.2650878;-6.8138645e-05;6.603995e-05;3.3596094e-05;-3.5814028e-06;0.0292063;-6.155853e-06;0.53334826;0.07811356;-0.077498205;0.93512285;0.063623436;-0.0015677591;-0.07464915;-2.4747962e-05;0.55206937;0.10158464;-0.09532564;0.92806447;0.0724629;-0.070471406;-0.13324137;1.6835038e-06;-8.362389e-06;2.1921573e-05;-0.4809305;-0.29701355;0.0032406545;0.2107652;-0.21854848;0.173923;0.19893523;3.773984e-05;2.8220413e-05;-0.6028944;0.10254935;0.067328624;0.57905704;-0.27460054;0.14553654;0.28214172;-0.989648;-0.45393676;0.16713893;0.48811412;0.5054983;-0.31431347;0.5522344;0.6447594;0.29199782;-0.025717909;0.4561988;0.5198937;0.2511485;-0.6799714;0.50316036;0.5357061;0.05164312;-0.5355689;0.30895782;0.44043922;-0.9951733;-0.7442988;0.19248551;0.47831467;-0.18833768;0.17830053;-0.2263478;0.20279068;-0.56773025;0.8118574;-0.6816847;0.18667157;-0.69212884;-0.37836933;-0.4884565;0.2607532;-0.82716775;0.44344538;-0.19202307;0.36287847
-0.058976028;0.0019927032;0.009472167;-7.6686265e-05;-2.9242889e-05;0.00050951797;9.3959854e-05;8.8496483e-07;-4.3655746e-10;-0.076258756;0.1213879;0.18427058;-0.08141285;0.102199875;0.23382391;-0.00010117532;1.5916296e-05;3.2832613e-05;7.317345e-06;0.027522676;-8.081712e-06;0.52190316;0.08221278;-0.07711293;0.93123186;0.07977192;0.018676745;-0.07924069;-2.3404238e-05;0.55243284;0.105830505;-0.09660553;0.9235903;0.06590534;-0.064625025;-0.12617654;-1.7285427e-05;-8.210773e-06;2.1490036e-05;-0.46431857;-0.2965838;0.00917992;0.21273006;-0.18119413;0.15789711;0.22082539;-1.2901262e-05;2.6994036e-05;-0.585715;0.101678714;0.07467392;0.5938922;-0.2502484;0.17203325;0.24484295;-0.9899337;-0.4240914;0.17887825;0.51088655;0.50248635;-0.37499;0.5716163;0.6627821;0.31078747;-0.10652647;0.49075678;0.51691246;0.29391137;-0.6373519;0.52872777;0.527687;0.10451099;-0.49293017;0.3230269;0.41496918;-0.99546283;-0.762923;0.19293016;0.48307416;-0.200171;0.10255501;-0.22196195;0.18336947;-0.52971447;0.7494118;-0.64796644;0.19252416;-0.64470196;-0.25703603;-0.4139772;0.2508512;-0.7822903;0.50874317;-0.15371886;0.386763
-0.05835352;0.0025782876;0.009180399;-6.897631e-05;-2.5675748e-05;0.0008183327;0.0003791728;9.4466407e-07;-9.836731e-07;-0.074038595;0.10643656;0.15068959;-0.07852606;0.090155415;0.20304587;-0.00012057254;-5.5312164e-05;2.9245246e-05;1.883696e-05;0.02513897;-8.3142295e-06;0.5079806;0.08475476;-0.07629941;0.927515;0.09444691;0.036987156;-0.08573015;-2.0437627e-05;0.5484793;0.10972747;-0.09738201;0.91866624;0.060290035;-0.057265345;-0.12005585;-3.8558042e-05;-7.225324e-06;1.9015279e-05;-0.43408072;-0.30342007;0.017684715;0.21334687;-0.14471324;0.13526368;0.24848352;-7.33162e-05;2.3003027e-05;-0.5631661;0.09550789;0.083864905;0.5960876;-0.22957562;0.16919827;0.21123433;-0.99043;-0.3925817;0.1877842;0.5170079;0.48734185;-0.4527414;0.57618463;0.6708536;0.30605328;-0.21384421;0.47869998;0.47337636;0.30992717;-0.59904367;0.5136805;0.48732954;0.14660686;-0.4581;0.30524117;0.34001213;-0.9957527;-0.7763368;0.18474965;0.4768013;-0.22984853;0.01536217;-0.23200226;0.17351308;-0.51720315;0.6620839;-0.6432663;0.17484069;-0.6043608;-0.13060129;-0.38838664;0.2110554;-0.7365681;0.5605743;-0.14521326;0.37711912
-0.05771572;0.0028735616;0.00899058;-5.4416014e-05;-2.0294101e-05;0.0010717026;0.0006617723;9.463389e-07;-2.2469176e-06;-0.07587168;0.09587878;0.13646157;-0.08015399;0.08061273;0.19274963;-0.00012493317;-0.00014798681;2.3864268e-05;2.8508177e-05;0.019070297;-7.829309e-06;0.4944033;0.08643631;-0.076072544;0.92475826;0.10396897;0.050575923;-0.09600982;-1.6633901e-05;0.5386607;0.11225265;-0.09761141;0.913838;0.05927243;-0.050869476;-0.11712857;-6.385147e-05;-5.7532525e-06;1.51204e-05;-0.39834946;-0.31742975;0.021829436;0.21217458;-0.10885688;0.11398037;0.27876008;-0.00015052414;1.7429731e-05;-0.5415414;0.08982881;0.09284693;0.5911175;-0.2163342;0.1396997;0.19662896;-0.9908702;-0.33518147;0.19418953;0.51333976;0.47616142;-0.53684974;0.571163;0.66535956;0.30169412;-0.334438;0.4483877;0.41421083;0.32017374;-0.55905885;0.4886433;0.4337808;0.19288775;-0.42651796;0.29803333;0.24735738;-0.99614227;-0.7874601;0.17352149;0.4665125;-0.26891494;-0.07291662;-0.24868283;0.17595446;-0.53170156;0.54318154;-0.6574023;0.15422305;-0.5733704;0.019338427;-0.38838497;0.16510487;-0.69952285;0.6044369;-0.1483966;0.34676012
-0.05687461;0.002793278;0.008757724;-3.8230675e-05;-1.4392601e-05;0.0013190935;0.0009348335;8.9001276e-07;-3.5753837e-06;-0.07797689;0.09224011;0.14693002;-0.08299882;0.075865045;0.20736593;-0.00011171746;-0.0002555775;1.8279185e-05;3.483906e-05;0.009315325;-7.123039e-06;0.48371553;0.08715978;-0.07651683;0.92286545;0.10618285;0.058415197;-0.10714413;-1.3029843e-05;0.5247282;0.11420183;-0.097456954;0.9100771;0.06271807;-0.045944244;-0.11753004;-9.2328126e-05;-4.228881e-06;1.0796386e-05;-0.36689597;-0.33621094;0.014990076;0.2077807;-0.074277915;0.10265508;0.30406103;-0.00024300884;1.1887605e-05;-0.5270064;0.08782877;0.0977069;0.58843446;-0.21503416;0.10134151;0.20200357;-0.9913077;-0.23539288;0.19610032;0.50826985;0.48063537;-0.62129885;0.56262916;0.63999766;0.31162122;-0.44902036;0.41707167;0.35507292;0.34169877;-0.5187743;0.47161013;0.37295544;0.24703845;-0.40205914;0.31311238;0.15469563;-0.9966499;-0.7937524;0.16371652;0.45982692;-0.31277958;-0.14655383;-0.27464205;0.17908652;-0.5650262;0.40765753;-0.67506903;0.14571278;-0.5537856;0.19852133;-0.39281872;0.12948881;-0.6735534;0.6457607;-0.1491197;0.30830762
-0.055759106;0.002548228;0.008506274;-2.5482383e-05;-9.495387e-06;0.0015612564;0.0011622703;7.7103107e-07;-4.60069e-06;-0.08055158;0.09378013;0.17708944;-0.0873969;0.075172335;0.24002619;-8.429364e-05;-0.00035773788;1.4074991e-05;3.7833044e-05;-0.0023508475;-6.901042e-06;0.4768575;0.08546329;-0.07722781;0.9216355;0.1026246;0.05999036;-0.113987096;-1.0593329e-05;0.5094991;0.11654634;-0.09718758;0.90888095;0.071436286;-0.042130977;-0.12065085;-0.00011928408;-3.0497176e-06;7.1538234e-06;-0.3448734;-0.35844177;-8.6151995e-05;0.19455372;-0.045992885;0.1103383;0.3170573;-0.00033329587;7.812254e-06;-0.5268756;0.09104035;0.0962091;0.5923956;-0.22632957;0.07184279;0.22270182;-0.99192625;-0.108752;0.19171607;0.5036436;0.49293688;-0.6979305;0.54629767;0.59262276;0.3268881;-0.5466415;0.37917954;0.29390168;0.37141365;-0.47909778;0.45646003;0.300315;0.29400107;-0.3880539;0.3225821;0.06364884;-0.99717206;-0.79110074;0.16231653;0.46094495;-0.35868764;-0.20056026;-0.32375553;0.16426928;-0.6089114;0.29676542;-0.6980836;0.14308661;-0.55233526;0.37848598;-0.41139978;0.10285223;-0.660712;0.6871136;-0.1540446;0.26289517
-0.054802846;0.0022601793;0.008397758;-2.0934036e-05;-6.954884e-06;0.0017093935;0.0012583535;6.169097e-07;-5.0030358e-06;-0.08420037;0.09775137;0.22208853;-0.09348907;0.07635055;0.28506815;-5.1720024e-05;-0.00042384956;1.2700795e-05;3.7297414e-05;-0.01574926;-7.8749e-06;0.4744653;0.081688024;-0.07868736;0.9209311;0.09776647;0.05545028;-0.11399702;-1.0222386e-05;0.49555895;0.11816828;-0.0968161;0.9113823;0.0848404;-0.03872347;-0.12565836;-0.00013718533;-2.5817862e-06;5.1856478e-06;-0.33477035;-0.37921298;-0.012059393;0.16873132;-0.031683866;0.13615513;0.31097916;-0.00039145086;6.362272e-06;-0.5408255;0.099751815;0.095087245;0.60232323;-0.24687955;0.050020102;0.25656524;-0.9926503;0.0051040426;0.19202736;0.498818;0.49454278;-0.75788283;0.50880146;0.52154166;0.3250052;-0.6232098;0.31103;0.21223187;0.38547426;-0.43925005;0.4186855;0.20748988;0.30675262;-0.38984954;0.2883843;-0.0378679;-0.99752766;-0.77616;0.17965962;0.4732897;-0.40374064;-0.23495041;-0.40227962;0.11900182;-0.65865886;0.24932592;-0.7333718;0.1365611;-0.5717041;0.5025521;-0.45888942;0.07676816;-0.66723716;0.7191501;-0.17002861;0.21702527
-0.054492816;0.002075263;0.008785982;-2.5486574e-05;-7.582421e-06;0.0016312287;0.0011599595;4.74559e-07;-4.5816705e-06;-0.08834733;0.10277808;0.27835852;-0.09985183;0.07816944;0.3386431;-1.8662713e-05;-0.00043852796;1.4907622e-05;3.354784e-05;-0.031311005;-9.072508e-06;0.4778033;0.07705675;-0.08202282;0.9215816;0.09943624;0.045885928;-0.108094424;-1.2389399e-05;0.48622218;0.118016794;-0.09593658;0.91554147;0.09529422;-0.035547223;-0.13206698;-0.00014066376;-2.9690418e-06;5.466238e-06;-0.33677968;-0.39241806;-0.013042611;0.12961125;-0.040292583;0.16773067;0.27631247;-0.00039819742;7.926661e-06;-0.558168;0.1159096;0.10392021;0.61383533;-0.27790365;0.024764474;0.29379615;-0.9931906;0.06869551;0.21529931;0.5002215;0.46908978;-0.7935753;0.43598968;0.4212606;0.28363296;-0.6635816;0.19399944;0.09745398;0.35516486;-0.41339895;0.33041087;0.09154499;0.2622634;-0.41688672;0.1836058;-0.1572713;-0.9976026;-0.74533147;0.21876948;0.4963546;-0.44765246;-0.23778115;-0.49695194;0.047245372;-0.7131121;0.28539577;-0.7808518;0.120438956;-0.61147124;0.5377874;-0.5379361;0.047192838;-0.69627595;0.72803885;-0.19612134;0.18492319
-0.05487888;0.0018095546;0.009982587;-3.552332e-05;-1.0800228e-05;0.001276847;0.0008743495;3.7291204e-07;-3.5284975e-06;-0.09403369;0.110785514;0.3395702;-0.10695822;0.08262765;0.39530888;1.3034065e-05;-0.00040870818;1.9591185e-05;2.8991912e-05;-0.04660828;-8.702242e-06;0.48777944;0.0731981;-0.087587334;0.9243177;0.10941741;0.03379666;-0.09804078;-1.6351303e-05;0.48334643;0.11557647;-0.09373789;0.918136;0.09673893;-0.03062581;-0.13925467;-0.00012930509;-3.924062e-06;7.5581193e-06;-0.3438564;-0.3956076;-0.0063185417;0.07974816;-0.07730318;0.1909271;0.21631515;-0.0003546926;1.15838775e-05;-0.57172793;0.14087588;0.12227613;0.62327176;-0.3283515;-0.006593727;0.3273577;-0.9934268;0.06423351;0.2627263;0.5148222;0.4075389;-0.80428517;0.32154033;0.29237437;0.19300695;-0.6561925;0.024934925;-0.044927448;0.26689056;-0.4197036;0.17356782;-0.03455091;0.15454276;-0.4664243;0.00010043383;-0.27571997;-0.99740756;-0.6975584;0.26437905;0.5201792;-0.49031472;-0.20031632;-0.5888996;-0.034447283;-0.771482;0.39351806;-0.8338679;0.09156457;-0.6677521;0.48686388;-0.63569015;0.0211315;-0.7376577;0.71038955;-0.22897919;0.17221723
-0.05554478;0.001157971;0.0116492;-4.0540355e-05;-1.3228098e-05;0.0007421952;0.00045940283;3.2309902e-07;-3.230598e-06;-0.101123266;0.12269007;0.39284176;-0.11455537;0.090836935;0.4445006;3.8165526e-05;-0.00034735497;2.3184752e-05;2.544235e-05;-0.05726496;-6.760645e-06;0.49945477;0.07211161;-0.09354352;0.9258979;0.118731245;0.021495763;-0.085677736;-1.9576328e-05;0.4834749;0.11142498;-0.08973826;0.9174044;0.088713266;-0.020606609;-0.1448459;-0.000106477826;-4.570953e-06;9.089534e-06;-0.34763864;-0.3880674;0.0027625924;0.031994235;-0.12931848;0.1913635;0.1571758;-0.0002752923;1.4466408e-05;-0.57653344;0.16904822;0.14467667;0.62723285;-0.39504442;-0.03537112;0.3639231;-0.9932177;0.02352445;0.31338942;0.5319532;0.33060005;-0.7939942;0.20031479;0.17465527;0.08704624;-0.6090199;-0.15210891;-0.19193172;0.15246053;-0.45187637;-0.017474387;-0.14584702;0.018125717;-0.51815623;-0.21252011;-0.3686897;-0.9969784;-0.6438866;0.29634097;0.53590846;-0.52102137;-0.14028671;-0.6634662;-0.10806538;-0.82542497;0.5242717;-0.8810386;0.058664598;-0.7271214;0.3715791;-0.72771406;0.009629774;-0.778579;0.67369485;-0.27211326;0.17685936
-0.056225408;9.805453e-05;0.013149143;-3.3625285e-05;-1.2243079e-05;0.00016357511;1.3257959e-06;3.3709568e-07;-4.737398e-06;-0.10702989;0.13529156;0.4304892;-0.12042233;0.099650875;0.48024973;5.520582e-05;-0.00027122162;2.3538334e-05;2.3596072e-05;-0.06119316;-4.473419e-06;0.50650066;0.07439994;-0.09744308;0.92327416;0.119688;0.011169922;-0.07352428;-2.044106e-05;0.48225194;0.107300915;-0.08489359;0.91442996;0.0762066;-0.005537902;-0.14668019;-7.8138626e-05;-4.359521e-06;8.24497e-06;-0.346147;-0.3754949;0.008745785;0.0077579245;-0.18081915;0.16827795;0.123322405;-0.00018099835;1.4633726e-05;-0.5724034;0.19252928;0.1636446;0.62604374;-0.45955107;-0.053039055;0.40632257;-0.99256986;-0.0059178295;0.348677;0.53920066;0.27562892;-0.7691742;0.12686107;0.1138282;0.0074342606;-0.5389916;-0.29375964;-0.32873067;0.05433378;-0.4902628;-0.19221084;-0.23945913;-0.106193304;-0.55875885;-0.3954357;-0.44592822;-0.99633783;-0.596813;0.31013966;0.5455407;-0.5315965;-0.08621915;-0.71754205;-0.16677181;-0.86683047;0.6392435;-0.91519827;0.03891099;-0.77548516;0.22379488;-0.7971082;0.012614195;-0.81186813;0.62712544;-0.32676977;0.19314153
-0.056813378;-0.0010301931;0.013920225;-2.103753e-05;-9.082141e-06;-0.0003604837;-0.0004379777;3.88157e-07;-7.2027906e-06;-0.11030395;0.14589359;0.4530697;-0.12376175;0.10692112;0.5027061;6.348666e-05;-0.00019020142;2.196533e-05;2.4107783e-05;-0.05966427;-2.8118156e-06;0.50925267;0.07856204;-0.09894753;0.91761404;0.11370982;0.004545271;-0.06271451;-1.9826504e-05;0.47932738;0.103563264;-0.08092508;0.91122687;0.06632244;0.010069896;-0.14503609;-4.858971e-05;-3.676454e-06;5.915179e-06;-0.34116986;-0.36463404;0.008451002;0.00367598;-0.22150917;0.13797612;0.11042375;-8.414699e-05;1.32183195e-05;-0.5648388;0.20643745;0.17119932;0.6275776;-0.50750566;-0.061921246;0.44665456;-0.991938;-0.012489882;0.36511222;0.5365567;0.24913813;-0.74252564;0.103857376;0.10056918;-0.042385336;-0.4649338;-0.4033295;-0.44271097;-0.02632406;-0.530632;-0.34225792;-0.3173484;-0.20975712;-0.5950084;-0.5343238;-0.51138645;-0.9956414;-0.5631523;0.30903757;0.55198175;-0.52766895;-0.046472467;-0.7553492;-0.20822099;-0.8954721;0.72844434;-0.93824965;0.031337216;-0.81007946;0.06469186;-0.84318095;0.018559875;-0.8373507;0.57635236;-0.38193437;0.20669411
-0.0571656;-0.0018662428;0.013748023;-1.1002645e-05;-5.846232e-06;-0.0007768963;-0.00082561525;4.3271996e-07;-9.396055e-06;-0.11194165;0.15375671;0.4631281;-0.12582576;0.11257777;0.512955;6.158596e-05;-0.00010738385;2.0268897e-05;2.689613e-05;-0.054762308;-2.1382657e-06;0.51101047;0.082791895;-0.09910006;0.9111264;0.10454143;0.0019510604;-0.052986976;-1.9005922e-05;0.4761986;0.09963988;-0.07855977;0.90881157;0.06055348;0.022220764;-0.14166173;-1.9980456e-05;-3.0570882e-06;3.58744e-06;-0.33596516;-0.35657293;0.0030089961;0.004467383;-0.24281375;0.1136175;0.10420477;9.968469e-06;1.1926983e-05;-0.5593605;0.21012548;0.1638359;0.63930297;-0.53678507;-0.0666176;0.4752284;-0.99177325;-0.0052323677;0.36504287;0.5259342;0.2372415;-0.72655296;0.10942309;0.109411836;-0.07088159;-0.39966524;-0.4856235;-0.51929;-0.09630495;-0.5752544;-0.46291122;-0.36928156;-0.29146233;-0.6337104;-0.6284381;-0.55270547;-0.99511045;-0.5487084;0.29624;0.55439764;-0.5169524;-0.01408068;-0.7785951;-0.22825235;-0.9139897;0.79255533;-0.95332134;0.026336089;-0.83380795;-0.093433656;-0.87104565;0.020633213;-0.8570225;0.5260417;-0.4260059;0.20920923
-0.057348862;-0.0023683035;0.012915564;-4.327041e-06;-3.0714727e-06;-0.0010873916;-0.0011398904;4.566847e-07;-1.1007571e-05;-0.113011345;0.15820035;0.46446097;-0.1274848;0.11575412;0.51384723;5.4209515e-05;-2.9643721e-05;1.8804683e-05;3.0451225e-05;-0.04808029;-2.0241423e-06;0.5130199;0.08668033;-0.09882388;0.9050364;0.09437873;0.0017491707;-0.045091517;-1.8238454e-05;0.47381726;0.09541709;-0.0772752;0.9070869;0.056656346;0.029694451;-0.13853423;5.5827004e-06;-2.587556e-06;1.6304548e-06;-0.33334988;-0.34964398;-0.0064921407;0.011466372;-0.24654873;0.10032241;0.09980952;9.449413e-05;1.1028285e-05;-0.5589874;0.20704204;0.14450838;0.65941906;-0.5531393;-0.06689685;0.4879732;-0.9920183;0.005830229;0.3525265;0.5094826;0.22944915;-0.7207641;0.1282429;0.12579548;-0.08552693;-0.3393368;-0.5408537;-0.56148595;-0.15481076;-0.6185717;-0.5490213;-0.3957199;-0.35413152;-0.6717851;-0.68635976;-0.5725705;-0.99478215;-0.55218697;0.27705228;0.5522893;-0.5038058;0.016522914;-0.78911847;-0.22885369;-0.9249072;0.837092;-0.9623962;0.0222;-0.8498304;-0.23837812;-0.88681567;0.019359423;-0.8724521;0.47887424;-0.45705312;0.2022661
-0.057473607;-0.0026218423;0.01177773;-3.3096876e-07;-9.870855e-07;-0.0013291101;-0.0013761073;4.689981e-07;-1.2011922e-05;-0.11431509;0.15944454;0.4594716;-0.12934363;0.116358705;0.5077688;4.722536e-05;3.760573e-05;1.782595e-05;3.3176653e-05;-0.0410133;-1.9226281e-06;0.515104;0.090417996;-0.09857458;0.9001806;0.0845793;0.001707485;-0.040426634;-1.7707775e-05;0.47263885;0.091062866;-0.076465175;0.9057152;0.05362205;0.032801427;-0.13646124;2.6967795e-05;-2.29742e-06;1.854205e-07;-0.33461905;-0.34167224;-0.018234476;0.02917835;-0.23860359;0.09813473;0.096742846;0.00016528633;1.0579213e-05;-0.56379867;0.20053186;0.119807735;0.68167466;-0.5627556;-0.06116084;0.48746103;-0.9924398;0.015491861;0.33224696;0.49048802;0.22172889;-0.7191277;0.1489301;0.13918161;-0.08981933;-0.27924982;-0.5715088;-0.57788634;-0.19834456;-0.6562823;-0.6022025;-0.40207562;-0.4007498;-0.7048512;-0.7182132;-0.5771089;-0.99461126;-0.5678332;0.25624654;0.54662395;-0.48924813;0.046949126;-0.7897696;-0.21605611;-0.9304417;0.86820084;-0.96733725;0.021134114;-0.86062115;-0.3621246;-0.89528865;0.01695396;-0.88509464;0.43640324;-0.4782987;0.18904383
-0.05758996;-0.0026963402;0.010623233;1.7335406e-06;2.879242e-07;-0.0015384228;-0.0015415236;4.7992046e-07;-1.2438322e-05;-0.11575796;0.15875043;0.44962627;-0.13121043;0.11550588;0.49658725;4.3676948e-05;9.2480084e-05;1.7463957e-05;3.4185043e-05;-0.034542087;-1.5308906e-06;0.5166811;0.0939159;-0.09850063;0.8971295;0.07636885;0.00069572765;-0.03965172;-1.7509054e-05;0.47289866;0.08696352;-0.0757621;0.9045289;0.051049344;0.032391053;-0.13536048;4.399272e-05;-2.1937085e-06;-6.9204543e-07;-0.34014806;-0.33087155;-0.030377902;0.057292916;-0.22453687;0.10387585;0.09554144;0.0002213735;1.0570104e-05;-0.57134396;0.1922767;0.096508145;0.7003777;-0.56903774;-0.050536532;0.47925055;-0.9928541;0.024333296;0.3086245;0.47201768;0.21319677;-0.7172924;0.16425197;0.14392027;-0.08625956;-0.22034572;-0.58144575;-0.57501346;-0.22543718;-0.68760175;-0.6281504;-0.39294106;-0.43276906;-0.73087716;-0.7315418;-0.5691434;-0.994523;-0.5899375;0.23705553;0.5385249;-0.47337037;0.07609551;-0.7830041;-0.19642542;-0.93216187;0.889973;-0.96940684;0.024922224;-0.8676636;-0.46023571;-0.89903545;0.016013144;-0.89554787;0.40007988;-0.4924816;0.17338505
-0.057707846;-0.0026564372;0.009662798;2.9177172e-06;8.5588545e-07;-0.0017386222;-0.0016495791;4.9660287e-07;-1.2391574e-05;-0.11641507;0.1577344;0.43666142;-0.13212262;0.114680335;0.48245773;4.4218817e-05;0.00013515615;1.7586339e-05;3.315229e-05;-0.029006751;-7.539711e-07;0.51744694;0.09687212;-0.0985944;0.8960553;0.07040377;-0.001624048;-0.042388815;-1.7558792e-05;0.4746791;0.083475724;-0.074967116;0.9035324;0.048796386;0.029419532;-0.13493294;5.689922e-05;-2.2297827e-06;-1.0980293e-06;-0.3498113;-0.3163099;-0.041679267;0.092762575;-0.20927942;0.11394393;0.09725636;0.00026330672;1.0840537e-05;-0.57884496;0.18302983;0.079255365;0.71189654;-0.5733344;-0.037806902;0.4692464;-0.993167;0.03594501;0.28569508;0.45641053;0.2054288;-0.71309453;0.1732853;0.14178576;-0.077358514;-0.16655046;-0.57416934;-0.55768156;-0.23724508;-0.7123247;-0.6325472;-0.37198928;-0.45168832;-0.7496477;-0.7314889;-0.5502517;-0.99444586;-0.6146377;0.22143923;0.52869475;-0.45707372;0.1013066;-0.77129936;-0.17607565;-0.9310904;0.90479916;-0.96932185;0.033552498;-0.8720008;-0.5312727;-0.8994898;0.018601742;-0.90403587;0.37121555;-0.50175667;0.15912239
-0.057810422;-0.0025764832;0.0089677265;4.2251777e-06;1.0134536e-06;-0.0019428275;-0.0017176727;5.2494e-07;-1.2041055e-05;-0.115216255;0.15763922;0.4223626;-0.13101786;0.11498931;0.46740028;4.8079062e-05;0.00016720415;1.7905055e-05;3.0123196e-05;-0.02431495;3.9416773e-07;0.517554;0.09913606;-0.09874862;0.89660555;0.066182986;-0.0053532626;-0.047768895;-1.7679427e-05;0.47787088;0.0806582;-0.0740683;0.9028492;0.047445524;0.024618212;-0.13497397;6.6203036e-05;-2.3323591e-06;-1.2517121e-06;-0.3631831;-0.29777455;-0.050999735;0.1316847;-0.19578543;0.1261178;0.101747535;0.0002928058;1.1159747e-05;-0.5846171;0.17318454;0.070065476;0.7146491;-0.57628983;-0.02518647;0.46189126;-0.99334306;0.05361415;0.2672206;0.44545028;0.20132618;-0.7053315;0.17951998;0.13973895;-0.06481031;-0.12168872;-0.5528334;-0.5294647;-0.23681729;-0.72905153;-0.6199845;-0.3418179;-0.4603082;-0.7618762;-0.72180396;-0.5222153;-0.9943387;-0.6395467;0.21036507;0.51790327;-0.4419677;0.11945491;-0.7573991;-0.15931164;-0.9279081;0.9139485;-0.9675124;0.046080034;-0.87454927;-0.5762546;-0.89787376;0.02532799;-0.9108783;0.35099137;-0.5081365;0.14872572
-0.05786354;-0.0025171665;0.008461948;6.3403277e-06;1.1518714e-06;-0.0021548788;-0.0017611962;5.691867e-07;-1.1579308e-05;-0.11164591;0.1589125;0.40785822;-0.12742215;0.11681277;0.45256853;5.4354023e-05;0.00018987607;1.810948e-05;2.5339883e-05;-0.02028435;1.85526e-06;0.517324;0.10081824;-0.09881681;0.898016;0.06255833;-0.010358377;-0.054906655;-1.7685423e-05;0.4820835;0.078351595;-0.0732475;0.9026085;0.048107516;0.018389488;-0.13545464;7.229926e-05;-2.4304172e-06;-1.4252291e-06;-0.3795727;-0.27557167;-0.057145234;0.1703978;-0.18391396;0.13954177;0.106900625;0.0003114557;1.131068e-05;-0.5880324;0.16299039;0.06876724;0.7085362;-0.57833165;-0.0133759165;0.4594785;-0.99335676;0.078215525;0.2558209;0.43994096;0.20297495;-0.6933035;0.1862524;0.14434226;-0.049278494;-0.08788369;-0.5205988;-0.49248973;-0.22738135;-0.7358445;-0.59397393;-0.30409777;-0.46155775;-0.76803195;-0.7049508;-0.48740473;-0.9941862;-0.6626487;0.20392752;0.5071458;-0.4298512;0.12769312;-0.74379015;-0.14774594;-0.9230432;0.9178949;-0.96425104;0.061339766;-0.8758645;-0.59719115;-0.8952371;0.03506593;-0.9162887;0.34068203;-0.5129759;0.14292248
-0.05783515;-0.0024980602;0.008012762;9.414158e-06;1.5788246e-06;-0.0023691673;-0.0017876418;6.3019036e-07;-1.1156291e-05;-0.106002346;0.1613285;0.39368272;-0.1217073;0.11993334;0.43839303;6.302972e-05;0.00020256708;1.8015766e-05;1.9127925e-05;-0.016883034;3.537214e-06;0.51697814;0.102141984;-0.09871891;0.89948493;0.058665838;-0.016112896;-0.063006364;-1.7474827e-05;0.48672616;0.07642264;-0.07277487;0.9028272;0.051812563;0.010945489;-0.13645935;7.512428e-05;-2.4838591e-06;-1.8248102e-06;-0.3981755;-0.25042933;-0.059279196;0.20618299;-0.17136408;0.15393905;0.10968004;0.00031940907;1.1181633e-05;-0.5891472;0.15282248;0.07381419;0.6945767;-0.57980865;-0.0017635467;0.46218237;-0.993178;0.107920304;0.25187424;0.43929708;0.21005152;-0.6775946;0.19316573;0.15678865;-0.03089721;-0.0662578;-0.48082954;-0.44785413;-0.21081573;-0.73137766;-0.5571786;-0.26080063;-0.45669767;-0.767649;-0.6817978;-0.44915944;-0.99398166;-0.6818251;0.20151386;0.49730793;-0.42225885;0.12441147;-0.7320726;-0.14094816;-0.91676193;0.9165498;-0.95972514;0.07761408;-0.87601304;-0.59613323;-0.89216626;0.045562364;-0.9202114;0.34143028;-0.51644593;0.14098066
-0.057719123;-0.0025003962;0.0075448668;1.286203e-05;2.3546745e-06;-0.0025751472;-0.0017978004;7.055952e-07;-1.0823584e-05;-0.09902749;0.16443616;0.3803102;-0.11471448;0.12392948;0.42520085;7.4449265e-05;0.00020406168;1.7675397e-05;1.1959684e-05;-0.014235398;5.301463e-06;0.5166222;0.103240386;-0.09847838;0.9005319;0.054158177;-0.021864783;-0.07135375;-1.7098137e-05;0.49132428;0.07487002;-0.0728401;0.9034487;0.059110854;0.0024728365;-0.13804731;7.449841e-05;-2.5055415e-06;-2.4786714e-06;-0.41818133;-0.22347666;-0.05730208;0.23732631;-0.15593562;0.16922751;0.10775894;0.00031641114;1.0844407e-05;-0.588572;0.14335181;0.08329578;0.674696;-0.58122826;0.010739461;0.46830958;-0.99280274;0.13928157;0.25385293;0.44220805;0.21999891;-0.6611519;0.19686368;0.17263095;-0.009932457;-0.059088964;-0.437161;-0.39707476;-0.18783523;-0.71487683;-0.5120136;-0.21531412;-0.4454567;-0.75972354;-0.65231097;-0.41190085;-0.9937322;-0.6953767;0.20236032;0.48909438;-0.41993248;0.10965395;-0.7230438;-0.13809483;-0.90937316;0.9094586;-0.9542117;0.092502065;-0.8748955;-0.5751664;-0.8888527;0.054797195;-0.92255443;0.35353845;-0.51789194;0.1414051
-0.05754;-0.002492133;0.0070543964;1.5659141e-05;3.3130054e-06;-0.0027612224;-0.0017899311;7.9096446e-07;-1.054164e-05;-0.091365345;0.16772225;0.36801833;-0.1071598;0.1283206;0.41315937;8.8082306e-05;0.00019467648;1.72937e-05;4.546355e-06;-0.012474008;6.990238e-06;0.51629275;0.10410145;-0.09812371;0.9010621;0.048906837;-0.02694405;-0.07943251;-1.6704915e-05;0.49572995;0.0737606;-0.073488854;0.9044416;0.06990582;-0.006763349;-0.14015672;7.063628e-05;-2.5429545e-06;-3.2522803e-06;-0.43865815;-0.1962256;-0.051692054;0.26282355;-0.13699192;0.18558009;0.1004285;0.0003034713;1.0495161e-05;-0.58718085;0.13524948;0.095597334;0.6515024;-0.5832342;0.024691198;0.4751492;-0.9922776;0.16838016;0.25962305;0.44748425;0.22969775;-0.6488414;0.19407806;0.18577386;0.01308724;-0.07036084;-0.39298844;-0.34295866;-0.15886356;-0.6855032;-0.4608672;-0.17176227;-0.4271977;-0.7433945;-0.61652136;-0.37994835;-0.9934674;-0.7027415;0.20601031;0.4830854;-0.42259118;0.084870815;-0.71720165;-0.13904236;-0.9013909;0.8959881;-0.94826055;0.10373496;-0.87254107;-0.53666;-0.88537776;0.06173386;-0.923391;0.37598622;-0.5166259;0.14285065
-0.057333034;-0.0024522897;0.006549213;1.7009792e-05;4.2295433e-06;-0.0029148622;-0.001762226;8.7971773e-07;-1.0239746e-05;-0.08338626;0.17051129;0.3564837;-0.09939859;0.13247047;0.4018899;0.00010211149;0.00017676233;1.7033832e-05;-2.2004242e-06;-0.0116554275;8.470954e-06;0.51595736;0.104670756;-0.09761298;0.9012189;0.04290284;-0.030768013;-0.087021336;-1.6411403e-05;0.5000082;0.073134296;-0.07467482;0.90581065;0.08346279;-0.016278531;-0.14256212;6.424813e-05;-2.6320122e-06;-3.971669e-06;-0.45861048;-0.17035261;-0.04293266;0.282233;-0.11540726;0.20323157;0.08842021;0.0002830971;1.0299205e-05;-0.5857267;0.12882726;0.10952598;0.62806267;-0.58635944;0.039699614;0.48012653;-0.9916863;0.1917249;0.26735887;0.45411277;0.23700748;-0.64515704;0.18420383;0.19239414;0.03752606;-0.10350876;-0.35088018;-0.28915998;-0.12463071;-0.6427195;-0.40597904;-0.1333516;-0.40176612;-0.71848154;-0.5748931;-0.35575876;-0.99323225;-0.70456713;0.21223392;0.4796247;-0.42921498;0.05286167;-0.7148461;-0.14427915;-0.8935523;0.8757517;-0.9426433;0.11015162;-0.8691822;-0.4837288;-0.8818567;0.06602579;-0.92295724;0.40637338;-0.5124246;0.14473446
-0.057121865;-0.002383858;0.006024409;1.6719685e-05;4.955393e-06;-0.0030255658;-0.0017154738;9.636989e-07;-9.871925e-06;-0.07535071;0.17206825;0.34507647;-0.091591455;0.13565089;0.39072385;0.00011409356;0.00015404855;1.6922713e-05;-7.379549e-06;-0.011777801;9.663749e-06;0.51554185;0.10495999;-0.09688747;0.90122473;0.036436107;-0.032714013;-0.094101995;-1.6240883e-05;0.5042027;0.07296451;-0.07628947;0.9075417;0.0985189;-0.02525158;-0.14486587;5.6423505e-05;-2.7726346e-06;-4.5222987e-06;-0.4772129;-0.14728814;-0.031207185;0.29557383;-0.09303618;0.22190344;0.07331116;0.00025876862;1.0305492e-05;-0.5847597;0.124166146;0.12428075;0.6075007;-0.5909279;0.054765396;0.48162434;-0.991118;0.20726462;0.2758122;0.46103275;0.24128158;-0.65193635;0.1696615;0.19203866;0.062478635;-0.15871154;-0.3128026;-0.23953308;-0.0867181;-0.5877099;-0.3498732;-0.10168021;-0.37012935;-0.6860097;-0.52887654;-0.3393825;-0.9930667;-0.7021375;0.22072743;0.47877827;-0.43853638;0.01780231;-0.7159032;-0.15436555;-0.88679063;0.84951735;-0.9381009;0.1118733;-0.86535776;-0.4212278;-0.8784911;0.06761923;-0.92164534;0.44094363;-0.5057031;0.14725406
-0.056913875;-0.0023114586;0.0054800506;1.50657725e-05;5.4327247e-06;-0.0030911756;-0.00165589;1.0359953e-06;-9.439376e-06;-0.067545556;0.17191075;0.33366302;-0.08390677;0.13729742;0.37948245;0.00012215068;0.00013072272;1.6919308e-05;-1.0432179e-05;-0.012801274;1.055708e-05;0.515005;0.10507789;-0.095962726;0.90125096;0.030198867;-0.032288555;-0.10068693;-1.6174832e-05;0.5082237;0.07316108;-0.07814702;0.90956277;0.11337352;-0.032665893;-0.14661351;4.845843e-05;-2.9436924e-06;-4.86504e-06;-0.49393532;-0.12790537;-0.01676231;0.3031654;-0.07235544;0.24046278;0.057010386;0.00023438981;1.04834035e-05;-0.58474654;0.12150507;0.13942036;0.5923578;-0.59713125;0.06878795;0.479496;-0.99063796;0.21503301;0.28427383;0.4672358;0.2430592;-0.66782326;0.15444061;0.18631282;0.0866091;-0.23189856;-0.280707;-0.19804184;-0.04767755;-0.52414536;-0.29601288;-0.07733705;-0.3346335;-0.6482683;-0.4817092;-0.32945606;-0.99298763;-0.69669926;0.23087838;0.48032826;-0.44947657;-0.015214207;-0.7200277;-0.16937591;-0.8821553;0.8202836;-0.9351506;0.10973856;-0.86202425;-0.35676208;-0.87566674;0.06666775;-0.92004764;0.47485918;-0.49758527;0.15097699
-0.056712143;-0.0022651143;0.004937769;1.2411503e-05;5.634007e-06;-0.0031206422;-0.001595366;1.0939303e-06;-8.980838e-06;-0.06021495;0.1700274;0.32311538;-0.07652645;0.13721098;0.36900133;0.00012581247;0.000110554436;1.7045852e-05;-1.1371834e-05;-0.014635172;1.1203811e-05;0.51440316;0.10517312;-0.094957314;0.9013643;0.025152747;-0.02950724;-0.106703825;-1.624666e-05;0.51189923;0.073598534;-0.079988085;0.91177326;0.1260248;-0.03768616;-0.14751557;4.1616186e-05;-3.1362651e-06;-4.99413e-06;-0.508555;-0.11249064;-0.0005300556;0.305623;-0.05597791;0.25708294;0.04138246;0.0002137243;1.0820746e-05;-0.5860967;0.12136336;0.15471591;0.5839956;-0.6051422;0.080840126;0.47533852;-0.99027187;0.21700211;0.2925097;0.4721371;0.24342377;-0.6894155;0.14216551;0.17705944;0.10826291;-0.3155952;-0.25671917;-0.16878875;-0.010566338;-0.45710495;-0.24883732;-0.060909595;-0.2986553;-0.6081473;-0.43853012;-0.32476288;-0.99298984;-0.6891083;0.24168275;0.48368195;-0.46138355;-0.041332774;-0.7269698;-0.18864201;-0.8806637;0.7934891;-0.9341246;0.10466368;-0.8604937;-0.30038038;-0.87409467;0.063578285;-0.91896087;0.5031342;-0.48989788;0.1563836
-0.056526054;-0.0022610698;0.0044435384;8.974341e-06;5.5223936e-06;-0.0031304013;-0.0015483007;1.1395088e-06;-8.5514985e-06;-0.05344434;0.16684952;0.3150901;-0.069555335;0.13557705;0.36091632;0.00012585509;9.646303e-05;1.7431652e-05;-1.0700197e-05;-0.017096827;1.1692708e-05;0.5138789;0.10533106;-0.09404793;0.90157056;0.02221232;-0.025056133;-0.11195605;-1.6567254e-05;0.515083;0.07414295;-0.081524774;0.91408956;0.13455604;-0.0399669;-0.14757055;3.6925547e-05;-3.3678953e-06;-4.903821e-06;-0.521119;-0.100878514;0.015770009;0.30394423;-0.045878507;0.26963598;0.027976815;0.00019998138;1.13716815e-05;-0.5890262;0.124240324;0.16988929;0.5823796;-0.61512214;0.090215325;0.47213572;-0.9900116;0.21640505;0.300584;0.47576407;0.24343137;-0.7128896;0.13509937;0.16551381;0.12566563;-0.40096825;-0.24278662;-0.15537815;0.021618327;-0.39121184;-0.21297716;-0.053428803;-0.26591292;-0.5683729;-0.40525562;-0.3251487;-0.9930564;-0.6798051;0.25187868;0.48786503;-0.47395703;-0.05738552;-0.7367163;-0.21076769;-0.8830755;0.77539366;-0.935285;0.09748805;-0.862098;-0.26228923;-0.8747667;0.059118066;-0.9192516;0.5218775;-0.484784;0.163737
-0.05637081;-0.0022913937;0.0040600784;4.890375e-06;5.08182e-06;-0.0031379138;-0.0015268147;1.1773835e-06;-8.2081315e-06;-0.04717833;0.16304258;0.31120837;-0.06300929;0.1328456;0.35684478;0.00012337448;9.051678e-05;1.8216902e-05;-9.0683525e-06;-0.019867664;1.210783e-05;0.5135757;0.105509415;-0.093389794;0.90189946;0.02187572;-0.020074062;-0.11614283;-1.7247556e-05;0.51773214;0.074665196;-0.08251302;0.9164509;0.137739;-0.03971367;-0.14699464;3.5084166e-05;-3.6635101e-06;-4.599715e-06;-0.5318276;-0.092614524;0.030205071;0.29954517;-0.042775445;0.27618027;0.017793555;0.00019557113;1.2205128e-05;-0.5934147;0.13019083;0.18438305;0.5863466;-0.62702805;0.09639872;0.47299948;-0.98982894;0.21678545;0.30845714;0.47849125;0.24376808;-0.73516667;0.13423471;0.15260518;0.1372266;-0.48029074;-0.24001941;-0.15970297;0.04645139;-0.32960966;-0.19187765;-0.055871926;-0.2396946;-0.5311243;-0.38656592;-0.33121842;-0.99316204;-0.6689627;0.26022205;0.49170044;-0.486943;-0.062830225;-0.7491688;-0.23371422;-0.8895396;0.77014786;-0.9387252;0.089298;-0.8676068;-0.24973273;-0.87849253;0.054532032;-0.9215402;0.52905524;-0.48383772;0.17323738
-0.05626217;-0.002329503;0.0038459704;3.8847793e-07;4.3632463e-06;-0.0031565686;-0.001536964;1.2122915e-06;-8.000061e-06;-0.041331194;0.15926023;0.31218362;-0.056878127;0.12956172;0.35751656;0.0001190941;9.379169e-05;1.94303e-05;-6.9856087e-06;-0.022515735;1.24965045e-05;0.51356155;0.105583146;-0.09305312;0.9024554;0.023957761;-0.0157112;-0.11898153;-1.830318e-05;0.5199181;0.075056;-0.082826786;0.91879755;0.13549457;-0.037530113;-0.14606549;3.6377365e-05;-4.027803e-06;-4.123416e-06;-0.54085517;-0.08711554;0.04131254;0.29428512;-0.046017084;0.27553988;0.011218009;0.00020169572;1.3323122e-05;-0.5988372;0.1386542;0.19732338;0.59428567;-0.6403095;0.09919497;0.47963104;-0.989695;0.2209166;0.3156518;0.4805557;0.24467233;-0.75438464;0.13968222;0.13962765;0.1420776;-0.54872525;-0.24815866;-0.18101509;0.0626201;-0.27396536;-0.18656962;-0.06824896;-0.22205949;-0.49780214;-0.3841616;-0.34341848;-0.9932707;-0.65671647;0.2657363;0.4940805;-0.49982014;-0.059607428;-0.76366717;-0.25492978;-0.899278;0.77764416;-0.94410396;0.08164759;-0.8767016;-0.2646824;-0.8852599;0.05137615;-0.9258566;0.5245662;-0.48732373;0.18499205
-0.056211773;-0.002347441;0.0038264566;-4.1746534e-06;3.4786353e-06;-0.0031930304;-0.001577619;1.2473084e-06;-7.9571255e-06;-0.035864636;0.15598747;0.31745017;-0.05117561;0.1262321;0.36241567;0.0001134402;0.00010596885;2.0965468e-05;-4.7719077e-06;-0.024616437;1.2861223e-05;0.5138195;0.105464205;-0.09301252;0.90339893;0.027609313;-0.0127262315;-0.12039249;-1.9634652e-05;0.5217784;0.07524798;-0.08249585;0.92106116;0.12888147;-0.034177963;-0.1450135;4.0596642e-05;-4.4377084e-06;-3.5468547e-06;-0.54826546;-0.08377339;0.04837884;0.2903784;-0.05393932;0.2677565;0.008281615;0.00021785658;1.4638528e-05;-0.6047681;0.14863804;0.20773874;0.60488325;-0.6537934;0.09904137;0.4915925;-0.98959273;0.23003636;0.32137483;0.48183864;0.24612184;-0.7698323;0.1509145;0.12842143;0.1406128;-0.60465604;-0.26549235;-0.21588762;0.07025775;-0.22494596;-0.19538979;-0.08909143;-0.21330403;-0.4688593;-0.3963827;-0.3613966;-0.9933446;-0.6433505;0.26791382;0.49424595;-0.5116583;-0.0510286;-0.778865;-0.27169284;-0.91071045;0.793918;-0.9505912;0.07622727;-0.88798475;-0.30328825;-0.8940473;0.050976712;-0.9315771;0.5099053;-0.49411815;0.19869374
-0.056222748;-0.0023285688;0.003980721;-8.439762e-06;2.5456247e-06;-0.0032471954;-0.0016420421;1.2834133e-06;-8.076095e-06;-0.030800192;0.15351592;0.32545552;-0.045946606;0.12327247;0.3700629;0.00010688696;0.00012529446;2.265349e-05;-2.6464613e-06;-0.025887724;1.3177483e-05;0.5142865;0.105162576;-0.09318397;0.90486777;0.031686995;-0.011359883;-0.12057208;-2.1087515e-05;0.5234585;0.07523068;-0.081677414;0.9231732;0.119619325;-0.0303917;-0.14399809;4.7093636e-05;-4.8564616e-06;-2.9380317e-06;-0.55413365;-0.08197695;0.051329553;0.2899821;-0.06451511;0.25412533;0.008948362;0.00024189791;1.6021659e-05;-0.6108308;0.15907745;0.21489443;0.61741024;-0.66600233;0.09710228;0.50676686;-0.98951995;0.24376968;0.32501653;0.48209035;0.24806142;-0.7816161;0.16691312;0.1208409;0.13452114;-0.6488155;-0.28917214;-0.2590543;0.07078126;-0.18271407;-0.2146396;-0.11561207;-0.21212061;-0.44396356;-0.41917467;-0.38375744;-0.993359;-0.629321;0.26688686;0.49197227;-0.52130157;-0.040459804;-0.7931816;-0.2818385;-0.9221005;0.8136542;-0.95719546;0.07418204;-0.89966065;-0.35747045;-0.9033479;0.05392997;-0.93776464;0.48759925;-0.5023903;0.21344401
-0.056288403;-0.0022667586;0.0042580348;-1.2187869e-05;1.6359554e-06;-0.0033150166;-0.0017210244;1.3202749e-06;-8.317642e-06;-0.026194574;0.15198608;0.3343303;-0.04124674;0.120997764;0.37864926;0.00010003868;0.0001491771;2.434681e-05;-7.823328e-07;-0.026240857;1.3427423e-05;0.51489013;0.104744844;-0.09347317;0.906882;0.03522297;-0.011471384;-0.119901;-2.2524022e-05;0.525086;0.07504311;-0.080579005;0.9250737;0.10944935;-0.026783718;-0.14312488;5.5004697e-05;-5.2520336e-06;-2.3329048e-06;-0.5587233;-0.081116416;0.05052061;0.2945831;-0.07596697;0.23679073;0.013104216;0.0002707633;1.7361483e-05;-0.61691236;0.16911344;0.21853685;0.631462;-0.6756915;0.09487531;0.5224715;-0.98948526;0.26057485;0.32654423;0.4813014;0.25042516;-0.79029804;0.1863116;0.1180445;0.12613857;-0.6830236;-0.31579778;-0.30470687;0.06629678;-0.1472216;-0.23965764;-0.14428529;-0.2163184;-0.42245603;-0.44757968;-0.40810812;-0.99331355;-0.61514175;0.26339254;0.48754835;-0.5277655;-0.03052;-0.805454;-0.28454545;-0.93220735;0.83261675;-0.9631714;0.07567281;-0.9103228;-0.41790932;-0.91190624;0.059990954;-0.94361967;0.4605505;-0.5104862;0.22800142
-0.05639595;-0.002160022;0.004604306;-1.5383703e-05;7.64383e-07;-0.0033921767;-0.0018057823;1.3573357e-06;-8.619667e-06;-0.022096908;0.15142;0.34252247;-0.03710492;0.11960018;0.38664988;9.3502415e-05;0.00017497085;2.5955727e-05;6.897335e-07;-0.025743425;1.3625402e-05;0.51556337;0.10427375;-0.09380358;0.9093132;0.037675988;-0.012735253;-0.11880878;-2.3859131e-05;0.5267729;0.0747488;-0.07938563;0.9267168;0.09968589;-0.023790095;-0.14246067;6.349793e-05;-5.6062636e-06;-1.7327111e-06;-0.56250894;-0.08062779;0.046577882;0.30464658;-0.0870511;0.21814285;0.020408707;0.00030140832;1.8595892e-05;-0.6230746;0.17817274;0.21894532;0.6465606;-0.6821687;0.093618594;0.5364815;-0.9894987;0.27839258;0.32648396;0.4798434;0.25303733;-0.796603;0.20757703;0.12019567;0.11756432;-0.7092086;-0.34212205;-0.34774286;0.058939196;-0.11833324;-0.2658731;-0.1715652;-0.22358316;-0.40376413;-0.47700685;-0.43149874;-0.99323046;-0.6012713;0.258468;0.48157674;-0.5305449;-0.022925276;-0.8152471;-0.2805736;-0.9404833;0.84852445;-0.96817476;0.080020666;-0.9192686;-0.47671658;-0.91907436;0.06831842;-0.948695;0.43150288;-0.5174434;0.24124464
-0.05653209;-0.0020084423;0.0049779695;-1.8122955e-05;-9.0920366e-08;-0.003475677;-0.001889308;1.3943751e-06;-8.91844e-06;-0.018500118;0.1517395;0.34913746;-0.033482175;0.11912719;0.3931624;8.774643e-05;0.0002004742;2.7440808e-05;1.6849426e-06;-0.024555484;1.3817407e-05;0.5162452;0.103792146;-0.09412408;0.9119461;0.038913425;-0.014769699;-0.11768462;-2.505687e-05;0.5286074;0.074412845;-0.0782274;0.92808;0.091108374;-0.021642156;-0.14203766;7.190525e-05;-5.913673e-06;-1.1196535e-06;-0.56603724;-0.08006234;0.04027944;0.31974572;-0.09704945;0.20026956;0.030287018;0.0003313433;1.9706815e-05;-0.6293845;0.18592317;0.21680303;0.6619943;-0.6852892;0.09404151;0.5475352;-0.98956287;0.29528707;0.32563522;0.47832677;0.25560662;-0.80121887;0.22922668;0.12661624;0.110124744;-0.7289389;-0.36560765;-0.38456807;0.050479326;-0.0958309;-0.28954855;-0.19454135;-0.23195241;-0.38757315;-0.5039197;-0.45114335;-0.9931414;-0.5880553;0.2531139;0.47474647;-0.5296738;-0.018681036;-0.8227256;-0.2718285;-0.94689435;0.8606658;-0.9721697;0.08622287;-0.9263601;-0.52869695;-0.9247258;0.07787505;-0.9528509;0.402738;-0.52298933;0.25251743
-0.056686975;-0.0018167249;0.005352006;-2.053997e-05;-9.564683e-07;-0.0035635042;-0.0019663586;1.4315075e-06;-9.164127e-06;-0.015304346;0.15279035;0.35393512;-0.030245783;0.11949442;0.3979255;8.305112e-05;0.00022404845;2.878852e-05;2.163135e-06;-0.02288158;1.4064717e-05;0.5168819;0.10333637;-0.09440783;0.9145774;0.03907498;-0.01719355;-0.116830766;-2.6110196e-05;0.53063357;0.07409048;-0.07718397;0.9291699;0.084090136;-0.020380685;-0.14185207;7.973813e-05;-6.1757964e-06;-4.7750655e-07;-0.5697643;-0.079126336;0.032459684;0.33893278;-0.10564187;0.184602;0.042055346;0.00035874464;2.0698411e-05;-0.6358184;0.19221431;0.21297781;0.6769422;-0.68529636;0.09633702;0.5553107;-0.9896712;0.309871;0.3247869;0.4773556;0.2578376;-0.8046936;0.2500105;0.13612005;0.1043758;-0.74336714;-0.38462976;-0.41327876;0.042263243;-0.07935012;-0.30807224;-0.2113142;-0.23995867;-0.37377995;-0.52596074;-0.46501064;-0.99307543;-0.57572293;0.24812084;0.4676853;-0.52561694;-0.018313907;-0.82834446;-0.26062563;-0.9516566;0.8691658;-0.9752688;0.09341849;-0.931755;-0.57130504;-0.929003;0.08777747;-0.95611763;0.37595886;-0.5272388;0.26172712
-0.05685536;-0.0015962113;0.005709227;-2.2743596e-05;-1.8405844e-06;-0.0036542108;-0.0020331168;1.4689539e-06;-9.325697e-06;-0.012315459;0.15437469;0.35712454;-0.027175661;0.12052793;0.40112728;7.956094e-05;0.0002445298;2.9988616e-05;2.1240903e-06;-0.020939877;1.4429155e-05;0.5174316;0.1029444;-0.09464823;0.9170762;0.0384463;-0.019649984;-0.116433725;-2.7020767e-05;0.53283924;0.07382336;-0.076302685;0.930017;0.07877401;-0.019902462;-0.14186431;8.665594e-05;-6.395836e-06;1.9393337e-07;-0.57397366;-0.077668324;0.023935584;0.36105815;-0.1127509;0.17180951;0.055010416;0.00038236534;2.1576125e-05;-0.6422742;0.19704507;0.20831485;0.6907085;-0.6826644;0.10036764;0.56011325;-0.9898057;0.32139036;0.32454705;0.4773377;0.25954652;-0.80741704;0.26900193;0.14732498;0.100417614;-0.7533709;-0.39836404;-0.43335783;0.035323597;-0.06834177;-0.3198835;-0.22101104;-0.24654718;-0.36233845;-0.541749;-0.47202662;-0.99304855;-0.5643947;0.24403745;0.46089563;-0.5191139;-0.022016855;-0.8325866;-0.2490458;-0.9550538;0.87443215;-0.9776197;0.10107954;-0.93570995;-0.603936;-0.9321179;0.09746227;-0.95858747;0.35228485;-0.5303912;0.26924366
-0.057035245;-0.0013635159;0.006037816;-2.4790526e-05;-2.7264177e-06;-0.0037469224;-0.0020870713;1.5067975e-06;-9.388212e-06;-0.009289709;0.1562825;0.35911727;-0.024014072;0.12201617;0.40316352;7.7367025e-05;0.00026112876;3.1025265e-05;1.6006888e-06;-0.018936075;1.4964287e-05;0.5178703;0.10264876;-0.094853684;0.9193888;0.03737624;-0.021820424;-0.11655111;-2.7787042e-05;0.5351624;0.07364082;-0.07561206;0.9306605;0.07517719;-0.020017566;-0.14200807;9.2441376e-05;-6.5756903e-06;8.7601074e-07;-0.5787859;-0.07562758;0.01545231;0.38493484;-0.118403785;0.16191904;0.06843711;0.00040144182;2.2336491e-05;-0.6486302;0.20054519;0.20349923;0.7028837;-0.6779893;0.10584824;0.56251115;-0.98994064;0.32955065;0.3252641;0.4783941;0.26070717;-0.80964756;0.285605;0.15888718;0.09821949;-0.7597212;-0.40655264;-0.44518647;0.030493729;-0.062092535;-0.32422972;-0.22356835;-0.2509259;-0.35309651;-0.5505958;-0.47197142;-0.99306285;-0.55407196;0.24119143;0.45474517;-0.5110385;-0.029710649;-0.8358242;-0.23856431;-0.9573531;0.876878;-0.9793549;0.10896486;-0.9384837;-0.6271287;-0.9342548;0.10666842;-0.9603633;0.3323046;-0.53257585;0.27570423
-0.057225395;-0.001136427;0.006329721;-2.6695547e-05;-3.5804114e-06;-0.0038412244;-0.0021270872;1.5447989e-06;-9.347401e-06;-0.006004689;0.15831791;0.36034235;-0.02053625;0.123752005;0.40445352;7.652798e-05;0.0002734285;3.1879754e-05;6.5299355e-07;-0.017041493;1.5707337e-05;0.5181895;0.10246583;-0.09504158;0.9215143;0.036221527;-0.02344095;-0.11712372;-2.8404858e-05;0.53751624;0.07356382;-0.07512648;0.93113273;0.07321918;-0.0205028;-0.14220692;9.699768e-05;-6.7161745e-06;1.5386322e-06;-0.5842144;-0.07297678;0.007642174;0.40941802;-0.12264847;0.15454848;0.08161039;0.0004156748;2.296947e-05;-0.65479374;0.20295137;0.19899875;0.71337897;-0.6719242;0.112467505;0.56305355;-0.99004906;0.3342814;0.32701433;0.4803772;0.26142332;-0.81155324;0.2995128;0.16964829;0.09779551;-0.7632019;-0.40930068;-0.44961992;0.028446406;-0.05973643;-0.32093126;-0.21947686;-0.25247052;-0.34568667;-0.55228657;-0.4652714;-0.99310976;-0.54461205;0.23971717;0.44948277;-0.5022712;-0.041056596;-0.8382831;-0.22998074;-0.9587828;0.87684643;-0.98058116;0.11700051;-0.9403082;-0.6419794;-0.9355532;0.11532233;-0.9615428;0.31614345;-0.53384036;0.28181088
-0.05742323;-0.00092934875;0.0065807165;-2.8463663e-05;-4.3691252e-06;-0.0039366777;-0.0021534236;1.582331e-06;-9.205032e-06;-0.0023197227;0.16031794;0.3611559;-0.016608948;0.12555939;0.40534487;7.702594e-05;0.00028144303;3.2542826e-05;-6.361788e-07;-0.0153796915;1.6670758e-05;0.51839036;0.102391556;-0.095232755;0.9234749;0.035303082;-0.024323199;-0.118013136;-2.8873896e-05;0.53981614;0.073609196;-0.07484605;0.931453;0.07271769;-0.021146102;-0.14239167;0.00010035584;-6.81886e-06;2.1532614e-06;-0.5902216;-0.06967909;0.0009939508;0.43346536;-0.12553898;0.14913844;0.09385747;0.00042524375;2.346863e-05;-0.66071546;0.20456997;0.19506939;0.72236454;-0.6651261;0.11994401;0.5621237;-0.99010664;0.33558813;0.32964715;0.4829639;0.26186833;-0.8132582;0.3106668;0.17873399;0.09922243;-0.76466805;-0.4069541;-0.4477184;0.02965273;-0.060240686;-0.31023744;-0.20958972;-0.25071982;-0.33950526;-0.54696906;-0.45280653;-0.99317527;-0.53573084;0.23958065;0.44525865;-0.4935795;-0.05546695;-0.84007573;-0.22354408;-0.9595377;0.8746397;-0.98138595;0.12518375;-0.9413882;-0.64981973;-0.9361275;0.12341895;-0.96221995;0.30352938;-0.5342085;0.2881773
-0.057624366;-0.0007501361;0.006790028;-3.0114432e-05;-5.074253e-06;-0.0040322454;-0.0021675723;1.6184428e-06;-8.966592e-06;0.0018013692;0.16216119;0.36182174;-0.012209045;0.1273033;0.40609312;7.870982e-05;0.00028565357;3.302467e-05;-2.1669002e-06;-0.014024604;1.7837421e-05;0.5184761;0.102406316;-0.09544713;0.92529804;0.034873147;-0.024373936;-0.11904965;-2.9204748e-05;0.5420021;0.07379025;-0.074756734;0.9316334;0.07339102;-0.021774666;-0.14251123;0.00010267081;-6.8881563e-06;2.7038332e-06;-0.5967549;-0.06567331;-0.0041728714;0.45620668;-0.12716751;0.1451076;0.10466616;0.0004307841;2.3840199e-05;-0.66638005;0.20572777;0.19179745;0.73017293;-0.6581972;0.12802918;0.5599129;-0.99009657;0.33351994;0.33287683;0.48578003;0.26222888;-0.81487787;0.31923145;0.18560642;0.102563836;-0.76504576;-0.4000542;-0.44062206;0.034302007;-0.062397763;-0.29278794;-0.19500525;-0.24542953;-0.33379072;-0.53513247;-0.43576854;-0.9932467;-0.52705187;0.24061044;0.44213748;-0.4855265;-0.072129965;-0.8412521;-0.21914418;-0.9597904;0.87058574;-0.9818467;0.13354233;-0.9419097;-0.65208733;-0.9360907;0.13093849;-0.9624909;0.2938516;-0.5337396;0.29523537
-0.057823632;-0.00059893454;0.006959317;-3.1695934e-05;-5.6992285e-06;-0.0041260673;-0.002171931;1.6520227e-06;-8.6405635e-06;0.0063070403;0.16376902;0.36253455;-0.007404033;0.12888862;0.40688366;8.1287035e-05;0.00028694392;3.33591e-05;-3.8317403e-06;-0.0130066825;1.9163133e-05;0.51844865;0.10248508;-0.09570089;0.9270071;0.035098996;-0.023602761;-0.12007485;-2.9423056e-05;0.5440468;0.074115105;-0.0748324;0.93168956;0.07488077;-0.022266932;-0.14253615;0.0001041972;-6.932023e-06;3.1915988e-06;-0.60376185;-0.060887106;-0.0077298614;0.47701928;-0.12770697;0.14192468;0.11378445;0.0004332853;2.4106994e-05;-0.67178893;0.20672266;0.18915264;0.73720056;-0.65161973;0.1364909;0.5564727;-0.99001116;0.328213;0.33638772;0.4885064;0.2626738;-0.8165339;0.32557106;0.19007668;0.10777409;-0.76526827;-0.3893427;-0.42951944;0.04222932;-0.06490786;-0.2696409;-0.17699428;-0.23663983;-0.3277745;-0.51764125;-0.41555166;-0.9933146;-0.51817864;0.24253105;0.44010413;-0.47842687;-0.09006898;-0.8418447;-0.21646553;-0.95969844;0.86509955;-0.9820364;0.14212175;-0.9420469;-0.6503044;-0.93557316;0.13780935;-0.9624596;0.28622094;-0.5325676;0.30319944
-0.058016915;-0.00046875968;0.0070914626;-3.32786e-05;-6.2680338e-06;-0.004215701;-0.0021694072;1.6820173e-06;-8.238741e-06;0.011095981;0.16509995;0.3634455;-0.002311868;0.13025312;0.4078575;8.4375926e-05;0.00028644816;3.359979e-05;-5.5290575e-06;-0.0123222405;2.0585667e-05;0.51831025;0.10260552;-0.096004754;0.92862165;0.036063798;-0.02211402;-0.1209668;-2.9566654e-05;0.54595494;0.07458505;-0.07503901;0.931645;0.076789774;-0.02255092;-0.1424573;0.00010524705;-6.961236e-06;3.6335987e-06;-0.6111927;-0.055268534;-0.009748321;0.4955867;-0.12743197;0.1391302;0.12125395;0.00043392577;2.4305831e-05;-0.6769465;0.20778595;0.18703368;0.7438248;-0.6456999;0.14510365;0.5517981;-0.9898511;0.31993964;0.3399217;0.4909408;0.26334035;-0.81835043;0.3302071;0.19227035;0.114635386;-0.76616526;-0.3757682;-0.41564497;0.05289334;-0.06655309;-0.24229011;-0.15692843;-0.22471952;-0.3208494;-0.49577352;-0.3936527;-0.99337435;-0.50875926;0.2450066;0.4390745;-0.47234824;-0.10823668;-0.84189343;-0.21507002;-0.9594047;0.8587154;-0.98202777;0.15098122;-0.9419651;-0.64607733;-0.93472874;0.1439147;-0.96223783;0.2795444;-0.5309075;0.31208256
-0.05820258;-0.00034721848;0.007189862;-3.493845e-05;-6.817718e-06;-0.004298671;-0.0021630507;1.7076171e-06;-7.77602e-06;0.016052417;0.16614121;0.36466295;0.002936744;0.13136053;0.409114;8.758965e-05;0.00028535284;3.3810444e-05;-7.1773793e-06;-0.0119418325;2.2037028e-05;0.5180672;0.10275013;-0.09636228;0.9301569;0.037778318;-0.020082816;-0.12164759;-2.9680305e-05;0.5477526;0.0751955;-0.07533961;0.9315332;0.078725606;-0.022596365;-0.14228362;0.000106140695;-6.987553e-06;4.057001e-06;-0.6189981;-0.04881828;-0.010484873;0.51191616;-0.12670562;0.13634755;0.12736729;0.00043388712;2.4480047e-05;-0.68185556;0.20906523;0.18530129;0.75034416;-0.6405434;0.1536598;0.5458979;-0.989626;0.30912215;0.34332418;0.49301374;0.26433316;-0.8204327;0.3337458;0.19255349;0.12275124;-0.76833755;-0.36045265;-0.40025267;0.065426975;-0.06640504;-0.21259521;-0.13618174;-0.21036127;-0.3126928;-0.4711973;-0.3715474;-0.9934242;-0.49852803;0.24769023;0.4389162;-0.46715075;-0.12562907;-0.8414546;-0.21442968;-0.9590341;0.85206985;-0.98189116;0.1601824;-0.941817;-0.64106715;-0.93373066;0.14913034;-0.96194285;0.27263084;-0.52903885;0.3217445
-0.05838172;-0.00021875952;0.007258256;-3.6735437e-05;-7.3880656e-06;-0.0043730056;-0.0021557275;1.7283593e-06;-7.2698167e-06;0.021067804;0.1668983;0.3662321;0.008221629;0.13219503;0.410688;9.061379e-05;0.0002847102;3.4052355e-05;-8.725094e-06;-0.011817798;2.3454882e-05;0.5177326;0.10290256;-0.09676822;0.93162113;0.040197562;-0.017719727;-0.12207757;-2.9806615e-05;0.5494755;0.07593961;-0.07569987;0.9313901;0.08034104;-0.022406468;-0.14203952;0.000107161315;-7.0214664e-06;4.491172e-06;-0.62712896;-0.04161052;-0.010339577;0.5263035;-0.12593672;0.13330513;0.13256435;0.0004341899;2.4670328e-05;-0.68651915;0.2106284;0.18379904;0.75694364;-0.63606846;0.16199298;0.5388231;-0.9893508;0.2962968;0.34654704;0.49476644;0.26572612;-0.8228462;0.3367802;0.19143261;0.13160065;-0.7720724;-0.34459168;-0.38453957;0.07876644;-0.06398133;-0.18258736;-0.11600569;-0.19450907;-0.30330685;-0.44583392;-0.3505431;-0.9934657;-0.48733124;0.25027657;0.43947762;-0.46254516;-0.14138961;-0.8405958;-0.21395138;-0.9586835;0.8458257;-0.98169273;0.16977072;-0.94173324;-0.63687736;-0.93275565;0.15336879;-0.9616864;0.26433066;-0.5272641;0.33194652
-0.058557298;-6.719399e-05;0.007300828;-3.8698432e-05;-8.012721e-06;-0.004437519;-0.0021498634;1.7441204e-06;-6.73873e-06;0.026046503;0.16738722;0.36810425;0.013441112;0.13275939;0.41252288;9.325363e-05;0.00028530005;3.437238e-05;-1.0153498e-05;-0.011890997;2.4790643e-05;0.5173269;0.10304165;-0.09720786;0.933015;0.04323693;-0.015232916;-0.12224511;-2.9978735e-05;0.55115783;0.07681139;-0.07609279;0.9312454;0.08136678;-0.022011014;-0.14176153;0.00010852061;-7.0701644e-06;4.9612863e-06;-0.635532;-0.033793233;-0.009791877;0.5392424;-0.1255253;0.12987074;0.13730529;0.00043557613;2.4906505e-05;-0.6909459;0.21248107;0.18237121;0.76368684;-0.6320554;0.17000002;0.53065187;-0.9890457;0.28204894;0.3496142;0.49630657;0.26756456;-0.8256011;0.3397949;0.18945563;0.14063051;-0.7773266;-0.32931346;-0.36953333;0.091824256;-0.059296478;-0.15419337;-0.09740506;-0.17822716;-0.29298085;-0.4216182;-0.33163208;-0.9935003;-0.47515118;0.25254217;0.44061404;-0.45816207;-0.15488099;-0.8393852;-0.21301757;-0.95841485;0.84056336;-0.98148876;0.17974815;-0.9418099;-0.63487697;-0.931961;0.15660137;-0.96156114;0.2536922;-0.5258584;0.34239912
-0.058732376;0.000121830846;0.0073222853;-4.081393e-05;-8.712785e-06;-0.004491746;-0.0021472431;1.7550279e-06;-6.2009276e-06;0.030903919;0.1676306;0.37012196;0.01851169;0.13307573;0.41445392;9.543856e-05;0.0002875608;3.4795434e-05;-1.1471686e-05;-0.012098131;2.6012578e-05;0.5168748;0.1031377;-0.09765795;0.9343308;0.046787005;-0.012795;-0.12215727;-3.0214185e-05;0.55282396;0.07780727;-0.07650157;0.9311164;0.08163319;-0.02146054;-0.14149232;0.000110339795;-7.1363756e-06;5.483482e-06;-0.64414674;-0.025571454;-0.009327335;0.55130243;-0.12580861;0.12607521;0.14195979;0.00043845305;2.520255e-05;-0.6951536;0.21458748;0.1808816;0.77052873;-0.6282191;0.17764482;0.5214474;-0.9887324;0.2669375;0.35257334;0.49775544;0.26986358;-0.82865095;0.3430956;0.18712951;0.1493513;-0.78378695;-0.31554052;-0.3559883;0.10365994;-0.05280599;-0.12897174;-0.08105681;-0.16254078;-0.28220195;-0.40021586;-0.31539446;-0.9935303;-0.4621318;0.25436482;0.44220114;-0.4536245;-0.16570626;-0.8378848;-0.21105137;-0.9582518;0.83666956;-0.9813203;0.190044;-0.94209826;-0.6359952;-0.9314612;0.15885322;-0.96162754;0.24010736;-0.52502406;0.3527951
-0.058908515;0.00035867456;0.007327559;-4.3027918e-05;-9.493728e-06;-0.004535639;-0.0021488955;1.7613439e-06;-5.6730714e-06;0.035561617;0.16765821;0.37203628;0.023363473;0.13318613;0.4162249;9.719364e-05;0.000291591;3.532096e-05;-1.27061e-05;-0.012378796;2.7104557e-05;0.5164025;0.103154056;-0.09809001;0.93555564;0.05072462;-0.010522482;-0.12183495;-3.051314e-05;0.5544852;0.07892459;-0.07692023;0.9310047;0.08107821;-0.020819917;-0.1412734;0.000112645874;-7.2179246e-06;6.0621533e-06;-0.65289795;-0.017178614;-0.009370127;0.5630031;-0.12702481;0.12211075;0.14673853;0.00044289662;2.5555084e-05;-0.6991636;0.21688595;0.17923354;0.77734154;-0.6242858;0.18494965;0.51121867;-0.988432;0.25143895;0.3554522;0.4992048;0.27260157;-0.8319035;0.34678435;0.18486722;0.15740113;-0.7909759;-0.303904;-0.34433284;0.113597825;-0.045276813;-0.10794615;-0.06729336;-0.14829782;-0.27155316;-0.3827991;-0.3019842;-0.99355686;-0.4485922;0.25571632;0.44413382;-0.44861647;-0.17369105;-0.8361452;-0.20759277;-0.9581825;0.8342782;-0.9812091;0.200492;-0.9426016;-0.640576;-0.9313115;0.16017945;-0.9619052;0.22340636;-0.5248658;0.36282888
-0.059084736;0.0006482493;0.007321267;-4.5257388e-05;-1.0345888e-05;-0.004569189;-0.0021550811;1.7633739e-06;-5.1694296e-06;0.0399441;0.1675088;0.37354976;0.027935259;0.13315074;0.41753384;9.859467e-05;0.00029720878;3.592705e-05;-1.3888654e-05;-0.012681495;2.8061466e-05;0.5159325;0.10305305;-0.09847452;0.9366757;0.054918732;-0.008470449;-0.121310845;-3.0860872e-05;0.55614036;0.0801579;-0.07735145;0.93089974;0.07974033;-0.020160083;-0.1411376;0.00011538322;-7.3088668e-06;6.691087e-06;-0.6616898;-0.008846551;-0.010233063;0.5747158;-0.12929979;0.118293345;0.15167885;0.0004487072;2.5946414e-05;-0.70299083;0.21929754;0.17738609;0.7839462;-0.6200549;0.19197509;0.4999129;-0.98816234;0.23591842;0.3582345;0.5006903;0.27571276;-0.83523846;0.3507846;0.18297216;0.1645658;-0.7983705;-0.2947279;-0.33468455;0.12127171;-0.037619174;-0.09157062;-0.056142636;-0.13608515;-0.2616165;-0.36994392;-0.29119852;-0.9935814;-0.43502003;0.25663283;0.44631493;-0.44293496;-0.17883383;-0.8342094;-0.20236549;-0.95817167;0.83328724;-0.98115754;0.21082854;-0.9432851;-0.6483627;-0.9315063;0.16064093;-0.96237665;0.20388119;-0.5253932;0.37221128
-0.059257485;0.0009894465;0.0073068505;-4.740781e-05;-1.1248136e-05;-0.004592161;-0.0021653755;1.7614217e-06;-4.7015637e-06;0.043977924;0.16723083;0.37437963;0.032171015;0.13304217;0.4180945;9.972103e-05;0.00030404644;3.6577985e-05;-1.5046115e-05;-0.01296709;2.8883594e-05;0.51548344;0.10280453;-0.098785326;0.9376814;0.059232097;-0.0066415444;-0.120629065;-3.1233227e-05;0.5577786;0.08149477;-0.077802956;0.9307847;0.07773999;-0.019549223;-0.14110431;0.000118435106;-7.4010386e-06;7.355571e-06;-0.67040414;-0.0007782241;-0.012093427;0.5866162;-0.13265377;0.114993356;0.1566771;0.00045549715;2.6350812e-05;-0.7066305;0.22172934;0.17535816;0.79014754;-0.6154346;0.19879973;0.48744482;-0.98793685;0.22063123;0.36085948;0.50218946;0.27908233;-0.8385286;0.35490176;0.18164882;0.17075883;-0.80550045;-0.28806716;-0.326918;0.1266016;-0.030724714;-0.07979978;-0.047403958;-0.12620924;-0.25289768;-0.36165932;-0.2825979;-0.993605;-0.42203102;0.25717714;0.448641;-0.43651766;-0.18124866;-0.83211464;-0.19531305;-0.9581723;0.8334379;-0.98115295;0.22071889;-0.9440909;-0.65863043;-0.93198997;0.16029695;-0.9629985;0.1822218;-0.5265412;0.38068163
-0.059421446;0.0013756215;0.0072859204;-4.939211e-05;-1.2173143e-05;-0.0046040076;-0.0021788185;1.755774e-06;-4.2782412e-06;0.047594473;0.16688083;0.37430987;0.036018442;0.13293631;0.41769204;0.000100623685;0.0003116498;3.723422e-05;-1.6193117e-05;-0.013208812;2.9572057e-05;0.5150691;0.10239356;-0.09900334;0.9385699;0.06352069;-0.0050038514;-0.11984351;-3.1603864e-05;0.5593843;0.08291251;-0.078283444;0.9306441;0.07525277;-0.019045064;-0.14117801;0.00012165041;-7.486342e-06;8.0362515e-06;-0.678906;0.006868839;-0.014992679;0.59868854;-0.13702263;0.11255627;0.16155213;0.00046278696;2.6741414e-05;-0.7100508;0.22407693;0.1732168;0.79576534;-0.61044455;0.2055008;0.47375295;-0.98776305;0.20575017;0.36323974;0.5036371;0.28255343;-0.84165907;0.3588979;0.18102665;0.17597944;-0.81200874;-0.28378043;-0.32075533;0.12972827;-0.025334604;-0.072221085;-0.04072957;-0.11872884;-0.24577314;-0.3575132;-0.27563506;-0.99362886;-0.41030088;0.25740293;0.45099425;-0.42944372;-0.18111223;-0.8298967;-0.18659528;-0.9581401;0.83442235;-0.9811729;0.2298089;-0.94495726;-0.6704152;-0.9326785;0.15921341;-0.96371615;0.15938525;-0.5282019;0.38801938
-0.059570964;0.0017957551;0.007257984;-5.1143696e-05;-1.3092533e-05;-0.0046039913;-0.0021941036;1.7467133e-06;-3.904992e-06;0.050737057;0.16651733;0.37322623;0.039433382;0.13290207;0.4162142;0.000101313104;0.0003195589;3.786094e-05;-1.7329285e-05;-0.01338994;3.0126153e-05;0.51470053;0.10182454;-0.09911823;0.93934625;0.067636855;-0.0035112484;-0.119016126;-3.1950054e-05;0.56094086;0.08437693;-0.07879899;0.93047;0.07248187;-0.018690152;-0.14135067;0.00012486818;-7.5584176e-06;8.712814e-06;-0.68705505;0.013989801;-0.01885537;0.6107734;-0.14227994;0.111236386;0.16610888;0.0004700883;2.7096423e-05;-0.7131968;0.22623046;0.17105356;0.8006594;-0.6051941;0.21213922;0.45885786;-0.987643;0.19140613;0.36528516;0.5049513;0.28594458;-0.8445418;0.36255515;0.18118313;0.18027256;-0.81767136;-0.28160024;-0.31585023;0.13093357;-0.02196583;-0.06819658;-0.035700284;-0.11351539;-0.24046846;-0.35679746;-0.2697615;-0.9936538;-0.40047905;0.25733495;0.45324543;-0.42191;-0.17863235;-0.8275903;-0.17654708;-0.9580416;0.8359706;-0.9811927;0.23778546;-0.94583166;-0.6827539;-0.93347806;0.1574799;-0.96447706;0.13643153;-0.5302458;0.39405483
-0.059701495;0.0022359737;0.007220661;-5.262345e-05;-1.3980549e-05;-0.004591513;-0.0022097616;1.7345395e-06;-3.584224e-06;0.05337043;0.16619436;0.37111688;0.042386718;0.1329926;0.41365525;0.000101768775;0.00032735695;3.8433238e-05;-1.8440502e-05;-0.013499891;3.0544095e-05;0.5143866;0.101121426;-0.09912874;0.94002134;0.071435735;-0.0021201784;-0.11821383;-3.2256226e-05;0.56243235;0.08584387;-0.079350606;0.9302649;0.06963286;-0.018510662;-0.14160487;0.00012793709;-7.613482e-06;9.366922e-06;-0.69471914;0.020528972;-0.023516705;0.62263465;-0.14825398;0.11116116;0.17018633;0.00047695945;2.7401693e-05;-0.7160012;0.22808215;0.16895792;0.80474293;-0.5998423;0.21875231;0.44290385;-0.98757464;0.17772873;0.3669256;0.50605935;0.28907353;-0.8471227;0.36571252;0.1821553;0.18370213;-0.82238716;-0.281188;-0.31184843;0.13057193;-0.020898689;-0.066985846;-0.031885546;-0.1103177;-0.23706135;-0.35868335;-0.2644936;-0.9936818;-0.39309868;0.25696573;0.45526594;-0.41419348;-0.17403956;-0.82522976;-0.1656215;-0.9578578;0.83789265;-0.9811894;0.2444258;-0.9466771;-0.69485116;-0.93430036;0.15522335;-0.9652382;0.1143739;-0.532536;0.39867836
-0.059810463;0.0026810279;0.0071704746;-5.381659e-05;-1.4815712e-05;-0.0045664343;-0.0022243452;1.7195863e-06;-3.31521e-06;0.055489603;0.16595459;0.36805663;0.04487276;0.1332404;0.4100974;0.000101956844;0.0003346922;3.893592e-05;-1.9503415e-05;-0.013531045;3.08254e-05;0.51413435;0.10032396;-0.09904086;0.9406089;0.074785955;-0.00080026104;-0.117504254;-3.2514086e-05;0.563843;0.087262824;-0.07993335;0.93003994;0.06689397;-0.018517679;-0.14191785;0.0001307274;-7.650291e-06;9.982847e-06;-0.70178723;0.026471373;-0.028752038;0.6340221;-0.15474206;0.112328805;0.17367764;0.00048303627;2.76512e-05;-0.7184007;0.22953644;0.16699839;0.8079848;-0.59456235;0.22535147;0.42616814;-0.98755234;0.16487102;0.3681251;0.50691533;0.29178303;-0.84937984;0.36827564;0.1839411;0.18634355;-0.8261498;-0.2821667;-0.30842316;0.129021;-0.022199126;-0.06783477;-0.028886141;-0.10881607;-0.23550461;-0.36233708;-0.25944486;-0.99371344;-0.38850692;0.25626627;0.45694512;-0.40660685;-0.16759574;-0.8228519;-0.15432711;-0.9575828;0.84007984;-0.98114526;0.24962717;-0.94747096;-0.70614964;-0.93507;0.15261015;-0.96596825;0.094074056;-0.534932;0.40184698
-0.059897628;0.0031155276;0.0071038655;-5.4727076e-05;-1.5581318e-05;-0.004529353;-0.0022365663;1.7022481e-06;-3.0945666e-06;0.057123974;0.16582547;0.36417878;0.046914116;0.13365586;0.40568256;0.000101851976;0.00034128057;3.936258e-05;-2.0491048e-05;-0.013476972;3.0973864e-05;0.5139476;0.099481605;-0.09886593;0.9411222;0.077579856;0.00046225073;-0.116950534;-3.272116e-05;0.565158;0.08858215;-0.08053662;0.9298124;0.06442255;-0.018710287;-0.142265;0.00013313783;-7.6696815e-06;1.054829e-05;-0.70817834;0.031830974;-0.034303635;0.64471805;-0.16152084;0.114632465;0.1765295;0.00048804248;2.7845032e-05;-0.7203487;0.23051791;0.1652147;0.8104009;-0.58951336;0.23192687;0.40904287;-0.98756796;0.15300857;0.36888787;0.5075059;0.2939582;-0.85131884;0.370204;0.18649243;0.18828775;-0.8290174;-0.2841406;-0.30528814;0.12665468;-0.025773743;-0.07002891;-0.026358444;-0.10866046;-0.23565648;-0.36698654;-0.25432685;-0.9937492;-0.38682562;0.25520268;0.45820576;-0.39945838;-0.1596121;-0.8204962;-0.14317843;-0.9572204;0.8424763;-0.98104745;0.2534099;-0.94819975;-0.7163186;-0.9357253;0.14983884;-0.96664476;0.07619392;-0.5372879;0.40358844
-0.059964713;0.0035248946;0.0070181694;-5.5371318e-05;-1.6264792e-05;-0.0044817044;-0.0022454096;1.682981e-06;-2.916604e-06;0.05833533;0.16581891;0.35964954;0.048561353;0.13423055;0.40058818;0.00010145267;0.00034690253;3.97118e-05;-2.1378584e-05;-0.013332216;3.0999807e-05;0.51382667;0.098646775;-0.098618396;0.9415715;0.07974187;0.0016659332;-0.116605766;-3.2878466e-05;0.56636244;0.08975415;-0.0811457;0.9296003;0.062337976;-0.019078786;-0.14262217;0.0001350982;-7.673625e-06;1.1053766e-05;-0.7138461;0.036642265;-0.039903607;0.6545611;-0.16836129;0.11789724;0.17872456;0.00049178913;2.7987e-05;-0.72182214;0.23097937;0.16362216;0.81204206;-0.5848281;0.23845606;0.3919929;-0.9876114;0.14231618;0.36925507;0.5078482;0.29553446;-0.8529629;0.37149048;0.18971187;0.18964903;-0.83108443;-0.28670532;-0.3021989;0.12382869;-0.031416435;-0.07291997;-0.024022883;-0.10949544;-0.23730798;-0.3719499;-0.24893668;-0.993789;-0.3879515;0.2537515;0.45901337;-0.39301756;-0.15045588;-0.81820416;-0.13265505;-0.9567802;0.8450458;-0.9808878;0.25590166;-0.9488544;-0.72519857;-0.9362179;0.14712268;-0.9672515;0.061189953;-0.53945893;0.40399814
-0.06001464;0.0038961323;0.0069123;-5.5774697e-05;-1.6857637e-05;-0.0044256314;-0.0022501885;1.662285e-06;-2.7738424e-06;0.059209302;0.16593315;0.35465133;0.04988656;0.13494173;0.39500856;0.000100785306;0.00035140116;3.9985345e-05;-2.2146814e-05;-0.013093193;3.0920284e-05;0.513768;0.097868346;-0.09831428;0.9419628;0.08123384;0.002798913;-0.1165077;-3.2988857e-05;0.56744367;0.09073941;-0.0817439;0.9294186;0.06072033;-0.019608216;-0.14296742;0.00013656938;-7.664734e-06;1.1492259e-05;-0.71877974;0.04095405;-0.04529267;0.66344845;-0.17504399;0.12191839;0.18026386;0.0004941718;2.808278e-05;-0.72282255;0.23090422;0.16222085;0.81297797;-0.58061635;0.24491239;0.3755058;-0.98767257;0.1329328;0.36929664;0.5079771;0.29649523;-0.85434383;0.37213898;0.1934531;0.19056499;-0.83246124;-0.28946438;-0.2989478;0.12087188;-0.038851243;-0.07593779;-0.021660602;-0.11097505;-0.24020322;-0.37664396;-0.24313988;-0.99383205;-0.39159065;0.25190812;0.4593776;-0.38749385;-0.1405469;-0.8160165;-0.12317346;-0.9562738;0.8477477;-0.98066145;0.25730768;-0.9494269;-0.73273736;-0.93651175;0.14466812;-0.9677765;0.049334344;-0.5413088;0.40323025
-0.06005059;0.00421843;0.0067870677;-5.5967947e-05;-1.7354876e-05;-0.004363726;-0.002250558;1.6406717e-06;-2.6578127e-06;0.059842736;0.16615734;0.3493683;0.050972234;0.13575862;0.38914248;9.990087e-05;0.00035468297;4.0186278e-05;-2.2783814e-05;-0.012758948;3.0757732e-05;0.5137655;0.09718671;-0.09797043;0.9422995;0.082056455;0.0038444616;-0.11667537;-3.305571e-05;0.568392;0.09150989;-0.08231509;0.9292774;0.059613563;-0.020281719;-0.1432828;0.00013754179;-7.645729e-06;1.1859549e-05;-0.72300065;0.04482511;-0.05023646;0.6713276;-0.1813744;0.12649226;0.18115805;0.0004951624;2.8138747e-05;-0.7233716;0.2303062;0.16100556;0.81328565;-0.57697374;0.25126937;0.36004344;-0.9877404;0.124928184;0.36909634;0.5079328;0.29686117;-0.85549396;0.372148;0.19753115;0.1911906;-0.83326143;-0.29204655;-0.29535967;0.11807871;-0.047763694;-0.07859503;-0.019105822;-0.11277427;-0.24405548;-0.38058338;-0.23685881;-0.9938767;-0.3973174;0.24969095;0.4593447;-0.383027;-0.13033557;-0.81396693;-0.115064375;-0.955713;0.85052544;-0.9803655;0.25787395;-0.94991046;-0.7389368;-0.9365816;0.1426541;-0.9682107;0.040745083;-0.542726;0.40148202
-0.06007524;0.0044836155;0.006644916;-5.5986107e-05;-1.7755141e-05;-0.0042986735;-0.0022464902;1.6186335e-06;-2.5596237e-06;0.06033046;0.16647518;0.34398252;0.051900145;0.13664696;0.38318548;9.886372e-05;0.0003567181;4.0319283e-05;-2.3284407e-05;-0.0123316785;3.0537143e-05;0.5138126;0.096630715;-0.09760373;0.9425825;0.08224651;0.0047856104;-0.117108725;-3.3083124e-05;0.56920314;0.09205005;-0.082845666;0.9291799;0.059031416;-0.021083128;-0.14355457;0.00013803237;-7.619281e-06;1.2153716e-05;-0.72655725;0.048321474;-0.054537337;0.6781832;-0.18719359;0.13143782;0.18142113;0.00049480476;2.816142e-05;-0.72350717;0.2292254;0.15997235;0.8130401;-0.57399285;0.257502;0.34600404;-0.98780507;0.11828598;0.36873975;0.5077492;0.29667744;-0.8564424;0.37150076;0.20173584;0.19168198;-0.8335948;-0.29412976;-0.29129225;0.11570129;-0.057820924;-0.08049162;-0.016238436;-0.11459774;-0.2485599;-0.38337988;-0.2300687;-0.9939216;-0.4046432;0.2471374;0.4589869;-0.37969014;-0.12027291;-0.81207716;-0.10855714;-0.9551088;0.8533086;-0.9799987;0.2578507;-0.9503003;-0.7438174;-0.9364143;0.14121331;-0.96854943;0.03541365;-0.543636;0.39897272
-0.060090136;0.004686481;0.0064894827;-5.5869226e-05;-1.8060207e-05;-0.0042329375;-0.002238224;1.5966096e-06;-2.470595e-06;0.060754117;0.16686809;0.33866414;0.05274081;0.13757303;0.37732306;9.7739154e-05;0.000357542;4.039053e-05;-2.3648525e-05;-0.011816777;3.0283012e-05;0.5139035;0.09621632;-0.09723058;0.94281286;0.08187144;0.0056082257;-0.11779049;-3.3075732e-05;0.56987923;0.09235736;-0.083326325;0.92912376;0.058963742;-0.021999093;-0.14377391;0.00013808056;-7.5881035e-06;1.2375283e-05;-0.72951794;0.05151146;-0.058044326;0.6840234;-0.19238329;0.13660869;0.18107396;0.0004932057;2.8157665e-05;-0.723275;0.22772019;0.15911974;0.81230813;-0.5717677;0.26358455;0.3336985;-0.9878585;0.112902306;0.3683008;0.5074486;0.29600132;-0.8572135;0.3701654;0.20584838;0.19217929;-0.83356416;-0.29546097;-0.28663692;0.11394258;-0.06868616;-0.08131997;-0.012979991;-0.11618776;-0.25340804;-0.38474512;-0.22279872;-0.9939651;-0.41307828;0.24429928;0.45838997;-0.37750137;-0.11078298;-0.81035346;-0.10377643;-0.9544725;0.85602254;-0.9795603;0.25746107;-0.95059645;-0.74740154;-0.9360088;0.1404208;-0.9687918;0.03323142;-0.5440129;0.39592266
-0.0600955;0.004824936;0.0063248817;-5.5662473e-05;-1.8274965e-05;-0.0041685;-0.0022262053;1.5749694e-06;-2.3828834e-06;0.061174344;0.1673168;0.3335676;0.05354614;0.13850519;0.3717217;9.658e-05;0.0003572526;4.0408544e-05;-2.3879045e-05;-0.011222418;3.0016443e-05;0.5140352;0.095947;-0.09686615;0.94299173;0.08102148;0.0063027637;-0.11869068;-3.303947e-05;0.57042825;0.092441574;-0.083752856;0.9291022;0.059381973;-0.023020355;-0.14393657;0.00013774371;-7.554918e-06;1.2527249e-05;-0.73196435;0.05446006;-0.06065799;0.6888725;-0.19686426;0.14189783;0.18014774;0.00049052713;2.8134906e-05;-0.7227257;0.22585894;0.15844615;0.8111474;-0.5703923;0.26948655;0.32334056;-0.9878938;0.10860731;0.36783588;0.5070408;0.29489264;-0.85782844;0.36809897;0.20965882;0.19279131;-0.8332671;-0.29587382;-0.28132346;0.11295163;-0.080026746;-0.08087034;-0.009293249;-0.1173307;-0.2583027;-0.3844937;-0.21513623;-0.99400645;-0.42218196;0.24123521;0.45764154;-0.3764392;-0.102236845;-0.8087857;-0.1007438;-0.9538158;0.85859716;-0.9790515;0.25688028;-0.9508041;-0.7497063;-0.93537766;0.14029163;-0.96894336;0.034010507;-0.54388046;0.3925344
-0.06009022;0.004899926;0.006155103;-5.541474e-05;-1.8406892e-05;-0.004106725;-0.0022110357;1.5540173e-06;-2.2899694e-06;0.061627246;0.16780107;0.32882133;0.05434628;0.13941394;0.36652008;9.5416224e-05;0.0003560057;4.0383835e-05;-2.3980003e-05;-0.010558711;2.9753264e-05;0.5142078;0.09581536;-0.09652354;0.9431216;0.07980133;0.0068639168;-0.119770676;-3.2981377e-05;0.57086384;0.09232365;-0.084126145;0.9291062;0.060242005;-0.024141232;-0.14404236;0.00013709252;-7.5226635e-06;1.2614648e-05;-0.7339857;0.057221953;-0.062332105;0.6927662;-0.20059162;0.14723676;0.17868698;0.000486979;2.8101553e-05;-0.72190875;0.22371222;0.15794566;0.8096061;-0.5699489;0.27516997;0.31504732;-0.98790735;0.105191;0.36738008;0.5065283;0.29341108;-0.85830915;0.36525953;0.21297789;0.19358693;-0.8327988;-0.29529306;-0.27532253;0.11282369;-0.09151761;-0.07903271;-0.0051822327;-0.1178613;-0.26297203;-0.3825437;-0.20722641;-0.9940454;-0.4315919;0.23800384;0.45682344;-0.37645704;-0.094938904;-0.8073512;-0.099388674;-0.9531519;0.8609765;-0.97847563;0.25622377;-0.9509361;-0.7507464;-0.93454534;0.14078419;-0.9690144;0.03749908;-0.5433109;0.38898066
-0.06007219;0.004915261;0.005983442;-5.5180048e-05;-1.846574e-05;-0.0040483326;-0.0021934274;1.5339978e-06;-2.1868254e-06;0.062124003;0.16829857;0.32452533;0.055148825;0.14027068;0.36182332;9.425002e-05;0.00035400936;4.0329207e-05;-2.395568e-05;-0.009837637;2.9503262e-05;0.5144233;0.095805325;-0.09621267;0.9432056;0.07832229;0.0072899447;-0.12098758;-3.2909957e-05;0.57120353;0.09203442;-0.084451854;0.929126;0.06148534;-0.025358364;-0.14409453;0.00013620699;-7.494462e-06;1.2644479e-05;-0.7356737;0.059835352;-0.063071355;0.69575167;-0.20354855;0.15259062;0.17674936;0.0004828086;2.806689e-05;-0.72087157;0.22134781;0.15760288;0.80772644;-0.5704955;0.28059113;0.30884674;-0.98789734;0.10243545;0.3669512;0.5059123;0.29161623;-0.85868055;0.3616202;0.21564707;0.19459257;-0.8322549;-0.2937346;-0.26864883;0.11360267;-0.10284257;-0.07579627;-0.0006915167;-0.11766417;-0.26718318;-0.3789139;-0.19926639;-0.9940825;-0.44103387;0.23465745;0.4560041;-0.37749293;-0.08911821;-0.8060184;-0.09956195;-0.9524955;0.8631221;-0.9778395;0.2555493;-0.9510093;-0.750541;-0.933549;0.14181072;-0.9690201;0.043395005;-0.54241365;0.38539958
-0.060038645;0.004877241;0.005812175;-5.5012526e-05;-1.8462975e-05;-0.003993467;-0.0021741744;1.5151055e-06;-2.0701555e-06;0.06265372;0.16878392;0.3207457;0.05594128;0.14104642;0.35769823;9.305651e-05;0.0003515135;4.0258717e-05;-2.3810888e-05;-0.00907236;2.927013e-05;0.5146843;0.09589463;-0.09593985;0.94324803;0.0766967;0.0075820587;-0.12229652;-3.2834723e-05;0.5714672;0.09161285;-0.084739104;0.9291528;0.06303898;-0.02666785;-0.14409904;0.00013517289;-7.4734853e-06;1.2625445e-05;-0.7371192;0.062317435;-0.06292683;0.69788873;-0.20574208;0.15795103;0.1744034;0.0004782937;2.8040522e-05;-0.7196566;0.21882807;0.15738985;0.80554974;-0.5720486;0.28570294;0.30468568;-0.9878654;0.10014137;0.3665546;0.50519985;0.2895728;-0.8589743;0.3571858;0.21754524;0.19580022;-0.83173555;-0.29129383;-0.26136202;0.11528855;-0.113696255;-0.07124201;0.0040986617;-0.11667171;-0.27075297;-0.37371624;-0.1914886;-0.9941193;-0.45031664;0.23123804;0.45523715;-0.37947404;-0.08492685;-0.80475163;-0.10105258;-0.9518632;0.8650154;-0.9771536;0.2548654;-0.9510461;-0.7491233;-0.9324354;0.1432508;-0.9689797;0.051351596;-0.5413248;0.3818958
-0.059986714;0.004794179;0.005642437;-5.4965843e-05;-1.8411461e-05;-0.00394184;-0.0021541386;1.4974956e-06;-1.938286e-06;0.06318825;0.16922799;0.31751823;0.056695692;0.14171095;0.35417652;9.178938e-05;0.00034879846;4.018689e-05;-2.3552311e-05;-0.008277822;2.9052986e-05;0.5149932;0.096057266;-0.0957073;0.9432535;0.075033695;0.007743907;-0.123652115;-3.276531e-05;0.57167506;0.09110422;-0.0849993;0.9291787;0.064815186;-0.028061984;-0.14406398;0.00013407881;-7.463008e-06;1.2567514e-05;-0.73840755;0.06466269;-0.061989255;0.69925094;-0.20720053;0.16332349;0.17172238;0.00047373047;2.8032315e-05;-0.7183017;0.21621114;0.1572665;0.8031219;-0.57457155;0.29046065;0.30244073;-0.98781437;0.09814328;0.36618993;0.5044086;0.28735563;-0.8592287;0.35200667;0.21859315;0.19717996;-0.83134747;-0.2881311;-0.2535665;0.11784711;-0.12378326;-0.065530814;0.009080839;-0.11485878;-0.27355364;-0.36714688;-0.184138;-0.9941575;-0.4593151;0.22777611;0.45455894;-0.3823158;-0.08243521;-0.80351466;-0.103601076;-0.9512718;0.86665636;-0.97643286;0.25414714;-0.9510689;-0.7465546;-0.9312583;0.14496474;-0.9689145;0.060980797;-0.54019016;0.37854883
-0.059913907;0.004675826;0.0054742955;-5.5087963e-05;-1.8325343e-05;-0.0038929144;-0.0021342293;1.481276e-06;-1.7909842e-06;0.063688;0.16959889;0.3148518;0.05737419;0.14223355;0.35125947;9.039375e-05;0.0003461591;4.0127954e-05;-2.3190505e-05;-0.0074706916;2.8848044e-05;0.51534986;0.09626589;-0.09551389;0.9432278;0.07343825;0.0077822404;-0.12500891;-3.2711177e-05;0.5718458;0.09055779;-0.08524456;0.9291981;0.066712454;-0.029526066;-0.14399867;0.00013301283;-7.465984e-06;1.2481716e-05;-0.7396168;0.06684431;-0.06038242;0.69992626;-0.20797326;0.16871694;0.16877897;0.00046942045;2.805132e-05;-0.7168404;0.21355312;0.15718274;0.8005;-0.5779667;0.29482687;0.30192617;-0.9877491;0.09632044;0.3658565;0.5035676;0.28505552;-0.85948855;0.34619117;0.21875694;0.19869629;-0.8312032;-0.28445205;-0.24540786;0.12122145;-0.13282678;-0.058886368;0.014132215;-0.11223429;-0.27551737;-0.35947093;-0.17744297;-0.9941995;-0.4679473;0.22429107;0.4539893;-0.38591826;-0.08162795;-0.8022757;-0.106912695;-0.9507389;0.86806136;-0.97569656;0.2533545;-0.9510998;-0.7429363;-0.93007505;0.14680669;-0.96884614;0.07185325;-0.5391536;0.37542185
-0.059818488;0.00453273;0.0053069997;-5.5416487e-05;-1.8219376e-05;-0.0038461154;-0.0021153719;1.4665121e-06;-1.6290578e-06;0.06410886;0.16986458;0.31273726;0.057935443;0.14258474;0.34892803;8.882124e-05;0.00034388396;4.0094717e-05;-2.2741922e-05;-0.006669921;2.8650877e-05;0.51575136;0.096494;-0.09535593;0.94317824;0.07201065;0.0077082207;-0.12632199;-3.2680677e-05;0.5719964;0.0900241;-0.08548646;0.9292074;0.06861918;-0.031036284;-0.14391366;0.00013205895;-7.4848067e-06;1.2379838e-05;-0.7408134;0.06881969;-0.058254834;0.7000149;-0.2081317;0.17412812;0.16564572;0.00046565334;2.8105103e-05;-0.7153033;0.2109112;0.15708522;0.7977583;-0.58207476;0.29877412;0.3029039;-0.9876759;0.09460127;0.36555582;0.5027171;0.28278255;-0.8598013;0.33991072;0.21804759;0.20032634;-0.83141595;-0.28048274;-0.23706709;0.12534472;-0.14057675;-0.051571567;0.01913037;-0.108829975;-0.27663553;-0.351006;-0.17158514;-0.9942476;-0.47614855;0.22079594;0.45353392;-0.39016026;-0.08239902;-0.8010068;-0.11067027;-0.95028067;0.8692614;-0.974967;0.2524495;-0.95115834;-0.7384217;-0.9289419;0.1486359;-0.9687951;0.083498746;-0.5383419;0.3725728
-0.059699956;0.004375542;0.005139368;-5.5975397e-05;-1.8108782e-05;-0.0038010362;-0.002098469;1.4532203e-06;-1.4541001e-06;0.06440929;0.16999651;0.31115872;0.058342054;0.14273958;0.3471541;8.704961e-05;0.00034222976;4.0097308e-05;-2.2230663e-05;-0.005896537;2.8459006e-05;0.51619196;0.09671779;-0.09522888;0.9431146;0.070847176;0.0075383238;-0.12754743;-3.268053e-05;0.5721402;0.089551985;-0.08573462;0.9292052;0.07041888;-0.032558423;-0.14381969;0.00013129282;-7.521121e-06;1.2274148e-05;-0.7420497;0.07053733;-0.055772163;0.6996252;-0.20777;0.1795287;0.1623956;0.00046268554;2.8199021e-05;-0.71372074;0.20834674;0.15692331;0.7949948;-0.58668303;0.30228645;0.3050931;-0.9876006;0.09296027;0.36529022;0.5019021;0.2806663;-0.86021125;0.3333988;0.21652181;0.20207234;-0.83208925;-0.2764455;-0.22874996;0.13015059;-0.14682694;-0.04386296;0.023967087;-0.10468885;-0.27695414;-0.3421016;-0.16667451;-0.9943035;-0.48384604;0.21730205;0.45318618;-0.39489657;-0.084552;-0.7996872;-0.114545956;-0.9499104;0.8702978;-0.97426766;0.25141478;-0.95125836;-0.7332238;-0.92790914;0.15032582;-0.9687785;0.095409445;-0.5378542;0.37006375
-0.05955925;0.004214455;0.0049703014;-5.6769582e-05;-1.800817e-05;-0.0037576298;-0.0020843407;1.4413725e-06;-1.2683886e-06;0.064557284;0.16997343;0.31009927;0.058567077;0.14268142;0.34591183;8.5096195e-05;0.00034139818;4.0142564e-05;-2.168927e-05;-0.005173376;2.827384e-05;0.51666325;0.09691765;-0.095128804;0.9430495;0.07004054;0.0072959536;-0.12864321;-3.2714728e-05;0.57228786;0.08918589;-0.085995875;0.9291912;0.071997285;-0.034049053;-0.14372735;0.00013077699;-7.5752396e-06;1.2176286e-05;-0.74336106;0.07194565;-0.053108614;0.69887024;-0.20700376;0.1848552;0.15910728;0.00046072024;2.8334936e-05;-0.7121264;0.20592602;0.1566548;0.79233235;-0.5915401;0.30535743;0.3081809;-0.9875287;0.09141541;0.3650602;0.501167;0.27885196;-0.86075324;0.32694107;0.2142791;0.20397043;-0.83330405;-0.27253267;-0.2206721;0.13558196;-0.15143113;-0.0360218;0.02856177;-0.09985394;-0.2765658;-0.3331148;-0.16273557;-0.9943676;-0.49093556;0.21382578;0.4529303;-0.3999543;-0.087808855;-0.7983009;-0.11821441;-0.9496371;0.87121755;-0.9736215;0.2502631;-0.9514084;-0.7276155;-0.927017;0.15177199;-0.9688088;0.10705021;-0.53775364;0.3679673
-0.059398964;0.0040587327;0.0047993367;-5.778321e-05;-1.7930666e-05;-0.003716351;-0.0020736828;1.430915e-06;-1.0747026e-06;0.06453749;0.16978565;0.30954924;0.05860094;0.1424055;0.34518427;8.303178e-05;0.00034151343;4.0233077e-05;-2.1158843e-05;-0.0045239236;2.8102295e-05;0.5171554;0.09707899;-0.09505358;0.9429998;0.06967907;0.007011125;-0.12957017;-3.2784083e-05;0.5724472;0.08896323;-0.08627338;0.92916656;0.07324881;-0.035457253;-0.14364637;0.00013055743;-7.646107e-06;1.2096716e-05;-0.74476576;0.07300133;-0.050439436;0.69786423;-0.20596677;0.19000663;0.15587325;0.0004598888;2.8510723e-05;-0.7105603;0.20372057;0.15625004;0.78991944;-0.5963732;0.30798998;0.31183344;-0.98746365;0.090019524;0.36485866;0.5005482;0.27749324;-0.86144555;0.32085702;0.2114529;0.20609032;-0.83510464;-0.26888496;-0.2130418;0.1415939;-0.15431793;-0.028268844;0.032869376;-0.09436066;-0.27559564;-0.3243874;-0.15970585;-0.99443907;-0.4972654;0.21039398;0.45274442;-0.40513235;-0.09183027;-0.7968348;-0.12136501;-0.9494632;0.87206507;-0.97304714;0.24904366;-0.95161;-0.72191745;-0.9262913;0.15289709;-0.9688928;0.117877714;-0.5380623;0.366369
-0.059223365;0.0039165094;0.0046271603;-5.8978214e-05;-1.7886487e-05;-0.0036781938;-0.002067019;1.4217841e-06;-8.763891e-07;0.06435547;0.16943745;0.309507;0.058455363;0.1419218;0.34496593;8.0979305e-05;0.00034261338;4.0365994e-05;-2.0687741e-05;-0.003970818;2.7956987e-05;0.5176566;0.097192034;-0.09500347;0.94298416;0.06984464;0.0067195753;-0.13029282;-3.2885393e-05;0.5726233;0.08891278;-0.086566135;0.92913204;0.07408202;-0.03672774;-0.14358532;0.00013066095;-7.730894e-06;1.2043602e-05;-0.746266;0.07367636;-0.04793331;0.6967216;-0.20480679;0.1948462;0.15280189;0.00046024245;2.8719398e-05;-0.7090724;0.20180479;0.15569182;0.78792244;-0.60090655;0.31019333;0.31570607;-0.98740774;0.08884625;0.36466765;0.50006723;0.27674156;-0.86228657;0.31547466;0.20820063;0.20852578;-0.8374883;-0.26557884;-0.20604368;0.14815041;-0.15549375;-0.020768255;0.03687961;-0.08823485;-0.27418414;-0.31622422;-0.15745103;-0.9945154;-0.5026328;0.20704886;0.45260274;-0.4102034;-0.09624912;-0.79527533;-0.12371697;-0.94938225;0.87287176;-0.97255677;0.24783844;-0.9518575;-0.71647733;-0.925742;0.15365265;-0.96902996;0.12736765;-0.5387601;0.3653635
