0;1;2;3;4;5;6;7;8;9;10;11;12;13;14;15;16;17;18;19;20;21;22;23;24;25;26;27;28;29;30;31;32;33;34;35;36;37;38;39;40;41;42;43;44;45;46;47;48;49;50;51;52;53;54;55;56;57;58;59;60;61;62;63;64;65;66;67;68;69;70;71;72;73;74;75;76;77;78;79;80;81;82;83;84;85;86;87;88;89;90;91;92;93;94
-0.05467482;0.0055096927;-0.00397732;0.000812156;0.00020723816;0.0004127542;-0.00018711145;-1.3520462e-06;-8.531459e-05;-0.028612142;0.046648357;0.0483969;-0.021177668;0.039882448;0.061215892;-3.486647e-05;0.00017015966;-0.0002449374;-2.5324784e-05;0.03537751;4.337328e-05;0.32214347;0.06126581;-0.05017907;0.5948582;0.05277251;0.022848565;-0.04216833;0.00016492914;0.33525294;0.097806625;-0.06939938;0.5251472;-0.016114023;-0.013104195;-0.10039373;4.003371e-05;6.303656e-05;-0.00014896996;-0.39156136;0.025994906;0.012179575;0.43171352;-0.2139495;0.025835138;0.16031985;0.00014108533;-0.00020050452;-0.3459026;0.04665754;-0.002756402;0.3678643;-0.28399256;0.13174044;0.10784115;-0.7698298;-0.13651301;0.073680565;0.20182602;0.016727095;-0.3026378;0.06457731;0.02135591;-0.113705784;0.06147297;-0.18942429;-0.20063637;-0.040000703;-0.5901844;-0.16548067;-0.16376892;-0.08052606;-0.40331525;-0.194065;-0.2867054;-0.8009181;-0.2449471;0.039377615;0.20241983;-0.22621515;0.13262445;-0.2317689;-0.09623025;-0.41139463;0.55830836;-0.5161019;-0.14148197;-0.4923611;-0.35626048;-0.57171607;-0.096702866;-0.51571363;0.030038284;-0.3472373;0.040509604
-0.05521342;0.008556628;-0.004987827;0.0005665033;0.00013411269;0.0012778963;-0.00016417203;-1.1497875e-06;-5.544666e-05;-0.022333367;0.056723002;0.062964275;-0.022342756;0.052445475;0.078118496;-0.0001521647;0.00025900727;-0.00015562195;-1.3920706e-05;-0.0025907916;1.9829982e-05;0.38425857;0.06275202;-0.06156669;0.8118002;0.071218334;0.013428825;-0.08872309;0.00010480432;0.407705;0.12207846;-0.09087608;0.7479152;-0.009819164;-0.054867487;-0.13127525;4.356407e-05;4.113552e-05;-9.623189e-05;-0.52390414;0.0065188017;0.013131739;0.5995781;-0.36534962;0.04348218;0.2700294;0.00018585968;-0.00012996892;-0.44037423;0.03331512;0.030847466;0.51157457;-0.56097543;0.21082686;0.22921282;-0.9562363;-0.21211977;0.15775232;0.2869979;0.006074297;-0.4370483;0.14464444;0.007851714;-0.17050822;0.18437816;-0.28518382;-0.32305676;-0.043071758;-0.87670946;-0.22275656;-0.25589594;-0.090323724;-0.6357397;-0.2887097;-0.4937435;-0.9662389;-0.31582883;0.079052635;0.23423281;-0.40667456;0.27772787;-0.42307848;-0.2009204;-0.7171864;0.8767238;-0.7755844;-0.27242076;-0.80693203;-0.6605829;-0.8285446;-0.19796304;-0.8287368;-0.049004674;-0.5800825;0.055349518
-0.055854056;0.010448247;-0.007216499;0.00042045314;9.248691e-05;0.001898779;-0.00013806822;-1.0833959e-06;-3.7656362e-05;-0.030831154;0.058245964;0.04722499;-0.033774886;0.056630142;0.06252026;-0.00027034438;0.00036297404;-0.00010572995;6.8493573e-06;-0.020834647;5.615191e-06;0.42063066;0.064156815;-0.063420616;0.8716171;0.06533479;-0.00073654;-0.113571584;7.1000686e-05;0.4440598;0.13317135;-0.10518191;0.81593746;-0.0024983513;-0.08135373;-0.1474107;5.910093e-05;2.852839e-05;-6.638453e-05;-0.57045245;-0.029339293;0.013154801;0.6432187;-0.42378512;0.069698185;0.32276538;0.00025612768;-8.991119e-05;-0.46315813;0.00790418;0.037420534;0.57766277;-0.69022006;0.23342027;0.26806942;-0.9832898;-0.27192035;0.19845758;0.33158076;-0.0050473935;-0.5202704;0.20928012;0.021734014;-0.19923627;0.2716191;-0.3467754;-0.32954198;-0.072372235;-0.9456143;-0.26189518;-0.26075783;-0.08686069;-0.7376678;-0.31869617;-0.55553836;-0.98754686;-0.30056882;0.07662895;0.24690795;-0.4429993;0.36320442;-0.46784344;-0.20774813;-0.81231666;0.9493335;-0.8516402;-0.3286373;-0.8945364;-0.8029715;-0.8938788;-0.22330889;-0.91407716;-0.09473326;-0.6392049;0.037403498
-0.05652882;0.0116338525;-0.009075049;0.0003413456;7.014538e-05;0.0023840386;-7.757562e-05;-1.0931553e-06;-2.8637536e-05;-0.043113414;0.04428551;0.009839113;-0.04688584;0.04666285;0.022594873;-0.00033797955;0.00041732276;-7.966248e-05;2.0174652e-05;-0.027890923;-3.3760516e-06;0.43818405;0.061859496;-0.060947943;0.8932295;0.051871713;-0.012206474;-0.11959085;5.3471682e-05;0.46226108;0.13784716;-0.11434042;0.83515966;0.0003016051;-0.09541514;-0.15399814;6.6365654e-05;2.1908374e-05;-5.0346396e-05;-0.59190494;-0.05946921;0.012941425;0.6618905;-0.4447257;0.1100714;0.3715037;0.00028747073;-6.886014e-05;-0.46458113;-0.008453873;0.027033769;0.6088939;-0.73241985;0.24431002;0.26248097;-0.9901693;-0.32167074;0.21126196;0.35164258;-0.013447035;-0.567401;0.23865895;0.052734923;-0.22050723;0.3256899;-0.3920403;-0.2910093;-0.09966485;-0.9665684;-0.28798315;-0.23658952;-0.08947223;-0.7883108;-0.32300797;-0.5592798;-0.9926495;-0.26909235;0.056585968;0.25332493;-0.4324247;0.39792532;-0.45563844;-0.18414623;-0.83620334;0.97105116;-0.8708061;-0.34708336;-0.9180934;-0.8690795;-0.91195846;-0.21857235;-0.9369767;-0.116942905;-0.6466388;0.0019466516
-0.056906722;0.01249055;-0.010274544;0.00030350417;5.9000726e-05;0.0028615738;3.9232196e-05;-1.1439179e-06;-2.4697423e-05;-0.05222874;0.024309883;-0.028832775;-0.055421915;0.030648341;-0.019637836;-0.00036936032;0.0004294437;-6.72107e-05;2.7863316e-05;-0.030526908;-8.772375e-06;0.44467276;0.055835776;-0.056802157;0.89961714;0.0407486;-0.018671475;-0.11601518;4.535324e-05;0.4711825;0.14057398;-0.12079619;0.83821994;0.0012680172;-0.103061244;-0.1570501;6.500976e-05;1.8819883e-05;-4.223743e-05;-0.602151;-0.084606;0.0094522685;0.6786354;-0.44651017;0.157497;0.413836;0.00028503122;-5.8854348e-05;-0.45758912;-0.01773671;0.010294613;0.6244131;-0.7407317;0.252144;0.24212041;-0.99282396;-0.36884707;0.21338029;0.3626144;-0.016733428;-0.5833917;0.23558103;0.07912572;-0.23707093;0.3596102;-0.43371987;-0.24229945;-0.11857066;-0.9749109;-0.3108553;-0.20912124;-0.09783103;-0.81649816;-0.33306628;-0.5502628;-0.99438787;-0.23575118;0.036797676;0.26363096;-0.42027107;0.4092727;-0.43174726;-0.15903512;-0.8412688;0.97903;-0.8709591;-0.34661067;-0.9239341;-0.8978638;-0.9140379;-0.21095291;-0.9427414;-0.12866907;-0.6398079;-0.03565674
-0.05687636;0.013038022;-0.011050125;0.00029472972;5.575636e-05;0.0033127482;0.00017506111;-1.2147227e-06;-2.40464e-05;-0.058653507;0.0032926972;-0.057288293;-0.06018873;0.0124132745;-0.05087631;-0.00038194488;0.00041942103;-6.4318185e-05;3.2877288e-05;-0.031902336;-1.0892181e-05;0.44499943;0.04782495;-0.052387558;0.8976079;0.03456992;-0.020363184;-0.10781127;4.37181e-05;0.4730558;0.14210886;-0.12555388;0.83327943;0.004521618;-0.107969604;-0.15810908;5.9622886e-05;1.8167142e-05;-3.978479e-05;-0.60305786;-0.106177345;0.00559546;0.6934285;-0.4432958;0.20266634;0.44383973;0.00026702034;-5.654183e-05;-0.44565383;-0.023018014;-0.0072553223;0.63247013;-0.7311436;0.25668007;0.21144016;-0.9940479;-0.4107856;0.21272388;0.36919317;-0.01604622;-0.58062106;0.2029562;0.08905874;-0.2492873;0.38846225;-0.4735102;-0.201598;-0.13055246;-0.9789742;-0.3348658;-0.19069283;-0.10856326;-0.8343896;-0.3472817;-0.5465431;-0.99493307;-0.21044321;0.022757474;0.2775506;-0.41716048;0.41387853;-0.411097;-0.13771947;-0.84144175;0.98212653;-0.86416477;-0.33556503;-0.9226507;-0.90796757;-0.90783525;-0.20415373;-0.9412582;-0.13422087;-0.62749946;-0.06447997
-0.056602027;0.013180247;-0.011676796;0.00030919426;5.89049e-05;0.0037083933;0.00030985865;-1.2978081e-06;-2.57938e-05;-0.0622917;-0.017799102;-0.07267329;-0.06158156;-0.007267529;-0.06759385;-0.00038788523;0.0003998492;-6.9167785e-05;3.687183e-05;-0.03396786;-1.0219286e-05;0.44114196;0.039154816;-0.0483047;0.89055973;0.031563327;-0.019285902;-0.09736724;4.7232694e-05;0.4680312;0.14196683;-0.12883683;0.8221797;0.011473915;-0.11216007;-0.15711068;5.2811134e-05;1.9456667e-05;-4.1998166e-05;-0.5940566;-0.12516935;0.0040953103;0.7036266;-0.4466737;0.2407407;0.46103236;0.00024325046;-6.039068e-05;-0.43133447;-0.025440453;-0.021344548;0.63746;-0.7104279;0.25951996;0.16799968;-0.9945648;-0.44147304;0.21454665;0.37113252;-0.0127701545;-0.5688712;0.14978386;0.082042046;-0.2562786;0.42187813;-0.50869143;-0.17603883;-0.13612786;-0.9814434;-0.35910252;-0.18322125;-0.116991945;-0.8482456;-0.35929298;-0.5539539;-0.9948629;-0.19434741;0.015817856;0.29123875;-0.42529353;0.41974282;-0.39826572;-0.1216459;-0.8405395;0.9831227;-0.8544144;-0.31845084;-0.9173891;-0.90833825;-0.8961173;-0.20049895;-0.9353889;-0.13867983;-0.61256224;-0.08253926
-0.056321487;0.012884678;-0.012276174;0.00034601713;6.820186e-05;0.0040439316;0.00044226146;-1.3967134e-06;-2.9693845e-05;-0.061437804;-0.038993746;-0.075846635;-0.05826876;-0.028106224;-0.07068114;-0.00039499145;0.0003781844;-8.150138e-05;4.0513412e-05;-0.038053405;-7.429073e-06;0.43296102;0.030110937;-0.044493586;0.87952673;0.02880085;-0.017539553;-0.08580884;5.5724187e-05;0.45521167;0.13954559;-0.1306092;0.8042938;0.022162987;-0.116276905;-0.15384732;4.5757537e-05;2.2636756e-05;-4.8735747e-05;-0.5738673;-0.14177933;0.006922782;0.70857966;-0.4602307;0.27036893;0.46818995;0.00021815287;-7.0184935e-05;-0.41617793;-0.025189959;-0.02835094;0.6407608;-0.6837413;0.26329818;0.10976698;-0.9945779;-0.4544907;0.22149365;0.36565238;-0.006797368;-0.55323243;0.086768605;0.062131915;-0.2572938;0.4614121;-0.5363309;-0.16579147;-0.13399002;-0.983238;-0.37994924;-0.18311565;-0.11857101;-0.8607188;-0.36441717;-0.5695237;-0.99430424;-0.17758448;0.014967412;0.30016086;-0.44153553;0.42938808;-0.39217946;-0.112149656;-0.8397448;0.98310363;-0.8433729;-0.29792574;-0.9096034;-0.9037712;-0.88072467;-0.20075093;-0.9264019;-0.14928706;-0.59660393;-0.0906099
-0.056170415;0.012236475;-0.012874636;0.0004058838;8.368981e-05;0.0043309927;0.00057203433;-1.520713e-06;-3.573655e-05;-0.0547522;-0.06031105;-0.06951174;-0.04902919;-0.049680416;-0.062998496;-0.000407746;0.00035997416;-0.00010147947;4.402677e-05;-0.044930488;-3.1440795e-06;0.41992688;0.020275867;-0.040678337;0.8644298;0.024340311;-0.01701678;-0.07340356;6.935491e-05;0.4338942;0.13479815;-0.13113034;0.77787876;0.03682744;-0.12077817;-0.14858198;3.940036e-05;2.7774797e-05;-6.001335e-05;-0.5422612;-0.15539065;0.01569344;0.70957035;-0.48123273;0.2931742;0.46867907;0.00019494466;-8.6087704e-05;-0.39966977;-0.022538466;-0.027169138;0.64188695;-0.65534747;0.2714785;0.037814148;-0.9941386;-0.44786507;0.23491372;0.35011116;0.0016755629;-0.5360599;0.020566367;0.033384975;-0.25365138;0.5039698;-0.5553255;-0.16765426;-0.123417094;-0.9847379;-0.39430237;-0.1867376;-0.11169516;-0.8727103;-0.3603917;-0.5872204;-0.99320304;-0.14888418;0.01933882;0.30120832;-0.460521;0.44258612;-0.38948485;-0.1097401;-0.8395797;0.98264915;-0.8324156;-0.27702415;-0.900189;-0.89766586;-0.8631698;-0.20477276;-0.91507095;-0.17174423;-0.581319;-0.0900262
-0.056132264;0.0113740815;-0.013512215;0.00048784178;0.00010489891;0.0045827096;0.0006957003;-1.6772829e-06;-4.3785207e-05;-0.042482637;-0.08124584;-0.05745432;-0.034090653;-0.071143925;-0.04843072;-0.00042802165;0.00034877754;-0.00012866067;4.7556452e-05;-0.05476808;2.1649175e-06;0.40222654;0.0094527975;-0.03668783;0.8448271;0.017523749;-0.019244853;-0.060348205;8.787979e-05;0.4043755;0.1282406;-0.13091847;0.74040985;0.055210453;-0.12580673;-0.14207745;3.4557444e-05;3.4765424e-05;-7.5451826e-05;-0.5000363;-0.16550915;0.031021308;0.707806;-0.5057852;0.3118989;0.4649589;0.00017605351;-0.00010780324;-0.37902272;-0.018433126;-0.019676926;0.63910776;-0.6283427;0.28700668;-0.044144318;-0.9932023;-0.4245716;0.2551783;0.32337728;0.011036339;-0.5183381;-0.0462167;-0.0014825301;-0.24747239;0.5457899;-0.5657605;-0.17744951;-0.1049564;-0.9861294;-0.40064737;-0.19185117;-0.09764473;-0.88422585;-0.34701926;-0.60212874;-0.99135417;-0.10039016;0.028782237;0.29332253;-0.47777694;0.45837882;-0.38741553;-0.11372263;-0.84024835;0.98208976;-0.8227307;-0.25958565;-0.8893796;-0.8928162;-0.8441428;-0.21307535;-0.9014835;-0.20877564;-0.56793237;-0.082143046
-0.05609441;0.0104053095;-0.014259641;0.0005877375;0.00013048363;0.0048096245;0.00081071985;-1.8692326e-06;-5.3382253e-05;-0.026071722;-0.10064506;-0.04361311;-0.014917017;-0.091205284;-0.030945642;-0.0004557586;0.00034539436;-0.00016152853;5.125888e-05;-0.06723909;8.094365e-06;0.3809244;-0.0018218064;-0.032512177;0.82035625;0.008165028;-0.02506341;-0.047313757;0.000110305344;0.36819106;0.12063965;-0.13045423;0.68889296;0.075770445;-0.1306633;-0.13530704;3.157292e-05;4.3205633e-05;-9.403239e-05;-0.44877878;-0.17238747;0.052134555;0.703861;-0.532333;0.32879004;0.45895746;0.0001621694;-0.0001341846;-0.3507577;-0.014326149;-0.0091001885;0.63007706;-0.6043632;0.31071568;-0.1305598;-0.99163425;-0.39036143;0.28114203;0.2858583;0.018765781;-0.50049025;-0.11270973;-0.041394487;-0.23984936;0.5841303;-0.5679089;-0.1908811;-0.07980669;-0.9875252;-0.39854956;-0.19712168;-0.07934265;-0.89508146;-0.32594943;-0.6115365;-0.9883685;-0.028013743;0.042815983;0.27733812;-0.49107146;0.47581992;-0.38487104;-0.12291368;-0.8420178;0.9815981;-0.81552726;-0.24941207;-0.87693685;-0.8913778;-0.8236651;-0.22666499;-0.8850452;-0.2603268;-0.5571572;-0.06831555
-0.055929054;0.009383455;-0.015149458;0.0006995348;0.00015864073;0.005016916;0.00091776747;-2.0948476e-06;-6.388537e-05;-0.007137233;-0.11731084;-0.031153657;0.006746444;-0.108705536;-0.013797665;-0.0004893176;0.00034793722;-0.00019797593;5.520803e-05;-0.0816161;1.4332614e-05;0.35727057;-0.01260216;-0.028188376;0.7907108;-0.0039597037;-0.03436789;-0.035162598;0.00013521772;0.3276139;0.11268549;-0.12989904;0.6201393;0.095791176;-0.13392647;-0.12902872;3.0203848e-05;5.2535608e-05;-0.000114411494;-0.39052522;-0.1770342;0.07744387;0.69816965;-0.5614431;0.3448072;0.45216325;0.00015211431;-0.00016361015;-0.31259897;-0.011818794;0.0016782936;0.6128188;-0.58310276;0.34121647;-0.21518563;-0.9892074;-0.35122785;0.31010258;0.23936732;0.02249124;-0.4827666;-0.17854924;-0.08660993;-0.23019199;0.6172711;-0.5618712;-0.20397104;-0.04892244;-0.98896724;-0.3880143;-0.20205034;-0.060207184;-0.9052542;-0.30054304;-0.6144435;-0.9836206;0.06858571;0.05993515;0.25545505;-0.49992302;0.49422073;-0.38214967;-0.13605914;-0.8452515;0.9812439;-0.8122912;-0.24936418;-0.8625292;-0.89447886;-0.8016338;-0.24578713;-0.8648591;-0.324451;-0.5494578;-0.05045361
-0.055546835;0.00834483;-0.016146785;0.00081734546;0.00018769424;0.0052039023;0.0010195507;-2.3496157e-06;-7.468548e-05;0.013134308;-0.13082257;-0.021663317;0.029534018;-0.123308405;0.0010331343;-0.0005257351;0.0003526439;-0.00023599135;5.9304548e-05;-0.09687242;2.071122e-05;0.3319658;-0.022182146;-0.023653148;0.7555947;-0.018913183;-0.046064477;-0.02433711;0.00016125529;0.28479734;0.104937375;-0.12908304;0.53151816;0.11217424;-0.13422707;-0.12354076;2.9777633e-05;6.2237144e-05;-0.00013535313;-0.3279193;-0.18089513;0.10536457;0.69181013;-0.5935598;0.35919118;0.44512022;0.00014344219;-0.00019452203;-0.264592;-0.012433455;0.011057819;0.5868488;-0.56266624;0.37601683;-0.29255018;-0.9856104;-0.31185117;0.33874846;0.18729046;0.020913268;-0.465706;-0.2429458;-0.13779064;-0.21705435;0.6443779;-0.5476687;-0.21373059;-0.01276586;-0.99041533;-0.36976433;-0.20735234;-0.04338895;-0.91483426;-0.27542982;-0.6106136;-0.97624487;0.18441446;0.077466734;0.23013343;-0.50508255;0.51371264;-0.38021016;-0.15169774;-0.85025334;0.98105514;-0.8145043;-0.26092094;-0.84620506;-0.90193796;-0.778559;-0.26941165;-0.8404453;-0.39769804;-0.54562634;-0.032059398
-0.054920066;0.0073531657;-0.017200006;0.00093640084;0.00021636306;0.0053671114;0.0011196096;-2.627931e-06;-8.530593e-05;0.034112573;-0.14191598;-0.014388927;0.052670892;-0.13577993;0.013538076;-0.00056115096;0.00035485084;-0.0002739741;6.327221e-05;-0.111872025;2.7172468e-05;0.3050317;-0.030372882;-0.018719275;0.71493566;-0.036113154;-0.058445048;-0.014629261;0.0001873317;0.24125649;0.09796397;-0.12775628;0.42253748;0.12256044;-0.13106005;-0.11886788;2.9387349e-05;7.192512e-05;-0.00015592718;-0.26477033;-0.18515255;0.13478088;0.6867136;-0.6274309;0.36964345;0.43696657;0.0001330357;-0.0002256711;-0.20886122;-0.0172285;0.018972537;0.55355483;-0.54065585;0.4125543;-0.35969868;-0.9804637;-0.27573192;0.36407962;0.13419409;0.014246546;-0.45093074;-0.30397558;-0.19477804;-0.19936763;0.66500205;-0.52528024;-0.21857601;0.028137017;-0.99176717;-0.34555173;-0.21441254;-0.03086343;-0.9237503;-0.25522634;-0.5996418;-0.9652229;0.30846775;0.09170441;0.20241116;-0.5081468;0.5348156;-0.37966827;-0.16764913;-0.85692143;0.98098254;-0.82247704;-0.2835568;-0.8284874;-0.9122021;-0.7557737;-0.29579324;-0.81219137;-0.47481287;-0.54700756;-0.018162848
-0.05408667;0.006494439;-0.018258113;0.0010535038;0.00024388582;0.0055045714;0.0012233285;-2.9233802e-06;-9.5457115e-05;0.055795725;-0.1521486;-0.006183193;0.07606563;-0.147702;0.026096532;-0.00059165084;0.00034996087;-0.000310887;6.6739194e-05;-0.12579094;3.3708606e-05;0.2760779;-0.03731042;-0.013250233;0.66891503;-0.05433037;-0.06999297;-0.005499851;0.00021274533;0.19791016;0.09228208;-0.12576489;0.29630417;0.12609966;-0.12496673;-0.11502612;2.8025617e-05;8.1373844e-05;-0.00017559767;-0.205349;-0.18978585;0.16530505;0.6846861;-0.660621;0.37364006;0.42577234;0.00011760651;-0.00025623973;-0.14851099;-0.02624418;0.026661498;0.5153094;-0.51519287;0.4486592;-0.41697916;-0.9732711;-0.24604739;0.38378286;0.084170766;0.0037380466;-0.44117275;-0.35951033;-0.2557783;-0.17697558;0.6784831;-0.49447435;-0.2179141;0.07242199;-0.9929067;-0.31716964;-0.22377607;-0.022484757;-0.931602;-0.24280879;-0.58088315;-0.9493474;0.4270266;0.09901254;0.17085546;-0.5106754;0.5566524;-0.38004813;-0.18098557;-0.86450744;0.9807517;-0.83447593;-0.31454772;-0.80975205;-0.9227573;-0.734488;-0.32365367;-0.78095037;-0.5494463;-0.5549209;-0.013682937
-0.053122;0.005837156;-0.019242069;0.0011670942;0.00027006146;0.005618601;0.0013373854;-3.2277555e-06;-0.00010506721;0.07837197;-0.16297226;0.00682304;0.099853694;-0.16060148;0.04225666;-0.00061441696;0.00033477278;-0.00034630924;6.9356174e-05;-0.13846299;4.0310635e-05;0.24455677;-0.043232672;-0.0072898665;0.6172236;-0.07226353;-0.07989631;0.0034515942;0.00023721236;0.15530343;0.08808094;-0.123016074;0.15973105;0.12316561;-0.11704798;-0.11200421;2.4828314e-05;9.050508e-05;-0.00019424396;-0.15262277;-0.1933511;0.1971948;0.68584967;-0.69086593;0.36987382;0.40972006;9.471558e-05;-0.00028587473;-0.08665569;-0.038457796;0.03635257;0.47437286;-0.48585415;0.48296338;-0.4665864;-0.9632453;-0.2254195;0.3967418;0.039322082;-0.009298603;-0.43879604;-0.408686;-0.31764984;-0.1504606;0.6839871;-0.45467043;-0.21132967;0.117979005;-0.99374753;-0.28507876;-0.2344409;-0.01619537;-0.9377792;-0.23827742;-0.5541739;-0.9267843;0.5289962;0.09758244;0.13287899;-0.5133701;0.57622355;-0.37967926;-0.18920417;-0.8720184;0.9798014;-0.84763896;-0.3500652;-0.7898164;-0.9311449;-0.7150519;-0.35282856;-0.7476806;-0.6158487;-0.57014054;-0.021596478
-0.052087687;0.005418221;-0.020050516;0.0012759193;0.00029492142;0.0057159285;0.0014640775;-3.5290082e-06;-0.00011416323;0.101090804;-0.17486094;0.026760917;0.12333064;-0.17498143;0.06425724;-0.00062875694;0.00030926877;-0.00038004597;7.087704e-05;-0.15021586;4.6868838e-05;0.2100981;-0.0485169;-0.0010099146;0.5586559;-0.08888874;-0.08783356;0.012264134;0.00026059398;0.113895945;0.085156694;-0.11947369;0.023239015;0.114633046;-0.10848247;-0.109751225;1.950793e-05;9.927299e-05;-0.00021191656;-0.10774891;-0.19390213;0.2306917;0.6882679;-0.7165414;0.35853446;0.3882126;6.442761e-05;-0.00031434422;-0.025958098;-0.052487485;0.0507924;0.43275;-0.45473865;0.51512396;-0.5101952;-0.94915843;-0.21463308;0.40376934;0.00012049079;-0.023497988;-0.44424877;-0.45162505;-0.37675926;-0.12083014;0.6808069;-0.40525597;-0.19858465;0.16288231;-0.9942425;-0.24815115;-0.24415195;-0.009423721;-0.941733;-0.2385971;-0.5201564;-0.89436555;0.60890234;0.08842108;0.08785501;-0.5158857;0.5897357;-0.37641194;-0.19158979;-0.87882364;0.9773288;-0.85966;-0.3861268;-0.768351;-0.9358083;-0.69753593;-0.3832534;-0.71384794;-0.6700906;-0.5925526;-0.041613042
-0.050997935;0.0052614897;-0.020598995;0.0013773529;0.0003182622;0.0058069276;0.0015952542;-3.8105509e-06;-0.0001226909;0.121818654;-0.18717813;0.05286421;0.14458881;-0.19006914;0.09143087;-0.0006366939;0.000277968;-0.00041157551;7.119108e-05;-0.16153108;5.3039785e-05;0.17293443;-0.053738054;0.0053346166;0.49232927;-0.10334593;-0.0935209;0.020480948;0.0002825181;0.07447244;0.08308106;-0.11525697;-0.099950746;0.101654;-0.100401156;-0.108349346;1.2686374e-05;0.00010752368;-0.00022849541;-0.07114079;-0.18996026;0.26553395;0.6891239;-0.73646784;0.34081873;0.36233336;3.046215e-05;-0.00034107425;0.03134767;-0.067443825;0.07256482;0.39242443;-0.42682037;0.5453607;-0.5475879;-0.92941695;-0.21112952;0.40806043;-0.032655258;-0.03631192;-0.45561072;-0.48810726;-0.4295941;-0.08903433;0.6685574;-0.34600708;-0.18014298;0.20599295;-0.99436444;-0.20409411;-0.24949202;5.801022e-05;-0.9430705;-0.23747692;-0.47960475;-0.8469489;0.6664128;0.075441904;0.03941003;-0.5167161;0.5941882;-0.36846888;-0.18930618;-0.8847125;0.9722299;-0.86938816;-0.41839334;-0.74527586;-0.93613774;-0.68229735;-0.41321364;-0.6815271;-0.7105395;-0.62029105;-0.06940916
-0.049810342;0.0054139593;-0.02085597;0.0014672608;0.00033949935;0.0059060273;0.0017133446;-4.055549e-06;-0.00013045715;0.13810334;-0.19882062;0.082118854;0.1615446;-0.20445517;0.12035431;-0.000642771;0.00024940673;-0.00043992134;7.035472e-05;-0.1730783;5.8203306e-05;0.134;-0.059543755;0.011359988;0.41972262;-0.11456755;-0.09636691;0.02695305;0.00030229506;0.038394175;0.08134588;-0.11068465;-0.19642177;0.08564481;-0.09380785;-0.10814603;5.7527395e-06;0.00011497432;-0.00024358019;-0.04365869;-0.18047704;0.30151054;0.68611425;-0.7498569;0.3182364;0.33467662;-5.7277794e-07;-0.00036507248;0.08330965;-0.08352871;0.1035998;0.35491082;-0.40864387;0.5737451;-0.57669973;-0.90222913;-0.2084599;0.41501138;-0.056056798;-0.04319431;-0.4690055;-0.51738554;-0.47352123;-0.05541518;0.64774024;-0.27708754;-0.15729971;0.24657741;-0.99407524;-0.15002628;-0.2460185;0.014426272;-0.94138485;-0.22638719;-0.4324733;-0.7769124;0.7038834;0.064930074;-0.0049069873;-0.51306695;0.5880429;-0.35468847;-0.18456429;-0.8896899;0.9628593;-0.8766286;-0.44246998;-0.7209588;-0.9321321;-0.66994554;-0.4392743;-0.6529378;-0.7378064;-0.649477;-0.09769448
-0.04844334;0.005973479;-0.020848742;0.0015413555;0.00035784298;0.0060322494;0.0018001699;-4.2542374e-06;-0.0001371895;0.14857268;-0.20889942;0.110745065;0.17320134;-0.21685295;0.14621924;-0.00065276347;0.00023322323;-0.00046396785;6.8643116e-05;-0.18592776;6.16184e-05;0.09458588;-0.066474654;0.016566776;0.34551153;-0.12100701;-0.09532334;0.0299967;0.0003191399;0.0073316866;0.07946876;-0.106177606;-0.25672433;0.06787785;-0.08925703;-0.10962123;2.6128328e-07;0.00012131367;-0.00025661656;-0.026760368;-0.16427222;0.33925995;0.67800826;-0.7565285;0.29184607;0.3085557;-2.1855798e-05;-0.00038525107;0.12847772;-0.102105685;0.1449831;0.32011104;-0.40601262;0.60008776;-0.59484124;-0.86542976;-0.19863051;0.43080625;-0.06505295;-0.03845562;-0.4797417;-0.53952664;-0.50772446;-0.019943172;0.6204502;-0.19912411;-0.13214257;0.28347042;-0.9932998;-0.083752096;-0.22954777;0.035849176;-0.9360117;-0.19711007;-0.3780337;-0.67424095;0.7237436;0.06387076;-0.03657196;-0.5017576;0.5716083;-0.33484775;-0.1799824;-0.8941581;0.9468628;-0.8821834;-0.45607725;-0.697223;-0.9243183;-0.66208214;-0.45874932;-0.63091314;-0.75426835;-0.67615855;-0.11977065
-0.04689033;0.0069777686;-0.020624291;0.0015971266;0.00037260127;0.0062080338;0.0018469774;-4.4058966e-06;-0.00014263923;0.1532807;-0.21658088;0.13564277;0.17982277;-0.2261271;0.1653873;-0.0006717313;0.00023625081;-0.00048292175;6.6683206e-05;-0.20074329;6.277569e-05;0.056341488;-0.07446935;0.02058279;0.27541178;-0.122430846;-0.089726105;0.028465465;0.00033248364;-0.0176735;0.07719256;-0.10203021;-0.27944154;0.049237855;-0.08657455;-0.11275089;-2.6213202e-06;0.00012632593;-0.00026711755;-0.020696796;-0.14098069;0.3787522;0.6644248;-0.7575352;0.2633129;0.28686973;-2.9010349e-05;-0.00040087223;0.16612099;-0.12411541;0.1959846;0.28692383;-0.42195335;0.62369084;-0.60059494;-0.8165448;-0.17741221;0.45807642;-0.056093566;-0.019222122;-0.4844957;-0.55569786;-0.53228617;0.015230032;0.58952755;-0.114774615;-0.10709982;0.31467944;-0.9919385;-0.0068257987;-0.19923885;0.06499677;-0.9261313;-0.14583777;-0.31759357;-0.5311873;0.72630554;0.07671189;-0.051123694;-0.48275998;0.5488287;-0.311283;-0.17720376;-0.89925563;0.9222134;-0.88803005;-0.46218526;-0.6798913;-0.9140146;-0.6628324;-0.4723811;-0.6211515;-0.76319283;-0.6998403;-0.133264
-0.045396745;0.00815973;-0.020189708;0.0016350496;0.00038340816;0.0064512957;0.0018578238;-4.5109664e-06;-0.00014665662;0.15302485;-0.22027193;0.1553186;0.18209708;-0.23076166;0.17819105;-0.0007021682;0.00026007582;-0.00049655227;6.554692e-05;-0.21576722;6.1745835e-05;0.022083268;-0.08200969;0.023497518;0.21238667;-0.1236527;-0.081213534;0.023211274;0.0003421232;-0.037028715;0.07471817;-0.09819145;-0.27321482;0.03098623;-0.08510384;-0.116199315;-2.1888882e-06;0.00012993079;-0.00027482363;-0.021948786;-0.1137587;0.41580483;0.64563936;-0.75587076;0.23828351;0.2714229;-2.0758744e-05;-0.00041177787;0.19577558;-0.14728971;0.25182745;0.25731498;-0.45510802;0.6421852;-0.59533095;-0.7557247;-0.14914946;0.49053714;-0.032211985;0.0091430405;-0.4838082;-0.565934;-0.54526395;0.04240683;0.5557081;-0.03128033;-0.08336649;0.33767015;-0.9899821;0.07197403;-0.16078772;0.09920271;-0.9116402;-0.077873506;-0.2586059;-0.3573982;0.7081061;0.10184421;-0.05290447;-0.46360177;0.52969205;-0.2902714;-0.1738206;-0.90639013;0.89138937;-0.8965424;-0.47030675;-0.6799769;-0.9033201;-0.67796445;-0.4840635;-0.63289994;-0.76747054;-0.724991;-0.14054225
-0.044290252;0.009128518;-0.019506382;0.0016565855;0.00039001054;0.0067636603;0.0018459442;-4.566131e-06;-0.00014911708;0.14849004;-0.2184192;0.16939996;0.18039875;-0.22951777;0.18708163;-0.00074276567;0.0003009788;-0.00050479424;6.618599e-05;-0.22757731;5.905623e-05;-0.0049223797;-0.08699672;0.02560867;0.1579425;-0.13131282;-0.07281824;0.016420236;0.0003479569;-0.05123651;0.072512485;-0.094443776;-0.2506784;0.0148978755;-0.08405968;-0.11820142;1.6387639e-06;0.00013209085;-0.00027954282;-0.025870893;-0.08777886;0.44472542;0.62323946;-0.7548837;0.22322322;0.26313433;1.2131495e-06;-0.00041801398;0.21675697;-0.16786535;0.30472568;0.23638959;-0.4993601;0.652499;-0.58237785;-0.68913096;-0.12403118;0.5178532;-0.0005672274;0.036914557;-0.48127604;-0.56882197;-0.5434232;0.053691614;0.5178389;0.04270239;-0.060998946;0.35038844;-0.98759013;0.1415969;-0.12312941;0.13428895;-0.893611;-0.0047529796;-0.2115675;-0.18643358;0.6637774;0.13266073;-0.051215377;-0.4544792;0.5258997;-0.27824524;-0.16423284;-0.9160199;0.864351;-0.9085148;-0.49090788;-0.70570344;-0.8946761;-0.71000195;-0.49771026;-0.6711806;-0.7694346;-0.75553244;-0.14622433
-0.043624014;0.009813343;-0.018551778;0.0016617163;0.00039208643;0.0071276887;0.0018264592;-4.57e-06;-0.00014986628;0.14000691;-0.21137424;0.17801884;0.1748038;-0.22289807;0.19278169;-0.0007890996;0.000352203;-0.0005073881;6.863598e-05;-0.23439853;5.521101e-05;-0.023202274;-0.088745646;0.026834765;0.11679834;-0.14598122;-0.06558458;0.009459674;0.00034977932;-0.059220254;0.07084064;-0.09081327;-0.21846244;0.0023692355;-0.08290983;-0.11838777;8.07162e-06;0.00013275875;-0.00028102283;-0.031878646;-0.06530099;0.4643271;0.6004855;-0.75549173;0.2177347;0.26238665;3.271203e-05;-0.00041947296;0.22864611;-0.18490976;0.34888554;0.22687332;-0.5462176;0.6536063;-0.5648323;-0.62625176;-0.10945812;0.5356262;0.034596246;0.060028225;-0.47987995;-0.5635016;-0.52576005;0.050665528;0.47672904;0.10434827;-0.040482834;0.3530583;-0.9849473;0.19887415;-0.09058129;0.16857;-0.87322384;0.06573047;-0.18116608;-0.050884023;0.59133404;0.1633144;-0.05101059;-0.45694324;0.54103297;-0.2750181;-0.14428486;-0.9270959;0.8506729;-0.9221569;-0.52618223;-0.75206995;-0.8900817;-0.7540062;-0.5141716;-0.72833866;-0.77149606;-0.788912;-0.15356106
-0.04327217;0.010350976;-0.017368795;0.0016502663;0.0003896189;0.007513112;0.0018090659;-4.5261404e-06;-0.00014886627;0.12793794;-0.20089364;0.18225747;0.16547607;-0.2127079;0.1954272;-0.0008359027;0.00040705796;-0.000504285;7.22101e-05;-0.2363838;5.054439e-05;-0.033062562;-0.08774186;0.026864583;0.09487986;-0.16349939;-0.05857028;0.002719876;0.00034758192;-0.05957906;0.06973297;-0.087567486;-0.17703444;-0.0056602648;-0.08178781;-0.11753063;1.5908085e-05;0.00013196471;-0.00027923158;-0.041854586;-0.04602692;0.4764756;0.58054245;-0.75656885;0.21682304;0.26875487;6.895559e-05;-0.0004162178;0.23207465;-0.19937372;0.38231808;0.22775587;-0.58848065;0.646432;-0.5454751;-0.57590556;-0.10702559;0.5447411;0.07113246;0.079777785;-0.48049358;-0.5493711;-0.49317613;0.04189303;0.4352324;0.15638232;-0.021780143;0.34887543;-0.98216915;0.24781035;-0.061897546;0.20279072;-0.85121137;0.13196865;-0.16559766;0.036304884;0.49525324;0.19159454;-0.05196848;-0.4640211;0.56929827;-0.2730109;-0.11128706;-0.93775713;0.85077906;-0.9346412;-0.56934375;-0.80497324;-0.88979805;-0.7998562;-0.53049535;-0.78943485;-0.77530366;-0.8194275;-0.16116716
-0.04313493;0.010846054;-0.016069323;0.0016233055;0.00038304302;0.007889577;0.0017968216;-4.4431013e-06;-0.0001462705;0.112965316;-0.18869668;0.1835435;0.15291733;-0.20072325;0.19564536;-0.00087864493;0.0004602494;-0.0004959339;7.61248e-05;-0.23436376;4.5300087e-05;-0.035266668;-0.08467042;0.025584284;0.094864145;-0.1798834;-0.050617594;-0.0036474338;0.00034172414;-0.05197004;0.06914208;-0.08500194;-0.12552223;-0.008858552;-0.0810552;-0.11644873;2.4044908e-05;0.0001298523;-0.0002744678;-0.056740306;-0.02944267;0.48283195;0.5646371;-0.7567775;0.2165038;0.28110328;0.00010580532;-0.00040869796;0.22877209;-0.21206817;0.4051761;0.2354763;-0.62201667;0.63244605;-0.5276159;-0.54458064;-0.115257345;0.5474057;0.106576234;0.09816475;-0.48215282;-0.5257293;-0.4471073;0.035060447;0.39589977;0.20192425;-0.0040486446;0.34212846;-0.9793345;0.29255328;-0.034417354;0.23746215;-0.8282119;0.19426931;-0.1609433;0.07636744;0.38600835;0.21762304;-0.052322157;-0.46714535;0.60199606;-0.26184216;-0.062579654;-0.9464438;0.85889786;-0.94403887;-0.6110939;-0.8521265;-0.8924908;-0.8388424;-0.5418202;-0.84250677;-0.7810757;-0.84308463;-0.16366914
-0.0431603;0.011343949;-0.014800839;0.0015831038;0.00037305814;0.00824044;0.0017896375;-4.3356167e-06;-0.0001423649;0.09609557;-0.17603797;0.18257332;0.13799775;-0.18821187;0.19373694;-0.00091416773;0.00050782965;-0.0004831793;7.976329e-05;-0.22935207;3.966149e-05;-0.030545622;-0.08016032;0.023163684;0.11528541;-0.19289961;-0.04120559;-0.009484222;0.0003328331;-0.03713205;0.06897521;-0.08332996;-0.06406341;-0.0077350684;-0.08073472;-0.11559536;3.1603173e-05;0.0001266429;-0.00026722573;-0.0761587;-0.015223767;0.48429525;0.5523409;-0.75544906;0.2149985;0.2984596;0.00013978932;-0.0003976526;0.22085741;-0.22333595;0.41827807;0.24520975;-0.645238;0.6131932;-0.51494735;-0.53553325;-0.13262771;0.54590946;0.13854127;0.116232775;-0.48300505;-0.49250308;-0.3894118;0.03354885;0.35981843;0.24159037;0.013001228;0.33591503;-0.9765386;0.33408523;-0.006949169;0.27140054;-0.8051161;0.25170022;-0.16389397;0.07550852;0.27668738;0.2418735;-0.051100187;-0.4602581;0.63263196;-0.23269688;0.0036378822;-0.9524011;0.86986285;-0.9496374;-0.6444396;-0.88801247;-0.89685076;-0.8670915;-0.54368687;-0.88260365;-0.7883019;-0.8584026;-0.15501052
-0.043313824;0.011858287;-0.013694165;0.0015325756;0.00036042096;0.008565622;0.0017877431;-4.2225183e-06;-0.0001374773;0.07857225;-0.16383325;0.17920081;0.12188127;-0.17604674;0.18936932;-0.0009406246;0.00054681237;-0.00046703138;8.264832e-05;-0.22238064;3.3756376e-05;-0.019715404;-0.07474829;0.019914826;0.1519457;-0.20166272;-0.030525891;-0.01463744;0.0003216354;-0.016435632;0.069084555;-0.082644664;0.0060045584;-0.0033777223;-0.08048133;-0.11511223;3.7863185e-05;0.00012258645;-0.0002580448;-0.09946116;-0.0029695577;0.48139077;0.5431251;-0.75258297;0.21162814;0.3202279;0.00016789255;-0.00038393552;0.20981102;-0.23304337;0.42256722;0.25275984;-0.6579881;0.59040844;-0.5105164;-0.54870385;-0.15859064;0.5422723;0.16545515;0.13415027;-0.48159257;-0.45090604;-0.32285357;0.037142143;0.32668212;0.27402648;0.028574541;0.331432;-0.9739399;0.37119517;0.020010766;0.30215538;-0.7832059;0.30204308;-0.17229065;0.040517736;0.17887652;0.26422206;-0.04846046;-0.4403886;0.6579846;-0.18044336;0.08656836;-0.95545465;0.8813946;-0.95125985;-0.66557074;-0.91246533;-0.90240717;-0.8843314;-0.53296316;-0.9100758;-0.79647994;-0.8652485;-0.13095649
-0.04356773;0.012381323;-0.01281526;0.0014745825;0.00034579015;0.008873477;0.001792774;-4.120916e-06;-0.00013189713;0.061724663;-0.15273005;0.17315248;0.105883144;-0.1648314;0.1821801;-0.0009570384;0.0005749736;-0.00044842265;8.437212e-05;-0.21431674;2.7671766e-05;-0.0037584717;-0.06883923;0.01613948;0.19977006;-0.20599166;-0.019211171;-0.018977247;0.00030879438;0.0085654985;0.06932086;-0.0829091;0.082619786;0.002974978;-0.0798273;-0.114985794;4.2220887e-05;0.00011791147;-0.0002473981;-0.12645999;0.0077433037;0.474542;0.5375891;-0.7485263;0.20596294;0.3456743;0.00018762707;-0.00036833252;0.19595492;-0.2406217;0.419015;0.25607628;-0.6607904;0.5662043;-0.5155562;-0.5814699;-0.1931826;0.5379008;0.18661004;0.15161669;-0.47777453;-0.40368566;-0.25155386;0.04391068;0.2955258;0.29743853;0.04118504;0.32843852;-0.97177804;0.40229225;0.045289125;0.3271302;-0.7640415;0.3429994;-0.18468599;-0.022405522;0.10013555;0.2839637;-0.04505303;-0.40671718;0.67702127;-0.10439173;0.18169756;-0.95560527;0.89287645;-0.94862694;-0.67298454;-0.9275745;-0.90907097;-0.891516;-0.507922;-0.9274948;-0.8052032;-0.8637712;-0.090085484
-0.04389459;0.012891759;-0.012143232;0.0014112884;0.0003296083;0.009170356;0.001806753;-4.0407867e-06;-0.00012581382;0.046713177;-0.14308147;0.16478206;0.09122976;-0.1549275;0.1724851;-0.0009629093;0.0005908509;-0.00042801135;8.459421e-05;-0.2057372;2.1489388e-05;0.016272657;-0.06271948;0.012043538;0.25431445;-0.20595141;-0.007980346;-0.022363832;0.00029478225;0.03647702;0.069655724;-0.08397952;0.16339463;0.01011498;-0.07841635;-0.11518379;4.421468e-05;0.000112782895;-0.0002356082;-0.15751572;0.017097441;0.4641704;0.5375731;-0.74371165;0.19765785;0.37367657;0.00019728618;-0.0003514065;0.17884211;-0.24533387;0.4087217;0.25548375;-0.65454894;0.5429938;-0.5288886;-0.6295341;-0.23648156;0.53339523;0.2019683;0.16814804;-0.47305316;-0.35483524;-0.18083796;0.05133227;0.26563022;0.3103062;0.049199656;0.32574785;-0.97034127;0.42602295;0.06783881;0.34422854;-0.7491873;0.37277958;-0.19992407;-0.10773639;0.04290006;0.30011097;-0.041365903;-0.3598182;0.6896048;-0.008585527;0.28109157;-0.9527746;0.9038452;-0.9410256;-0.6666768;-0.9356461;-0.9163845;-0.8893942;-0.46853954;-0.93762666;-0.8138218;-0.8539858;-0.034294847
-0.04425842;0.013367054;-0.011585443;0.0013436821;0.00031202342;0.009454348;0.001830819;-3.9826496e-06;-0.000119276476;0.034240052;-0.13492218;0.15536998;0.078770444;-0.14644119;0.1615397;-0.0009581429;0.00059373607;-0.00040606628;8.313758e-05;-0.19693123;1.532674e-05;0.03946472;-0.05660023;0.0077129807;0.31256983;-0.2016034;0.0025916167;-0.02464485;0.00027980166;0.06629658;0.07027329;-0.08566058;0.24600412;0.016834663;-0.07615064;-0.11576633;4.3569435e-05;0.00010727411;-0.00022279148;-0.19332388;0.024894353;0.45069447;0.5453041;-0.7385731;0.18654267;0.40297654;0.000196098;-0.00033339864;0.15796776;-0.24658105;0.39310026;0.2528385;-0.6405919;0.5229849;-0.5473314;-0.68747485;-0.2882194;0.5286676;0.21216097;0.18324853;-0.47022495;-0.30844998;-0.11602909;0.056688957;0.23698309;0.31151006;0.05138324;0.32155675;-0.96988124;0.44107714;0.08701762;0.35197514;-0.7399105;0.3899983;-0.21698286;-0.2104736;0.0043853605;0.31150618;-0.037566867;-0.30157882;0.6957317;0.09861386;0.37538567;-0.94672126;0.9134682;-0.9272525;-0.6478708;-0.93841577;-0.92327636;-0.8781008;-0.4171255;-0.94262373;-0.8211513;-0.83588094;0.030939829
-0.044615015;0.013790983;-0.01101863;0.00127143;0.00029289196;0.00971542;0.0018652732;-3.9385372e-06;-0.00011218939;0.024396384;-0.12794639;0.1469694;0.068786934;-0.13917883;0.15135296;-0.0009433412;0.00058363855;-0.00038246834;8.015714e-05;-0.18801008;9.350169e-06;0.065253146;-0.050616186;0.0031314497;0.37296876;-0.19304587;0.012104879;-0.025776902;0.00026378065;0.09749981;0.07153717;-0.08776407;0.32865095;0.021937948;-0.07322188;-0.116951056;4.02312e-05;0.0001013626;-0.00020885914;-0.23464413;0.030671109;0.4344945;0.5622206;-0.7335526;0.17257673;0.43246517;0.00018421534;-0.00031421744;0.1329705;-0.24401174;0.37399852;0.2504202;-0.62089014;0.5074103;-0.5670014;-0.7490756;-0.34718126;0.5233415;0.21865;0.19669847;-0.47235972;-0.26696697;-0.060611926;0.057636783;0.21009228;0.3006485;0.04741092;0.31398928;-0.9704923;0.4461605;0.102635235;0.3496374;-0.73687947;0.3936614;-0.234878;-0.32574192;-0.02218923;0.316813;-0.03375935;-0.23538162;0.6953371;0.20623551;0.45666435;-0.9370834;0.92080027;-0.90589803;-0.6190441;-0.93694234;-0.92841;-0.8574459;-0.3585235;-0.9438948;-0.8255734;-0.80977345;0.0974529
-0.044929083;0.014149412;-0.010333673;0.0011933713;0.0002719514;0.009940226;0.0019107731;-3.895356e-06;-0.00010437966;0.016775966;-0.12148578;0.14187288;0.061036162;-0.13259287;0.14416938;-0.00092030165;0.00056138256;-0.00035691087;7.628209e-05;-0.17907928;3.748166e-06;0.09344456;-0.044768583;-0.0017612706;0.43454283;-0.18071714;0.020228293;-0.026011357;0.00024650362;0.1298819;0.07382529;-0.09012968;0.41007584;0.024377119;-0.06998218;-0.11906706;3.43937e-05;9.497236e-05;-0.00019363602;-0.28184682;0.033979077;0.41592324;0.5880489;-0.72908175;0.1556549;0.46126574;0.00016268133;-0.0002935882;0.10326548;-0.23747171;0.35363495;0.25012058;-0.59809035;0.49598774;-0.5848138;-0.80793273;-0.4105201;0.5172501;0.22369458;0.2089832;-0.48141876;-0.22996525;-0.015115442;0.05316538;0.1855452;0.27858254;0.038122237;0.30188233;-0.972026;0.44033563;0.1148984;0.3374873;-0.7398629;0.38352904;-0.25250524;-0.4477616;-0.045363534;0.31465745;-0.030274596;-0.16584931;0.6883978;0.30355784;0.52039856;-0.9235034;0.92516786;-0.87604153;-0.5838003;-0.93171376;-0.9306472;-0.8276546;-0.29921618;-0.942196;-0.8254233;-0.77657694;0.15680522
-0.045202;0.014419651;-0.009470655;0.0011088498;0.0002491963;0.010118267;0.001969455;-3.839135e-06;-9.575492e-05;0.010876319;-0.11457889;0.14160466;0.055067915;-0.12580755;0.14155026;-0.0008925346;0.0005290017;-0.00032933848;7.262425e-05;-0.17042865;-1.3248355e-06;0.12391285;-0.038887024;-0.0069671;0.49546736;-0.165727;0.026625048;-0.02597939;0.00022791055;0.16313964;0.07729915;-0.09259559;0.4888229;0.023389185;-0.06669262;-0.122361965;2.6513595e-05;8.807568e-05;-0.00017712374;-0.33420384;0.03467973;0.39542535;0.6204809;-0.7255083;0.13548332;0.48887873;0.00013353766;-0.00027140387;0.067772835;-0.22698338;0.334372;0.252993;-0.5750251;0.48717502;-0.5992863;-0.8587097;-0.4737176;0.5108469;0.2297511;0.22141564;-0.49720433;-0.19472557;0.022242755;0.044348482;0.16384016;0.24769661;0.02529595;0.28537902;-0.97411513;0.42335963;0.12419201;0.31688154;-0.747571;0.36056274;-0.2685229;-0.5686327;-0.0733874;0.3040787;-0.027709182;-0.09783421;0.6750055;0.3827706;0.56526756;-0.90577567;0.9262857;-0.83816785;-0.54627526;-0.9227473;-0.9291928;-0.7902053;-0.24564104;-0.9377344;-0.8193115;-0.73773015;0.20299767
-0.045491293;0.014573049;-0.008443388;0.0010192408;0.00022525972;0.010248068;0.0020455257;-3.7588838e-06;-8.647404e-05;0.006553489;-0.106254876;0.14570206;0.050628435;-0.11783334;0.1432313;-0.0008655804;0.0004902311;-0.0003003989;7.0635564e-05;-0.16259749;-5.8115766e-06;0.15610515;-0.032706767;-0.012311832;0.55210894;-0.14983308;0.031098694;-0.02654186;0.00020841448;0.19644924;0.08175909;-0.094976306;0.56261444;0.018568987;-0.06336877;-0.12679109;1.7293987e-05;8.080658e-05;-0.00015977121;-0.38945657;0.03314352;0.37369865;0.655715;-0.72302276;0.1115733;0.5154469;9.9978824e-05;-0.0002481053;0.025264636;-0.21283105;0.31842065;0.25905132;-0.55385053;0.4791803;-0.6104352;-0.8985363;-0.5317226;0.5052579;0.23834088;0.23556013;-0.51729167;-0.15824713;0.053692367;0.034230735;0.145436;0.21142711;0.010889776;0.26587102;-0.97630167;0.39566296;0.13081999;0.28992543;-0.7578295;0.3270678;-0.2814749;-0.6788729;-0.113129325;0.2850825;-0.026687406;-0.035251614;0.6553985;0.43973657;0.59152263;-0.8839804;0.92420024;-0.79481924;-0.51014555;-0.9096573;-0.923471;-0.7482622;-0.20256643;-0.9302522;-0.80627847;-0.69485223;0.2338026
-0.04589282;0.014605835;-0.007348399;0.000928284;0.00020141099;0.010339569;0.0021445001;-3.6495799e-06;-7.697196e-05;0.0040220916;-0.09600829;0.15135461;0.047695767;-0.10798273;0.14669847;-0.00084622507;0.00045025765;-0.00027146775;7.1756585e-05;-0.15614483;-9.771698e-06;0.18876049;-0.026083747;-0.017403785;0.6000137;-0.13476546;0.033924725;-0.028426027;0.00018893048;0.2284672;0.0867605;-0.097128;0.62877;0.009987454;-0.059971347;-0.13203178;7.5902426e-06;7.34819e-05;-0.00014247955;-0.44436905;0.030186258;0.35165954;0.6897531;-0.72164834;0.08345371;0.54156226;6.6038956e-05;-0.00022473557;-0.02473742;-0.19568011;0.30740976;0.26737425;-0.53539723;0.47102368;-0.6192649;-0.92741907;-0.5807204;0.50167745;0.2492203;0.2522263;-0.5380806;-0.119102105;0.08047471;0.026624363;0.13070562;0.17317133;-0.003917063;0.24525705;-0.97818273;0.35803148;0.13488324;0.25893885;-0.76822644;0.28624344;-0.29032975;-0.7705693;-0.16900346;0.2588402;-0.027376033;0.019235073;0.6302339;0.47285205;0.5996967;-0.8586084;0.91931295;-0.7504715;-0.4775933;-0.8918076;-0.9130653;-0.70630443;-0.17205235;-0.9191178;-0.78594667;-0.6494897;0.25032145
-0.046461858;0.014576669;-0.006338409;0.00084054645;0.00017899691;0.0104007805;0.0022665737;-3.5142948e-06;-6.776677e-05;0.0030375028;-0.0841291;0.15483336;0.045790102;-0.09626963;0.14849922;-0.0008390009;0.0004140302;-0.00024405093;7.66024e-05;-0.15122855;-1.3286131e-05;0.22019404;-0.019170877;-0.021798162;0.63657665;-0.1211177;0.03594451;-0.03192868;0.00017047704;0.2579815;0.09190836;-0.09906337;0.6850594;-0.0016363545;-0.056801796;-0.13777328;-1.7180064e-06;6.647376e-05;-0.00012621554;-0.4959819;0.026660003;0.33004197;0.7194947;-0.72138584;0.05198157;0.5672188;3.5560086e-05;-0.00020250207;-0.08085916;-0.176566;0.3017857;0.27648544;-0.5192611;0.4630917;-0.62711406;-0.947301;-0.6190707;0.5002568;0.26096898;0.2706417;-0.5562133;-0.07820201;0.102974266;0.02419069;0.12011928;0.1353929;-0.018848676;0.22518851;-0.9795097;0.31177074;0.13601233;0.22631128;-0.77707595;0.24100058;-0.29547375;-0.84038746;-0.23962627;0.22735153;-0.028643247;0.06348498;0.6013578;0.48216295;0.5909426;-0.8307719;0.9126098;-0.71016085;-0.44892606;-0.8688021;-0.8981089;-0.66893965;-0.15353356;-0.9036528;-0.758875;-0.60348535;0.25570714
-0.04712047;0.014599819;-0.005559702;0.00075896695;0.0001586549;0.010413913;0.0023955507;-3.364451e-06;-5.9169288e-05;0.001980112;-0.07142702;0.15402234;0.043204896;-0.08338392;0.14678328;-0.0008414965;0.00038408994;-0.00021891859;8.403624e-05;-0.14728428;-1.632551e-05;0.24908158;-0.012277998;-0.025319869;0.6629807;-0.10779566;0.038075753;-0.036965057;0.00015358519;0.284837;0.097003885;-0.10094661;0.7301285;-0.015039196;-0.054502554;-0.14403994;-9.797317e-06;6.000166e-05;-0.0001114565;-0.54245275;0.022955535;0.30878595;0.7430185;-0.7225855;0.021630455;0.5908756;1.1074153e-05;-0.00018210057;-0.13910083;-0.1566922;0.3003844;0.28486758;-0.5047104;0.45691627;-0.63481057;-0.96073836;-0.646871;0.49918237;0.27262682;0.28840113;-0.56957185;-0.038611896;0.12196632;0.026981601;0.114841126;0.09955341;-0.033253886;0.20710921;-0.9802565;0.2599384;0.13304386;0.19484778;-0.7842423;0.1925175;-0.29953575;-0.88976157;-0.31416148;0.19272496;-0.027465181;0.09515711;0.5725807;0.4700788;0.56859136;-0.80267197;0.9059366;-0.677408;-0.42344838;-0.84162545;-0.8803202;-0.63973594;-0.1451893;-0.88415504;-0.7270686;-0.56018347;0.2540618
-0.0477026;0.01476632;-0.005083771;0.00068315706;0.00013992748;0.010346698;0.002503796;-3.2152602e-06;-5.1115036e-05;-0.0012402714;-0.058347043;0.14962038;0.037978016;-0.069998026;0.14245926;-0.0008457463;0.000360171;-0.00019562374;9.176502e-05;-0.14298059;-1.8869527e-05;0.2751993;-0.0054168836;-0.028211894;0.6831408;-0.09292861;0.04074818;-0.043360744;0.00013796015;0.3101606;0.101926476;-0.10287036;0.7642117;-0.029330755;-0.053267114;-0.15126021;-1.6071084e-05;5.399759e-05;-9.7903e-05;-0.58308476;0.018775495;0.2866593;0.75987196;-0.72623795;-0.00017440692;0.61039937;-6.723916e-06;-0.00016327607;-0.19386551;-0.13723162;0.30080923;0.29199958;-0.491602;0.4535581;-0.6421895;-0.970095;-0.6655784;0.4948693;0.28429148;0.3028272;-0.57793564;-0.0038346418;0.13935173;0.032782063;0.116268024;0.066077605;-0.045235127;0.19277364;-0.9806592;0.20797355;0.12471535;0.16726486;-0.791174;0.13992523;-0.3066304;-0.92313296;-0.37738317;0.15629396;-0.020071445;0.11250468;0.54883224;0.44151008;0.5379715;-0.77774423;0.9017325;-0.6540486;-0.40066996;-0.81360143;-0.86358744;-0.62125915;-0.14518872;-0.8631665;-0.6937472;-0.52483183;0.24937594
-0.04813749;0.015069207;-0.004889031;0.00060992397;0.000121680685;0.010197354;0.0025764217;-3.0775118e-06;-4.327629e-05;-0.006917213;-0.0445438;0.14339542;0.030082421;-0.056161813;0.13725358;-0.0008459706;0.00034053906;-0.00017288823;9.8372e-05;-0.13665563;-2.1155756e-05;0.29936638;0.0019093168;-0.030868392;0.70043325;-0.07549601;0.044099852;-0.051000953;0.0001227304;0.3354322;0.10646305;-0.10465155;0.78952676;-0.045070153;-0.05205631;-0.1598773;-2.0602143e-05;4.817643e-05;-8.4755186e-05;-0.6179419;0.013236273;0.2616766;0.77124286;-0.7334816;-0.007851964;0.6250384;-1.8990424e-05;-0.00014504138;-0.24098583;-0.11927287;0.30060664;0.29923108;-0.4801871;0.4517795;-0.648294;-0.97711754;-0.6781658;0.4836287;0.2962512;0.31257933;-0.58276975;0.024584286;0.1573819;0.038728427;0.1242442;0.034053598;-0.052883714;0.18381591;-0.9811115;0.16153492;0.110781334;0.14431639;-0.79976255;0.08177561;-0.32011932;-0.9455846;-0.42083108;0.11827227;-0.004049487;0.11604949;0.53375155;0.40147;0.50319284;-0.759244;0.901817;-0.64211303;-0.38043907;-0.7890474;-0.85228777;-0.6151329;-0.15161383;-0.8448623;-0.6617886;-0.5020113;0.24417174
-0.048504222;0.015438623;-0.004931048;0.000536324;0.00010307376;0.010000378;0.0026198605;-2.9539447e-06;-3.5403442e-05;-0.013434438;-0.029855587;0.13570018;0.021367295;-0.0418866;0.13120468;-0.0008417032;0.00032309306;-0.00014970281;0.00010396745;-0.1272504;-2.3547873e-05;0.32244736;0.010162215;-0.0334264;0.71585584;-0.055938974;0.04839965;-0.059579868;0.00010719391;0.36121935;0.11031716;-0.10599541;0.8088943;-0.063492455;-0.049230438;-0.16968139;-2.4031855e-05;4.2295043e-05;-7.1401984e-05;-0.64736456;0.005341963;0.23237243;0.7790673;-0.744425;-0.00051755074;0.635773;-2.8060516e-05;-0.00012654647;-0.27957198;-0.103772864;0.29824457;0.30875015;-0.4701877;0.4489135;-0.651911;-0.98271567;-0.6880046;0.46366924;0.30838215;0.3176835;-0.58546346;0.047092777;0.17700073;0.04240152;0.13691436;0.001975459;-0.05602115;0.18027332;-0.9818803;0.1232111;0.09154611;0.12414407;-0.8108358;0.017968157;-0.34121355;-0.9610041;-0.44528487;0.07866098;0.02100604;0.10801063;0.5286551;0.35275874;0.46518782;-0.74824256;0.9062946;-0.6435185;-0.36260536;-0.7703734;-0.8486186;-0.6205549;-0.16221784;-0.8322928;-0.6326626;-0.4921763;0.23862366
-0.04889999;0.015822966;-0.005217444;0.00046298452;8.435518e-05;0.009796623;0.0026482777;-2.8428385e-06;-2.7629343e-05;-0.019206313;-0.015457914;0.1251796;0.013529522;-0.028113956;0.12245295;-0.000835024;0.00030629375;-0.00012630715;0.00010920468;-0.115081415;-2.62006e-05;0.34442317;0.019002112;-0.035654567;0.72886044;-0.035657957;0.053689476;-0.06824098;9.14898e-05;0.38654658;0.11330741;-0.10681718;0.82415617;-0.084445015;-0.044138562;-0.17951784;-2.7003392e-05;3.6400448e-05;-5.8005375e-05;-0.6717555;-0.005276526;0.19899437;0.7852178;-0.75765705;0.019059816;0.6445266;-3.5990466e-05;-0.000107918386;-0.31129587;-0.09143713;0.29337543;0.32210934;-0.46051848;0.44340137;-0.6523444;-0.9871611;-0.69659996;0.4360778;0.32015425;0.3191541;-0.5858005;0.064556636;0.19664375;0.042348113;0.15305184;-0.030835776;-0.05656469;0.18019198;-0.9829237;0.09138042;0.066730924;0.10414111;-0.82364565;-0.049114596;-0.3689003;-0.9717616;-0.45607153;0.03862863;0.053650033;0.08967642;0.53343844;0.29596403;0.4230748;-0.7434546;0.9139334;-0.6576141;-0.34733564;-0.7572868;-0.851844;-0.63394237;-0.17505693;-0.82585734;-0.6070416;-0.4914326;0.23063777
-0.049335252;0.016215317;-0.00580933;0.00039403484;6.671653e-05;0.009614325;0.002671535;-2.742358e-06;-2.0419808e-05;-0.023954727;-0.0035251116;0.1098423;0.006872271;-0.016503742;0.10835051;-0.0008278499;0.00028953998;-0.000104053746;0.00011448135;-0.10149722;-2.8981005e-05;0.36442456;0.027294949;-0.037114467;0.7385836;-0.016239252;0.059554882;-0.0757393;7.651327e-05;0.40944347;0.115520544;-0.10729004;0.83607596;-0.10613468;-0.0376968;-0.1877774;-2.980946e-05;3.081161e-05;-4.5405526e-05;-0.6918554;-0.018193135;0.16326332;0.7913439;-0.7710066;0.04648387;0.6533066;-4.3741486e-05;-9.019303e-05;-0.3388513;-0.082667865;0.28659582;0.34048674;-0.44963077;0.43569845;-0.6496563;-0.99053156;-0.7028312;0.40422514;0.33119676;0.31874007;-0.5822796;0.077892;0.21292895;0.038262863;0.17361903;-0.06366942;-0.057153746;0.18105805;-0.98400176;0.061868146;0.035551336;0.08260721;-0.8365745;-0.115385704;-0.40017986;-0.97930574;-0.45921153;0.0004675547;0.09126343;0.060454357;0.5475394;0.23102367;0.37614712;-0.74265385;0.9233352;-0.68076044;-0.33535257;-0.74847054;-0.8595994;-0.65115523;-0.18881294;-0.8244377;-0.5853243;-0.49454677;0.2167785
-0.049752537;0.016627647;-0.0067790216;0.00033344596;5.127673e-05;0.009462818;0.002692325;-2.651125e-06;-1.4188394e-05;-0.028692689;0.0043043187;0.08785389;0.00038030185;-0.008190828;0.086397626;-0.0008205031;0.00027226092;-8.4222585e-05;0.000119780576;-0.08761832;-3.1634176e-05;0.3814788;0.03394463;-0.037359685;0.7442854;0.0011599682;0.06581723;-0.08118644;6.31172e-05;0.42828682;0.11722986;-0.10762758;0.8451584;-0.12709065;-0.03139392;-0.19329447;-3.2545388e-05;2.5837679e-05;-3.4391574e-05;-0.70902544;-0.03284511;0.12675337;0.7985387;-0.78261465;0.07749957;0.66313136;-5.1747134e-05;-7.437324e-05;-0.36474684;-0.077570066;0.27899218;0.36554614;-0.4359708;0.42723286;-0.64403504;-0.9929773;-0.70461005;0.3720099;0.34229803;0.31804585;-0.5736123;0.08876857;0.22322974;0.030561332;0.20035885;-0.095057726;-0.058950912;0.18149886;-0.98488677;0.030665683;-0.0021773526;0.05844039;-0.8481727;-0.17786464;-0.4307931;-0.9846534;-0.45926732;-0.034087718;0.13173233;0.01966804;0.56999445;0.15920651;0.32492456;-0.7439721;0.9334647;-0.7084724;-0.32732815;-0.7431493;-0.8695329;-0.66969115;-0.20211005;-0.82699364;-0.5668215;-0.4980741;0.19387725
-0.05010814;0.017047033;-0.00813449;0.0002827791;3.8492028e-05;0.009330788;0.0027075938;-2.5666045e-06;-9.080977e-06;-0.0346705;0.0077910065;0.05873902;-0.007212314;-0.0032043902;0.055782154;-0.0008115312;0.00025348575;-6.734839e-05;0.00012476751;-0.07384754;-3.3903634e-05;0.39507413;0.038568057;-0.03619215;0.7456681;0.016035015;0.072677836;-0.084491976;5.16577e-05;0.44255483;0.11866686;-0.10790794;0.8520369;-0.14704317;-0.026168747;-0.19585961;-3.5271318e-05;2.1607455e-05;-2.5280024e-05;-0.7245514;-0.048754226;0.0902482;0.80683565;-0.7913795;0.10908847;0.6733751;-6.0355233e-05;-6.087916e-05;-0.39041635;-0.07565049;0.2715611;0.3981472;-0.4186185;0.41926563;-0.6356719;-0.99469846;-0.7009136;0.34225196;0.354826;0.31778672;-0.5598574;0.09907549;0.22774059;0.019946156;0.23284343;-0.12370862;-0.06098929;0.18119755;-0.9854458;-0.0040367693;-0.044565387;0.03086066;-0.85758334;-0.2358346;-0.4566126;-0.9884796;-0.4580823;-0.06460784;0.17363507;-0.03095272;0.59814584;0.083748825;0.27144256;-0.74593836;0.94333065;-0.7367755;-0.32288677;-0.7405292;-0.8798177;-0.6882234;-0.21319632;-0.8323599;-0.5494944;-0.50074506;0.16104233
-0.05043578;0.01740675;-0.009700315;0.00024281134;2.8581504e-05;0.0091912225;0.0027123;-2.4836136e-06;-5.1597817e-06;-0.041628238;0.0074953586;0.025343025;-0.015680052;-0.0012527398;0.019793464;-0.0007990632;0.00023301782;-5.3751486e-05;0.00012889245;-0.060866863;-3.550855e-05;0.40526494;0.041473463;-0.03406054;0.7435997;0.028533744;0.07936272;-0.08605112;4.2355678e-05;0.4526192;0.11984876;-0.10810382;0.8571387;-0.16518016;-0.02223509;-0.19614902;-3.7928337e-05;1.8186176e-05;-1.8228515e-05;-0.73817575;-0.06450285;0.055444703;0.8152004;-0.7969788;0.14011785;0.6823192;-6.9316884e-05;-4.997039e-05;-0.4154466;-0.075234495;0.2642943;0.43493077;-0.39774895;0.41247335;-0.6259754;-0.99585545;-0.6927874;0.31574595;0.3678028;0.31787416;-0.5424648;0.10845351;0.22944532;0.0075102127;0.2664142;-0.14894544;-0.06192836;0.17883626;-0.9856265;-0.040375866;-0.08593871;0.0009169091;-0.8644414;-0.2881438;-0.47523662;-0.9911172;-0.45416486;-0.09036412;0.21391678;-0.085964814;0.62580055;0.007588297;0.21887998;-0.7462677;0.95157814;-0.76160216;-0.31968734;-0.7372011;-0.8886227;-0.70384526;-0.22097898;-0.8374377;-0.5319744;-0.50105315;0.12169157
-0.05081605;0.017625816;-0.0111516025;0.00021436298;2.1731772e-05;0.009012386;0.00270082;-2.3948444e-06;-2.494904e-06;-0.047935635;0.0039383336;-0.007132519;-0.023424037;-0.0023799567;-0.015336746;-0.00078198983;0.00021227654;-4.3758482e-05;0.00013146165;-0.050101932;-3.619957e-05;0.41266352;0.043214705;-0.03196079;0.7401299;0.03944552;0.08392717;-0.08628581;3.544164e-05;0.45934644;0.12070791;-0.10821811;0.8606278;-0.17968261;-0.019350003;-0.1952553;-4.0250517e-05;1.5628058e-05;-1.3382145e-05;-0.74838525;-0.077724546;0.025664138;0.82223135;-0.7995834;0.17098577;0.68840826;-7.7391116e-05;-4.1915482e-05;-0.4378829;-0.07404457;0.25599793;0.46890116;-0.3747093;0.40690953;-0.6174463;-0.99657804;-0.6828451;0.29161617;0.37747076;0.31764743;-0.52334034;0.114087425;0.23233077;-0.005513746;0.2944182;-0.1710532;-0.061839905;0.17138837;-0.9854514;-0.07420911;-0.11872351;-0.02861979;-0.8688587;-0.33215186;-0.48668852;-0.99277735;-0.44417152;-0.10965415;0.24807212;-0.13827948;0.64544594;-0.06845884;0.17033285;-0.7419563;0.9571264;-0.7796169;-0.31402233;-0.7273924;-0.8943008;-0.71234804;-0.22576195;-0.83784944;-0.51465493;-0.49648654;0.082498536
-0.05127488;0.017690044;-0.012294145;0.00019601465;1.7549843e-05;0.008766545;0.0026615805;-2.293799e-06;-9.41749e-07;-0.05349376;-0.0025089364;-0.036211397;-0.030347383;-0.0065168743;-0.046592765;-0.0007595795;0.0001937061;-3.6972197e-05;0.0001317451;-0.042378657;-3.5944577e-05;0.41834056;0.04414876;-0.030546296;0.7370548;0.05008437;0.08565409;-0.0854755;3.064818e-05;0.4637987;0.12141971;-0.108354315;0.8628869;-0.19037317;-0.016954621;-0.19401827;-4.1710366e-05;1.381067e-05;-1.0461707e-05;-0.7547357;-0.08740077;0.0030755068;0.8269538;-0.7990697;0.20197149;0.69099265;-8.244987e-05;-3.6369485e-05;-0.45590338;-0.07110836;0.24572943;0.49545047;-0.3518684;0.4020697;-0.61061597;-0.9970004;-0.67309284;0.26928407;0.38170618;0.31598952;-0.50366634;0.11490816;0.23937424;-0.01856838;0.31374404;-0.1918177;-0.06221709;0.15652826;-0.9849953;-0.1044491;-0.14012095;-0.056818765;-0.8714208;-0.36725232;-0.492607;-0.9937481;-0.426545;-0.12191431;0.2744024;-0.18344879;0.65383995;-0.14344746;0.12746446;-0.73147047;0.9600866;-0.7904117;-0.30314076;-0.70767295;-0.89646953;-0.7124424;-0.22797827;-0.83154607;-0.49709764;-0.4862641;0.048418324
-0.051771507;0.017644465;-0.013166854;0.00018427463;1.5181082e-05;0.008433375;0.002576904;-2.1761562e-06;-1.6746344e-07;-0.060332693;-0.011552061;-0.06369985;-0.03846319;-0.013245003;-0.07600575;-0.0007313802;0.00018018522;-3.2370095e-05;0.000129199;-0.037307117;-3.4926015e-05;0.42344585;0.044362474;-0.029826669;0.73532766;0.062019955;0.085722536;-0.08368356;2.7275499e-05;0.46692142;0.122370295;-0.10867973;0.8644603;-0.19895378;-0.014465381;-0.19278686;-4.1534724e-05;1.2463941e-05;-8.846226e-06;-0.7582597;-0.0944718;-0.012744712;0.82896787;-0.79476464;0.23294543;0.6901746;-8.174134e-05;-3.24453e-05;-0.4684922;-0.067102894;0.23353551;0.5141233;-0.33173352;0.39682814;-0.60313374;-0.9972335;-0.66337866;0.24918957;0.38170126;0.3120241;-0.48370695;0.113155246;0.2520067;-0.03153989;0.32575467;-0.2139192;-0.065242656;0.13401332;-0.9843352;-0.13420711;-0.15364824;-0.085113026;-0.87289304;-0.3955092;-0.49521422;-0.9943097;-0.40254998;-0.12815976;0.29470438;-0.22015905;0.6521397;-0.21495304;0.09026887;-0.71495265;0.9613056;-0.7955303;-0.28593498;-0.6782693;-0.89583766;-0.7061227;-0.2271638;-0.8193108;-0.4768905;-0.4718785;0.020958187
-0.052255336;0.017534358;-0.013892633;0.00017610274;1.39184995e-05;0.008004949;0.0024353557;-2.0401617e-06;1.2037344e-07;-0.07020485;-0.022722932;-0.0924559;-0.04952748;-0.021846497;-0.10672694;-0.00069787935;0.00017388901;-2.9086106e-05;0.00012378019;-0.034078106;-3.3388562e-05;0.42868176;0.04383865;-0.029584471;0.7357044;0.07650414;0.08563;-0.080837965;2.4737907e-05;0.46934968;0.12385605;-0.10933783;0.86565953;-0.20682359;-0.01162674;-0.19161068;-3.9163344e-05;1.1366596e-05;-8.0225e-06;-0.76013803;-0.10008063;-0.023285275;0.8282843;-0.7862723;0.26394802;0.6864549;-7.329152e-05;-2.940066e-05;-0.47501627;-0.063360795;0.21995813;0.52592176;-0.31570473;0.3899877;-0.59228534;-0.99734664;-0.65220505;0.23195319;0.3796812;0.3057538;-0.4634754;0.11145941;0.26970398;-0.044273805;0.3334117;-0.23900679;-0.0723156;0.10508016;-0.9835403;-0.16644102;-0.16405994;-0.114571035;-0.8739176;-0.4191864;-0.49656606;-0.9946407;-0.37480503;-0.12954357;0.31144762;-0.24863532;0.6423806;-0.28038454;0.057649586;-0.6929998;0.9615105;-0.79639447;-0.2628342;-0.6411358;-0.89312357;-0.69616824;-0.22298223;-0.80284613;-0.45149696;-0.45546824;-0.00026802346
-0.052692737;0.017386349;-0.014570977;0.00017018855;1.3442186e-05;0.0074914065;0.0022432753;-1.888068e-06;7.286144e-08;-0.08278286;-0.034912083;-0.12392186;-0.06326212;-0.031061893;-0.1401097;-0.0006606758;0.00017480749;-2.6768219e-05;0.00011614667;-0.03202192;-3.154185e-05;0.43393394;0.04261833;-0.029599596;0.7388239;0.09365396;0.08626396;-0.0769905;2.282094e-05;0.47134307;0.12587081;-0.110356264;0.86647284;-0.21411571;-0.008662366;-0.19037183;-3.4761368e-05;1.0444863e-05;-7.761453e-06;-0.7609978;-0.1043531;-0.029835964;0.8252504;-0.7742867;0.29476535;0.68048644;-5.7504716e-05;-2.6983063e-05;-0.4749775;-0.061355714;0.20586544;0.5316077;-0.30362844;0.38134414;-0.5767175;-0.997377;-0.6381487;0.21812627;0.3774792;0.29780018;-0.44315884;0.1105088;0.28920752;-0.056960415;0.33924162;-0.26646093;-0.08264307;0.072118916;-0.982667;-0.20071386;-0.17358212;-0.14471883;-0.8748234;-0.43976536;-0.49784437;-0.9948346;-0.3461954;-0.12691656;0.32611546;-0.27026019;0.6259331;-0.33749002;0.028515134;-0.66670847;0.9609928;-0.79404277;-0.23679294;-0.5996048;-0.8884605;-0.68532753;-0.21658641;-0.7840507;-0.4195297;-0.43947524;-0.017138228
-0.053069387;0.017220305;-0.015260298;0.00016655034;1.373369e-05;0.0069169295;0.0020202189;-1.7257081e-06;-2.8190698e-07;-0.095990375;-0.046466496;-0.15787655;-0.07766833;-0.0392391;-0.1755466;-0.0006218597;0.00018120749;-2.5470188e-05;0.00010739737;-0.030676018;-2.9531751e-05;0.4385107;0.040914167;-0.029685538;0.7448722;0.1122047;0.08782052;-0.07251044;2.159801e-05;0.47289956;0.12812133;-0.11164283;0.8667998;-0.22001883;-0.006198403;-0.1888837;-2.9000956e-05;9.738898e-06;-8.0514e-06;-0.7610077;-0.10654455;-0.033254713;0.8204426;-0.7603473;0.32454163;0.67279446;-3.6524172e-05;-2.5318965e-05;-0.468009;-0.062330604;0.19244063;0.5314991;-0.2947216;0.37183264;-0.5560452;-0.9973429;-0.62042934;0.2084499;0.37652367;0.2886924;-0.42328402;0.10945628;0.30585125;-0.07059847;0.34437928;-0.29433736;-0.09383803;0.037996255;-0.9817393;-0.2339125;-0.18215296;-0.17436828;-0.8755965;-0.45817044;-0.4993239;-0.99493617;-0.31921956;-0.121154755;0.33877924;-0.2869965;0.60375607;-0.384447;0.0026992082;-0.63811404;0.95969987;-0.78954154;-0.21306136;-0.5586563;-0.8815563;-0.6763962;-0.21061511;-0.7652617;-0.38077435;-0.42677924;-0.032735318
-0.053389043;0.017063748;-0.015961912;0.00016515458;1.477843e-05;0.006307089;0.0017835436;-1.5593496e-06;-9.270443e-07;-0.10787944;-0.055885088;-0.19294564;-0.09085237;-0.04500984;-0.21130638;-0.00058309286;0.00019145438;-2.5234825e-05;9.8499724e-05;-0.029710067;-2.7466878e-05;0.44192183;0.03906112;-0.029756257;0.75363815;0.13033181;0.089866444;-0.06801706;2.1125757e-05;0.47407004;0.13030176;-0.11306576;0.86679363;-0.22366443;-0.0049177995;-0.18706885;-2.2422515e-05;9.278949e-06;-8.8816305e-06;-0.7602247;-0.10591605;-0.03394311;0.8144385;-0.7457779;0.35220057;0.6636274;-1.2211996e-05;-2.4507695e-05;-0.45421776;-0.06666545;0.18053585;0.52611256;-0.28891057;0.36269915;-0.52999115;-0.99725807;-0.5991954;0.20341764;0.3778482;0.27837926;-0.4051704;0.10734394;0.31626892;-0.08678726;0.3487824;-0.32101786;-0.103345945;0.00456123;-0.9807717;-0.26305294;-0.18927315;-0.20271796;-0.87606966;-0.47493455;-0.50095916;-0.9949735;-0.29589137;-0.11335018;0.34841806;-0.3004288;0.5771297;-0.4207441;-0.019579958;-0.6098453;0.9575202;-0.7840898;-0.19674768;-0.52396053;-0.8723051;-0.67181134;-0.20787616;-0.74940974;-0.33596697;-0.4200832;-0.050048664
-0.053668477;0.016952876;-0.016597485;0.00016507844;1.63464e-05;0.005679433;0.0015397854;-1.3931391e-06;-1.77318e-06;-0.11807529;-0.062299553;-0.22693975;-0.10244895;-0.047735672;-0.24505022;-0.00054501765;0.00020479778;-2.5792193e-05;8.992256e-05;-0.028843118;-2.5455032e-05;0.44435322;0.037352875;-0.029873552;0.76488423;0.14660065;0.09150107;-0.06414402;2.123011e-05;0.475176;0.13235043;-0.11453154;0.86695457;-0.22464707;-0.0052680345;-0.18503365;-1.5178412e-05;9.00442e-06;-1.008375e-05;-0.7587839;-0.102346145;-0.03191291;0.8075904;-0.7308679;0.3769157;0.6529881;1.4707039e-05;-2.435234e-05;-0.43466645;-0.07357335;0.16998807;0.51656175;-0.2870745;0.354933;-0.49837118;-0.9971402;-0.5757062;0.20258541;0.3819065;0.26629716;-0.3910181;0.10379623;0.31947774;-0.10679932;0.3521817;-0.3455713;-0.10917561;-0.027902154;-0.97980976;-0.2866838;-0.1949008;-0.22942537;-0.8760834;-0.4900251;-0.50281;-0.9949816;-0.278013;-0.104717605;0.35379636;-0.3113782;0.54804665;-0.44756827;-0.038818248;-0.58430004;0.9544906;-0.7788195;-0.1905299;-0.500171;-0.86122406;-0.6728342;-0.21002148;-0.73953116;-0.28677404;-0.42081466;-0.07076357
-0.05392511;0.016921442;-0.017020205;0.00016484235;1.8028833e-05;0.005040603;0.001287162;-1.2283518e-06;-2.6881025e-06;-0.12775528;-0.06537396;-0.2571434;-0.11362444;-0.047368348;-0.27406806;-0.0005070173;0.00022076844;-2.660547e-05;8.1590806e-05;-0.02781207;-2.3589695e-05;0.44647813;0.03597501;-0.030218761;0.77861255;0.16011757;0.09170147;-0.061437655;2.1546075e-05;0.4767979;0.13445638;-0.11602406;0.86795515;-0.22271773;-0.0075006397;-0.18296948;-7.2296316e-06;8.7895605e-06;-1.1359167e-05;-0.7568941;-0.096220955;-0.027135199;0.7999593;-0.7147582;0.39795583;0.6406363;4.4084365e-05;-2.4432375e-05;-0.41146386;-0.08153992;0.15975167;0.5040304;-0.29036972;0.3493935;-0.46146697;-0.9970114;-0.5518959;0.20471366;0.3887254;0.25182226;-0.38307047;0.09915238;0.3160128;-0.13063209;0.35468516;-0.36728445;-0.11047535;-0.059568424;-0.9789209;-0.30431443;-0.19937015;-0.25389808;-0.8754493;-0.5027058;-0.50522846;-0.9950055;-0.26713955;-0.09638585;0.35430542;-0.320019;0.5187436;-0.46689674;-0.056195058;-0.56304413;0.9507289;-0.7745315;-0.19429483;-0.48966947;-0.8492163;-0.6790723;-0.2172253;-0.73771036;-0.23539351;-0.4284136;-0.09506432
-0.05416823;0.016981779;-0.017051574;0.00016310829;1.9408762e-05;0.0043849447;0.0010204837;-1.0628737e-06;-3.5654157e-06;-0.13876323;-0.06484333;-0.28056446;-0.12622674;-0.043959394;-0.29541382;-0.00046714826;0.00023846881;-2.7086586e-05;7.2980874e-05;-0.026395839;-2.1884021e-05;0.44903618;0.035082817;-0.03104557;0.79498285;0.1702288;0.08958371;-0.06046688;2.1674568e-05;0.47963843;0.13689075;-0.11757592;0.87041825;-0.21730767;-0.0118204625;-0.18102136;1.4412508e-06;8.5096035e-06;-1.2401826e-05;-0.7547456;-0.08791218;-0.01994794;0.79129696;-0.6957724;0.41417977;0.6259784;7.576957e-05;-2.4312088e-05;-0.38733023;-0.08903632;0.14852892;0.48906544;-0.29978862;0.3470685;-0.4196851;-0.9968896;-0.52924216;0.20843422;0.39835972;0.23459122;-0.38265526;0.09422848;0.30642033;-0.15695003;0.3570039;-0.38551244;-0.10816823;-0.0897845;-0.9781654;-0.31568614;-0.2034385;-0.27488622;-0.8739013;-0.5117918;-0.50904816;-0.99509317;-0.26436833;-0.08918141;0.35024655;-0.32583353;0.49039072;-0.4803919;-0.072820894;-0.5464495;0.94604397;-0.77157754;-0.20620145;-0.49191704;-0.8363464;-0.6887597;-0.22870922;-0.7440979;-0.18309842;-0.4407073;-0.12221198
-0.054410197;0.017094757;-0.016505176;0.00015903095;2.022006e-05;0.0036971343;0.0007335898;-8.9082846e-07;-4.3517284e-06;-0.1523522;-0.059827182;-0.2934242;-0.14156593;-0.03701915;-0.3052404;-0.00042249233;0.00025634712;-2.6801106e-05;6.3295454e-05;-0.024503017;-2.0216037e-05;0.45257908;0.034922544;-0.032684125;0.81401265;0.17634828;0.08441406;-0.061946962;2.1321655e-05;0.48431602;0.13977689;-0.11915493;0.87474626;-0.20742242;-0.018368362;-0.17917943;1.0764361e-05;8.084731e-06;-1.3015175e-05;-0.75243586;-0.077244274;-0.011390257;0.7809792;-0.6722073;0.42388788;0.6080856;0.00010942464;-2.3695407e-05;-0.36498827;-0.09491954;0.13539983;0.47156966;-0.31630224;0.34885696;-0.372151;-0.9967852;-0.50710815;0.21282873;0.41128212;0.21446027;-0.38968834;0.0896562;0.2899145;-0.18411508;0.36057988;-0.40009856;-0.10501969;-0.116834424;-0.977612;-0.3208357;-0.20851111;-0.2909952;-0.871284;-0.51641357;-0.5156794;-0.9952791;-0.27051747;-0.083512604;0.34241065;-0.32732227;0.46160588;-0.48897687;-0.08933507;-0.5334393;0.9392859;-0.76992553;-0.2239544;-0.503441;-0.8197486;-0.6997672;-0.2434146;-0.7567339;-0.12791702;-0.45551854;-0.15136091
-0.054682422;0.017146716;-0.015210526;0.00015244726;2.046302e-05;0.002967132;0.00042386173;-7.050745e-07;-5.0509916e-06;-0.16800249;-0.048484083;-0.28981382;-0.15921831;-0.025299512;-0.2973105;-0.00037045535;0.00027195166;-2.5632733e-05;5.1850984e-05;-0.02224981;-1.8344974e-05;0.45738128;0.03583231;-0.035547078;0.8351989;0.17831476;0.07580489;-0.066545196;2.0397027e-05;0.49103317;0.14292686;-0.12053549;0.8808265;-0.19202977;-0.02688539;-0.1771608;2.0422e-05;7.5006465e-06;-1.3199169e-05;-0.74975026;-0.06361175;-0.003272077;0.76792806;-0.64373875;0.4250747;0.58653337;0.00014383442;-2.251612e-05;-0.3466912;-0.09855894;0.12007687;0.45207506;-0.3403243;0.35441223;-0.31595317;-0.9966931;-0.48252305;0.21804051;0.42832655;0.1914646;-0.4024606;0.08526393;0.26411706;-0.21108086;0.36688936;-0.41210872;-0.10479061;-0.13878536;-0.9772806;-0.32105857;-0.21657953;-0.30163577;-0.86764044;-0.5170193;-0.52700883;-0.9955633;-0.28735402;-0.07934356;0.33154353;-0.32259703;0.42845714;-0.49312735;-0.10586552;-0.52203184;0.9278031;-0.76943874;-0.24508026;-0.5193659;-0.7919165;-0.711131;-0.2600069;-0.77257407;-0.06345558;-0.47280023;-0.18181293
-0.05496657;0.01701818;-0.013184596;0.00014454016;2.044189e-05;0.0022157992;0.00010349625;-5.079279e-07;-5.7765574e-06;-0.18421939;-0.029977838;-0.26308826;-0.17761604;-0.008604373;-0.26469526;-0.00031134763;0.00028225424;-2.386616e-05;3.8872593e-05;-0.019733636;-1.6074147e-05;0.4632001;0.037857555;-0.039822627;0.8568999;0.17758721;0.06478102;-0.074035764;1.905374e-05;0.49914488;0.14604925;-0.12143235;0.887448;-0.17113076;-0.036273126;-0.17449965;2.9600891e-05;6.829665e-06;-1.3179975e-05;-0.74534285;-0.04810265;0.0027940078;0.75032616;-0.612229;0.41557175;0.5636948;0.00017607273;-2.0989595e-05;-0.33309582;-0.10046999;0.102154315;0.43445852;-0.36887878;0.3600198;-0.25034052;-0.9965712;-0.45622787;0.22550416;0.4493158;0.1666173;-0.41823158;0.08065776;0.22771777;-0.23620404;0.37472507;-0.42438158;-0.110427044;-0.15484571;-0.9767872;-0.3204858;-0.22960281;-0.30692786;-0.8622581;-0.5151357;-0.54474235;-0.9958788;-0.31890678;-0.0759533;0.31899726;-0.31292605;0.38934672;-0.49368262;-0.12156333;-0.51211053;0.90865743;-0.7704142;-0.26568022;-0.53738606;-0.74370694;-0.7241322;-0.27610287;-0.78946173;0.01561385;-0.4946069;-0.21176362
-0.055158217;0.01669378;-0.01086087;0.00013734121;2.0458712e-05;0.0015064491;-0.00019633953;-3.2110609e-07;-6.6671564e-06;-0.19993892;-0.007565323;-0.21372324;-0.19534704;0.009883337;-0.20837195;-0.00025007647;0.00028552898;-2.1905638e-05;2.5856225e-05;-0.016797122;-1.356141e-05;0.46918;0.04065443;-0.044978365;0.8763871;0.17649558;0.053585723;-0.08298456;1.751665e-05;0.50727934;0.14880191;-0.121806234;0.8927574;-0.1465019;-0.044976357;-0.17113493;3.719105e-05;6.183742e-06;-1.3183526e-05;-0.73694366;-0.034499224;0.0071764956;0.7260849;-0.58003587;0.39409837;0.545236;0.00020258018;-1.9417406e-05;-0.32286435;-0.10194251;0.0816608;0.42591122;-0.3966591;0.35915798;-0.18210848;-0.99636734;-0.43616602;0.2351406;0.47160783;0.1431701;-0.4353932;0.07644428;0.18404442;-0.25646222;0.38001618;-0.4404594;-0.12204357;-0.16577475;-0.9754166;-0.32486323;-0.24749091;-0.30644053;-0.853675;-0.5118694;-0.5685177;-0.9961214;-0.36738983;-0.071865305;0.30763164;-0.30359715;0.34980932;-0.49112305;-0.13336015;-0.5069653;0.882272;-0.77274483;-0.2805879;-0.55939615;-0.6739453;-0.74012494;-0.28790376;-0.80667865;0.103560746;-0.52014095;-0.23714459
-0.055259537;0.016210834;-0.008863935;0.00013141311;2.048313e-05;0.0009102906;-0.0004462169;-1.7072705e-07;-7.629758e-06;-0.21322799;0.013369888;-0.1539087;-0.21022786;0.02589048;-0.14181818;-0.0001938776;0.0002827212;-1.9902829e-05;1.4567528e-05;-0.013454087;-1.1238328e-05;0.47460026;0.044329733;-0.05004839;0.89167047;0.17469637;0.04311064;-0.092149004;1.5872487e-05;0.51428646;0.15038404;-0.12175879;0.89603096;-0.12029107;-0.052178703;-0.16764323;4.260848e-05;5.605958e-06;-1.3190307e-05;-0.7236479;-0.02528916;0.011767063;0.6948618;-0.5490559;0.36213616;0.5349431;0.00022165668;-1.7885352e-05;-0.31525376;-0.102477476;0.061244834;0.43080172;-0.42375463;0.34842184;-0.12031206;-0.9961001;-0.425969;0.2431977;0.49200037;0.12491603;-0.4546356;0.07341337;0.13927571;-0.27113274;0.38172966;-0.46192247;-0.13738018;-0.1736243;-0.97308844;-0.3376665;-0.26737142;-0.3005978;-0.8425442;-0.5085975;-0.5949897;-0.9962537;-0.42659685;-0.06576922;0.3002083;-0.2966676;0.31666324;-0.48383883;-0.13652512;-0.50914085;0.853289;-0.77502674;-0.28759632;-0.58706343;-0.5928562;-0.758233;-0.2928114;-0.82374793;0.18618539;-0.5447163;-0.2546811
-0.055365607;0.015627205;-0.0075724283;0.00012621144;2.037303e-05;0.0004599836;-0.00063458533;-6.8281224e-08;-8.44743e-06;-0.22254507;0.029603377;-0.09880722;-0.22075301;0.03746429;-0.08135051;-0.00014815236;0.00027642905;-1.7888873e-05;6.137245e-06;-0.009961827;-9.419877e-06;0.479245;0.049221095;-0.05432576;0.9026529;0.17042196;0.033036742;-0.10088528;1.4169986e-05;0.51982105;0.15018304;-0.121410094;0.8976932;-0.09380036;-0.058069076;-0.16457893;4.6106932e-05;5.087153e-06;-1.3098586e-05;-0.706091;-0.020547125;0.017466338;0.6583021;-0.52216077;0.32361495;0.5325098;0.00023399467;-1.6381673e-05;-0.31034204;-0.100752704;0.043416265;0.44695804;-0.45411995;0.32966855;-0.069505446;-0.99583024;-0.4216837;0.24637714;0.50865704;0.1131601;-0.47692987;0.07130417;0.097699255;-0.282862;0.3821751;-0.4882623;-0.15390487;-0.1816924;-0.97029686;-0.35988018;-0.2865206;-0.29246613;-0.83151746;-0.50807947;-0.6205488;-0.9962903;-0.4857925;-0.057103906;0.29827937;-0.28993514;0.2932116;-0.46984068;-0.1284905;-0.5177592;0.8285543;-0.7758014;-0.287302;-0.6193468;-0.51648414;-0.7767926;-0.29151905;-0.8404346;0.25087374;-0.5651306;-0.26389614
-0.055506684;0.015014969;-0.007010658;0.00012159522;2.0153355e-05;0.00014736672;-0.0007624811;-9.516157e-09;-9.0311805e-06;-0.2284671;0.040878396;-0.057224117;-0.22768812;0.045058303;-0.036086645;-0.000114687035;0.00026873825;-1.601319e-05;8.799543e-07;-0.0064892303;-8.189454e-06;0.48305577;0.055279274;-0.057601783;0.9102453;0.16347241;0.023277778;-0.10866881;1.2555378e-05;0.5241159;0.14833012;-0.120842226;0.8981733;-0.068033904;-0.06291819;-0.16202989;4.8160065e-05;4.6373316e-06;-1.2932171e-05;-0.6856653;-0.01910735;0.023537103;0.61923844;-0.5023039;0.28304324;0.5358487;0.00024094972;-1.5004771e-05;-0.30747867;-0.09659764;0.028392978;0.46772572;-0.48944888;0.3069113;-0.028737608;-0.99558985;-0.41845208;0.244419;0.52115625;0.105934165;-0.50154227;0.06865117;0.05973514;-0.29471394;0.38377947;-0.517996;-0.170299;-0.1926167;-0.9673841;-0.39023513;-0.3038825;-0.2856892;-0.82260203;-0.51302767;-0.64328676;-0.996241;-0.53700876;-0.045804683;0.30243254;-0.2815482;0.28011408;-0.44896227;-0.1111808;-0.5303898;0.81441706;-0.7743675;-0.2810938;-0.6539295;-0.45926455;-0.7947152;-0.28656995;-0.8567391;0.29164913;-0.58151066;-0.26546204
-0.055628765;0.014433553;-0.0070034275;0.00011738576;1.984142e-05;-5.2875323e-05;-0.0008347449;1.8710693e-08;-9.389012e-06;-0.23277527;0.04832334;-0.031051056;-0.23298047;0.049978253;-0.0076093683;-9.262429e-05;0.00026045126;-1.43327925e-05;-1.519099e-06;-0.0030845155;-7.506307e-06;0.4859386;0.06216779;-0.060001656;0.9154184;0.15517294;0.014369323;-0.11507355;1.1101583e-05;0.52766585;0.14548568;-0.12008142;0.8976375;-0.044444818;-0.06647697;-0.15981236;4.8964735e-05;4.243906e-06;-1.27116655e-05;-0.6648139;-0.01900296;0.028727949;0.5823966;-0.49050897;0.24455334;0.54256696;0.00024334571;-1.3782817e-05;-0.30516228;-0.09095199;0.015555768;0.48596004;-0.5281633;0.28407225;0.006086735;-0.9953896;-0.414221;0.23858961;0.5299067;0.09971766;-0.52695245;0.06330562;0.023829186;-0.30775064;0.3876971;-0.54884726;-0.18634717;-0.20638515;-0.9643772;-0.4252168;-0.31941608;-0.28197834;-0.816066;-0.52420795;-0.66258776;-0.9961216;-0.57729626;-0.032143302;0.31226975;-0.272391;0.27664748;-0.4236043;-0.08999488;-0.5457067;0.813833;-0.7712956;-0.27204335;-0.68942153;-0.42951712;-0.81198984;-0.28099278;-0.8728469;0.30891147;-0.5960828;-0.26056948
-0.055643756;0.013925575;-0.0073187547;0.000113028684;1.9312778e-05;-0.00016576826;-0.00085754116;3.0346996e-08;-9.536474e-06;-0.23689458;0.053254135;-0.0176874;-0.2381072;0.053381637;0.0071505867;-7.960675e-05;0.0002515296;-1.2693054e-05;-1.8218279e-06;0.0002065599;-7.286486e-06;0.487767;0.06939741;-0.06178355;0.9189861;0.14710376;0.007015844;-0.11996763;9.716125e-06;0.5310115;0.14249538;-0.11917617;0.89628935;-0.024453368;-0.06841498;-0.15782107;4.8466783e-05;3.849498e-06;-1.2353004e-05;-0.6465726;-0.018293763;0.03203105;0.55389696;-0.48547417;0.21152593;0.55054045;0.00024143362;-1.2580305e-05;-0.30198744;-0.085246585;0.004485884;0.49689838;-0.56686074;0.26406422;0.0387758;-0.99524486;-0.4092277;0.2300043;0.53540784;0.09224717;-0.5527902;0.053990938;-0.011203586;-0.32004857;0.39169273;-0.57773143;-0.20159237;-0.22015412;-0.9610196;-0.45985782;-0.33290362;-0.2800466;-0.8106682;-0.53948295;-0.6782043;-0.9959724;-0.60734093;-0.01672867;0.32633922;-0.26520476;0.28075165;-0.3980628;-0.07093562;-0.56357855;0.8251592;-0.7681575;-0.26462293;-0.72551084;-0.42843202;-0.8291286;-0.27701408;-0.8889242;0.306915;-0.6110151;-0.2507086
-0.055487674;0.013516035;-0.0077370144;0.00010783598;1.8356775e-05;-0.00020499533;-0.0008382204;3.3487936e-08;-9.460142e-06;-0.24125065;0.056817096;-0.012395317;-0.24342115;0.056073148;0.013334854;-7.319753e-05;0.00024195269;-1.0832038e-05;-9.043988e-07;0.0033109363;-7.4734126e-06;0.48855338;0.07639216;-0.06321564;0.92166805;0.14000665;0.0013894374;-0.123685345;8.2198385e-06;0.5346091;0.14005658;-0.11824178;0.8945448;-0.008533042;-0.06895276;-0.15619352;4.65985e-05;3.3824908e-06;-1.1703698e-05;-0.63298607;-0.016080355;0.032836434;0.5383997;-0.48461166;0.18622695;0.5582165;0.00023534508;-1.1185533e-05;-0.29780006;-0.08074288;-0.0050312732;0.49898493;-0.60214114;0.24834783;0.07086319;-0.99517953;-0.40467545;0.21947207;0.5382568;0.083914004;-0.5804643;0.04157812;-0.044800166;-0.32835668;0.38945037;-0.60188943;-0.21452144;-0.2301894;-0.95675397;-0.48938218;-0.34363952;-0.27662146;-0.8044262;-0.5548263;-0.6899683;-0.9958473;-0.62894344;-0.00065475586;0.34236282;-0.2624176;0.2887387;-0.3769142;-0.057803113;-0.5837964;0.8434185;-0.7665854;-0.26250726;-0.76151705;-0.45021546;-0.8462565;-0.274987;-0.9046712;0.29173803;-0.6268379;-0.23719837
-0.055159472;0.013195755;-0.008085871;0.00010150776;1.6857608e-05;-0.00017139601;-0.0007852362;2.8577801e-08;-9.144758e-06;-0.24548356;0.05994151;-0.010637915;-0.24843352;0.05860808;0.015783666;-7.220407e-05;0.00023259013;-8.604926e-06;6.488408e-07;0.0061611044;-8.080569e-06;0.48850507;0.08265562;-0.064487346;0.92398095;0.13348465;-0.0030593458;-0.1269382;6.51124e-06;0.53868425;0.13848832;-0.11740684;0.8929012;0.0038516102;-0.06885464;-0.15518478;4.351607e-05;2.8091672e-06;-1.0671385e-05;-0.62403125;-0.01281792;0.030896116;0.53647435;-0.4853416;0.16933183;0.5647889;0.0002258132;-9.4788265e-06;-0.29380703;-0.07814621;-0.013066171;0.4928661;-0.6320387;0.23686287;0.102150336;-0.99521077;-0.40280154;0.20793776;0.53934604;0.07635369;-0.6116284;0.02858226;-0.07441812;-0.33127308;0.3737717;-0.62041354;-0.22351447;-0.2348447;-0.9508275;-0.5112692;-0.35127708;-0.2695496;-0.7956683;-0.566998;-0.69810635;-0.9957815;-0.64351636;0.014675442;0.35781118;-0.2649621;0.29570827;-0.36336797;-0.05128728;-0.6055218;0.86288965;-0.76756674;-0.2668833;-0.7956759;-0.48388237;-0.86286604;-0.273564;-0.9192247;0.27040687;-0.6426419;-0.22119172
-0.054701976;0.012929999;-0.008256042;9.426533e-05;1.487101e-05;-6.4850734e-05;-0.0007093076;1.2722694e-08;-8.60406e-06;-0.24920224;0.06332277;-0.0097172335;-0.2526906;0.06143229;0.017402336;-7.627276e-05;0.00022480653;-6.059534e-06;2.5926274e-06;0.008634337;-9.132171e-06;0.48797166;0.087887384;-0.06569205;0.926078;0.12660769;-0.0070923325;-0.13044699;4.6235364e-06;0.54319334;0.13778704;-0.11677769;0.891686;0.013428919;-0.0689785;-0.15496175;3.962552e-05;2.1471496e-06;-9.2830305e-06;-0.61819386;-0.009859312;0.026138797;0.5446733;-0.4859406;0.1597907;0.57026136;0.00021425405;-7.487979e-06;-0.29134992;-0.07773798;-0.019794902;0.48003933;-0.6562969;0.22832824;0.1322574;-0.9953303;-0.4067663;0.19668528;0.53963625;0.07025123;-0.64580935;0.017449517;-0.09711521;-0.3302226;0.34141997;-0.6342356;-0.2281937;-0.23537059;-0.942638;-0.525722;-0.35631388;-0.2594847;-0.78368723;-0.5748914;-0.7036005;-0.9957703;-0.65197325;0.028327798;0.37086302;-0.27247128;0.2972137;-0.35845885;-0.049933635;-0.6276088;0.87943643;-0.7713615;-0.2767455;-0.82583284;-0.5176316;-0.8781846;-0.27129444;-0.9315765;0.25005051;-0.6571702;-0.20435031
-0.05415564;0.012703096;-0.008198924;8.633925e-05;1.2496137e-05;0.000107139516;-0.0006233754;-1.5520982e-08;-7.866896e-06;-0.25290516;0.06738741;-0.008916177;-0.25675735;0.064923525;0.019018942;-8.4753105e-05;0.00021912105;-3.271125e-06;4.844722e-06;0.010461798;-1.06010775e-05;0.4874435;0.091970615;-0.066869736;0.9277803;0.11853205;-0.011034016;-0.13464528;2.6118796e-06;0.54796;0.13785078;-0.116461225;0.8908815;0.020394377;-0.06991277;-0.15551384;3.5376426e-05;1.42301e-06;-7.5971184e-06;-0.61383957;-0.008772437;0.018555272;0.5579334;-0.4856377;0.1558079;0.5750315;0.00020195462;-5.2656396e-06;-0.29077557;-0.07953855;-0.025820004;0.46230468;-0.6756373;0.22080576;0.16126822;-0.9955023;-0.41883758;0.18725446;0.5399372;0.064850114;-0.6795316;0.0090128295;-0.111869514;-0.32738155;0.296781;-0.64486915;-0.22966826;-0.23368157;-0.9324096;-0.53432685;-0.35975984;-0.2481339;-0.7687931;-0.5787724;-0.7082278;-0.9957897;-0.6550191;0.040375542;0.38103184;-0.28390726;0.29168525;-0.3615358;-0.0520322;-0.64924973;0.89157426;-0.7779005;-0.2902025;-0.8505063;-0.54339314;-0.89156216;-0.26818752;-0.9410922;0.23615587;-0.6694262;-0.18908432
-0.053559605;0.012541921;-0.00792824;7.742888e-05;9.700656e-06;0.00033189583;-0.0005402602;-5.567051e-08;-6.9285015e-06;-0.2580128;0.072256126;-0.008760534;-0.2621909;0.06929543;0.02014545;-9.679315e-05;0.00021548918;-1.466833e-07;7.4548916e-06;0.0113432;-1.2446333e-05;0.48749217;0.09489936;-0.06800364;0.92882484;0.10866629;-0.014747489;-0.1395605;4.1547173e-07;0.55286;0.1386154;-0.116568275;0.89021736;0.024438553;-0.07184948;-0.15665907;3.125709e-05;6.2218896e-07;-5.5800338e-06;-0.6101181;-0.010685215;0.008187957;0.5721982;-0.48404223;0.1561676;0.57915;0.0001900821;-2.7311035e-06;-0.29149973;-0.0832624;-0.031971972;0.44165102;-0.6911289;0.21262003;0.1894804;-0.99568665;-0.43830112;0.18112327;0.5410731;0.05866187;-0.7077027;0.0023150735;-0.12001722;-0.32383037;0.25266814;-0.6537768;-0.22976969;-0.23060483;-0.9220062;-0.539098;-0.3626906;-0.23613866;-0.7525634;-0.5796663;-0.7139952;-0.9958298;-0.6535311;0.0513368;0.38890386;-0.29826057;0.28124422;-0.37162006;-0.057239488;-0.6707461;0.90018344;-0.7873674;-0.30547452;-0.8696491;-0.55870837;-0.9028274;-0.26554987;-0.9478455;0.23074356;-0.6789764;-0.17749472
-0.05297167;0.012499885;-0.0075306306;6.6716806e-05;6.273389e-06;0.0005981403;-0.00047017648;-1.0762585e-07;-5.7181314e-06;-0.26591295;0.077748254;-0.010457303;-0.27047828;0.07450087;0.01955897;-0.00011213887;0.00021480938;3.5978155e-06;1.0613456e-05;0.011175241;-1.4664118e-05;0.48859724;0.09669332;-0.06897643;0.92910194;0.096827194;-0.018103695;-0.14475855;-2.1616725e-06;0.5579015;0.14008479;-0.117204696;0.88943356;0.025158184;-0.07464613;-0.15816183;2.7941114e-05;-3.2186654e-07;-3.0724914e-06;-0.6070119;-0.015968034;-0.004971514;0.58551514;-0.48068118;0.16084453;0.582163;0.00018047895;3.5951962e-07;-0.29260996;-0.08840154;-0.038934156;0.42023185;-0.704075;0.2030421;0.21744588;-0.9958628;-0.46151796;0.17909665;0.5439899;0.050140344;-0.726047;-0.004594334;-0.12380994;-0.31979072;0.22554162;-0.66258204;-0.22949956;-0.22627695;-0.91476005;-0.5424665;-0.3656092;-0.2228468;-0.7377151;-0.57960033;-0.7222505;-0.9959038;-0.64872926;0.06127644;0.39548877;-0.3154509;0.2698968;-0.3887446;-0.066682994;-0.6936424;0.907437;-0.8003671;-0.3210175;-0.88454825;-0.5659135;-0.9123937;-0.26446807;-0.95251423;0.23249102;-0.68620133;-0.16993462
-0.052452262;0.012626176;-0.0071411612;5.3805532e-05;2.069748e-06;0.0008995716;-0.0004182152;-1.7227205e-07;-4.181071e-06;-0.2768526;0.083456665;-0.014783505;-0.28186458;0.08019263;0.016450137;-0.00013095047;0.00021872259;8.14267e-06;1.4447274e-05;0.010152572;-1.7238497e-05;0.49087685;0.09735424;-0.06957756;0.9286582;0.08335527;-0.02123056;-0.14939941;-5.2490504e-06;0.56305975;0.1422399;-0.1184394;0.8883817;0.022480195;-0.07804802;-0.15987866;2.6058451e-05;-1.4546386e-06;3.0340743e-08;-0.6047879;-0.024413679;-0.020763386;0.5973247;-0.4750351;0.17043807;0.58363724;0.00017517165;4.1692692e-06;-0.29308742;-0.09450995;-0.04717889;0.40046978;-0.71556425;0.19237031;0.24583308;-0.9960273;-0.48426378;0.18061595;0.5493326;0.038267836;-0.73282087;-0.013757458;-0.124736585;-0.3153039;0.22588946;-0.6727055;-0.22757347;-0.22070938;-0.91340595;-0.54662025;-0.3677392;-0.20709029;-0.7267246;-0.5810416;-0.7330461;-0.99602574;-0.6415377;0.06929323;0.40146813;-0.33605954;0.26076975;-0.4133097;-0.081563205;-0.71918166;0.91532797;-0.81681;-0.3344134;-0.8967109;-0.57010025;-0.920757;-0.26460922;-0.95588493;0.23887494;-0.69189656;-0.16483319
-0.052042965;0.012932742;-0.0068670735;3.956724e-05;-2.7100323e-06;0.0012332476;-0.00038209168;-2.493714e-07;-2.3944594e-06;-0.28944618;0.08891238;-0.02047198;-0.29488066;0.08578056;0.012113548;-0.00015276512;0.00022766262;1.3265235e-05;1.8796734e-05;0.008715728;-2.0056512e-05;0.4938816;0.09686978;-0.06958955;0.9276197;0.06894465;-0.024429278;-0.15253407;-8.699091e-06;0.5680655;0.14489456;-0.12023473;0.88705385;0.017034031;-0.08190333;-0.16179101;2.5695681e-05;-2.7178976e-06;3.5742996e-06;-0.60351753;-0.035483517;-0.038336482;0.60734165;-0.4666667;0.18484348;0.58368224;0.00017468161;8.512288e-06;-0.2920778;-0.10133871;-0.056959074;0.38499865;-0.7257058;0.18179207;0.27427557;-0.9961799;-0.5040544;0.18363433;0.5569358;0.023034532;-0.7289442;-0.026299171;-0.12247799;-0.31028366;0.25206912;-0.68445504;-0.2205515;-0.21381137;-0.91802096;-0.552188;-0.36703518;-0.18821296;-0.7207181;-0.585349;-0.74503714;-0.9961897;-0.6322499;0.07356944;0.40663132;-0.35978526;0.2542023;-0.44378304;-0.10188687;-0.74649614;0.9245186;-0.8347015;-0.34150156;-0.9068486;-0.5766427;-0.927926;-0.26431713;-0.95841646;0.24817057;-0.69643086;-0.16011572
-0.05176454;0.013382799;-0.0067284233;2.5785179e-05;-7.60876e-06;0.0015987424;-0.00035148536;-3.374106e-07;-5.447073e-07;-0.30132863;0.09382391;-0.024337964;-0.3070613;0.0907044;0.009827699;-0.0001761019;0.00023936696;1.8432154e-05;2.3330856e-05;0.0073296526;-2.2883432e-05;0.49677634;0.09522275;-0.068889745;0.9261382;0.054364096;-0.02790862;-0.15350462;-1.2147953e-05;0.5724475;0.14772433;-0.122434475;0.88557863;0.010058193;-0.08612076;-0.16390735;2.6172005e-05;-3.967165e-06;7.21011e-06;-0.60302424;-0.048402593;-0.05621939;0.61536306;-0.4551514;0.20294431;0.5830046;0.00017696667;1.2913428e-05;-0.28948694;-0.1086779;-0.068087764;0.37615347;-0.73355514;0.17273442;0.30074182;-0.9963202;-0.5206942;0.18553334;0.565865;0.005169841;-0.7166217;-0.042236775;-0.115620665;-0.30466753;0.29408023;-0.6969869;-0.20475334;-0.2058383;-0.92649746;-0.5583274;-0.36110765;-0.16704264;-0.7197226;-0.5924647;-0.7561677;-0.9963707;-0.62114805;0.07233593;0.40999115;-0.38506562;0.24827671;-0.47655302;-0.12669712;-0.77293813;0.9344114;-0.8509136;-0.33774754;-0.9148648;-0.58866364;-0.93343705;-0.2615894;-0.96013725;0.2594658;-0.69925755;-0.15460615
-0.05161977;0.013916581;-0.0066760713;1.4171004e-05;-1.2199685e-05;0.0019963563;-0.00031113127;-4.3525188e-07;1.1914526e-06;-0.3103937;0.0981088;-0.023174506;-0.31624988;0.094621375;0.012890412;-0.00019886815;0.0002493636;2.3114379e-05;2.7779897e-05;0.006249837;-2.5415022e-05;0.49878642;0.09238958;-0.06749633;0.9243826;0.040394675;-0.03158416;-0.15210606;-1.52345165e-05;0.57581884;0.15041034;-0.124851026;0.8841685;0.0029432033;-0.09056879;-0.16618048;2.631958e-05;-5.055488e-06;1.0605727e-05;-0.60326004;-0.062169865;-0.07299324;0.6216843;-0.4403315;0.22331129;0.58238506;0.00017808366;1.6872946e-05;-0.28611535;-0.11607925;-0.07978368;0.37512147;-0.73782;0.16598314;0.32216066;-0.9964521;-0.53563625;0.18432392;0.57486004;-0.014756854;-0.69776434;-0.061561503;-0.10346334;-0.29892525;0.34172067;-0.7091519;-0.17851664;-0.19809884;-0.936493;-0.56416386;-0.34852862;-0.14626974;-0.72351307;-0.60184455;-0.76467943;-0.9965437;-0.60903555;0.06481359;0.41035536;-0.41021058;0.24131562;-0.50784093;-0.15470687;-0.7959164;0.94411564;-0.86290556;-0.3204262;-0.92049336;-0.6061926;-0.9368056;-0.25500107;-0.9608556;0.27155182;-0.6993166;-0.14824696
-0.051600844;0.0144923935;-0.006641964;5.7928264e-06;-1.6214442e-05;0.002425752;-0.00024677513;-5.425785e-07;2.7170463e-06;-0.31568524;0.10161403;-0.014998268;-0.32151258;0.09723922;0.023290897;-0.00021937341;0.00025345292;2.6961032e-05;3.2040727e-05;0.0054436233;-2.743164e-05;0.49943966;0.088327736;-0.06556214;0.9226348;0.02797873;-0.035048246;-0.14849073;-1.7719183e-05;0.5780831;0.15274918;-0.12738304;0.8831521;-0.0030411424;-0.09519773;-0.16857651;2.5076377e-05;-5.885544e-06;1.3545345e-05;-0.6049981;-0.07548996;-0.08769782;0.62743187;-0.42298934;0.24470052;0.58223253;0.00017429581;2.0032137e-05;-0.28308818;-0.1226512;-0.090888634;0.38129216;-0.73740965;0.16165562;0.3354516;-0.9965931;-0.55138946;0.17924874;0.58276767;-0.0369029;-0.67414033;-0.085836664;-0.087643646;-0.29434305;0.3879583;-0.72028685;-0.14352475;-0.19292773;-0.9464939;-0.5698082;-0.33001098;-0.12971993;-0.7319378;-0.6129649;-0.7697665;-0.9967057;-0.596937;0.051143892;0.4068864;-0.43405512;0.23394665;-0.53461224;-0.1843631;-0.81400484;0.95314777;-0.86941195;-0.28987873;-0.9237464;-0.62755555;-0.93781334;-0.24415125;-0.9604406;0.28234282;-0.69584686;-0.14156802
-0.05170514;0.01511578;-0.0065755984;5.8009755e-07;-1.9618921e-05;0.0028933138;-0.0001500111;-6.594628e-07;4.052039e-06;-0.31759933;0.103843644;0.00082489266;-0.32331878;0.09807388;0.041451275;-0.00023787023;0.00025072592;2.9922638e-05;3.6245467e-05;0.0046068695;-2.9024806e-05;0.49854565;0.082977876;-0.0633235;0.9214068;0.01833408;-0.037490617;-0.14301595;-1.9557643e-05;0.5794342;0.15476553;-0.13011795;0.8830671;-0.0069896462;-0.1002298;-0.17123815;2.2031783e-05;-6.4442065e-06;1.5990227e-05;-0.61047536;-0.08687045;-0.09973701;0.63493174;-0.40561733;0.266497;0.5831215;0.00016434648;2.2295746e-05;-0.28108937;-0.12727265;-0.10048999;0.39202824;-0.73141414;0.16037725;0.33872184;-0.99678963;-0.5708671;0.17075226;0.5889493;-0.06198874;-0.64946085;-0.11958212;-0.073468596;-0.29280213;0.42728823;-0.7306683;-0.10478149;-0.19288678;-0.9557636;-0.5766293;-0.30892858;-0.12082252;-0.7445939;-0.62553996;-0.7718728;-0.9968934;-0.585372;0.031918615;0.39984265;-0.45544198;0.22920528;-0.554274;-0.21413355;-0.8268788;0.9614362;-0.8702978;-0.2503287;-0.9249456;-0.6510384;-0.9364805;-0.22993483;-0.95898503;0.28892112;-0.68898946;-0.13549802
-0.051963903;0.015804913;-0.0065066754;-3.0662632e-06;-2.267037e-05;0.0034127934;-2.0801905e-05;-7.8300184e-07;5.325608e-06;-0.31665123;0.104155965;0.023264373;-0.3222941;0.09659347;0.065877095;-0.00025671851;0.00024472122;3.2358337e-05;4.062492e-05;0.003406414;-3.0565003e-05;0.49635854;0.07661349;-0.060996074;0.92117476;0.012672774;-0.037950605;-0.13640302;-2.0980326e-05;0.58020574;0.1565502;-0.1331993;0.88450885;-0.009280744;-0.10578089;-0.17442648;1.7767969e-05;-6.832932e-06;1.8120656e-05;-0.6220486;-0.09533014;-0.1088452;0.6465088;-0.39269328;0.2885031;0.5863;0.00015058545;2.3937377e-05;-0.280545;-0.12933591;-0.10854206;0.4033763;-0.7189211;0.1637536;0.33169806;-0.99709177;-0.59544414;0.15975557;0.5929977;-0.08993831;-0.6300478;-0.1680968;-0.06854485;-0.2951527;0.45332295;-0.74153316;-0.07006867;-0.19927137;-0.96370524;-0.5872058;-0.29092997;-0.12085797;-0.7600942;-0.6395385;-0.7726167;-0.9971543;-0.57372;0.008504827;0.39108172;-0.47220862;0.2314528;-0.5647672;-0.24214838;-0.83476317;0.9687624;-0.866414;-0.20862655;-0.9243511;-0.6756328;-0.9327543;-0.21404043;-0.95666724;0.28648227;-0.67937094;-0.13107114
-0.052427903;0.016479623;-0.006569239;-6.5657077e-06;-2.5440822e-05;0.0039628157;0.00012684695;-9.012588e-07;6.5388012e-06;-0.31178728;0.10267386;0.048870143;-0.31750372;0.0930333;0.09287257;-0.0002766341;0.00024052939;3.4519966e-05;4.4954737e-05;0.0020217195;-3.2027398e-05;0.49375716;0.07046968;-0.058637727;0.9216464;0.0107591925;-0.036676552;-0.13007514;-2.2203734e-05;0.5802107;0.15758815;-0.1361415;0.8871674;-0.01220489;-0.11054011;-0.17781138;1.3947312e-05;-7.1491886e-06;1.9989195e-05;-0.63676256;-0.10164844;-0.11504706;0.6591079;-0.38709494;0.30922854;0.59055746;0.00013811211;2.5225425e-05;-0.28396985;-0.12900329;-0.11512176;0.4135981;-0.6999016;0.16988215;0.31408554;-0.9974514;-0.6214174;0.14695227;0.59321237;-0.118191294;-0.6193092;-0.22887538;-0.07609765;-0.29916355;0.4611126;-0.7544316;-0.04903949;-0.20983307;-0.9695046;-0.60421985;-0.28269762;-0.12744956;-0.7756888;-0.6547445;-0.7742472;-0.99743843;-0.5592127;-0.015911812;0.38212723;-0.48229885;0.2461059;-0.56731623;-0.26435462;-0.8382118;0.9744196;-0.8596806;-0.16762155;-0.92166936;-0.70114875;-0.9260603;-0.19565453;-0.9532573;0.26673973;-0.66595215;-0.12603344
-0.053036246;0.016993443;-0.006799566;-8.419505e-06;-2.728842e-05;0.004464238;0.00026591338;-1.0031042e-06;7.385286e-06;-0.30276158;0.10034457;0.072953485;-0.30867714;0.088601984;0.11797443;-0.00029350302;0.00023919673;3.57987e-05;4.833575e-05;0.0009455603;-3.270933e-05;0.49129185;0.06576689;-0.056048606;0.92191225;0.009701221;-0.03527651;-0.12519054;-2.2914566e-05;0.5783711;0.15710878;-0.1379698;0.8894336;-0.016850213;-0.112574056;-0.1802886;1.1977845e-05;-7.2701805e-06;2.1138374e-05;-0.646635;-0.10844086;-0.11825923;0.6656471;-0.38591358;0.32696953;0.5914296;0.00013033001;2.5788497e-05;-0.29523268;-0.12594587;-0.118875936;0.42446786;-0.67611825;0.17117578;0.28523818;-0.9977663;-0.6421183;0.13435817;0.58769315;-0.1446677;-0.6146786;-0.29160902;-0.0930815;-0.30388397;0.45661423;-0.7701684;-0.04759196;-0.2209279;-0.97321856;-0.62758064;-0.28832734;-0.13710007;-0.7903405;-0.67079806;-0.7787932;-0.99763393;-0.5384574;-0.038370237;0.37191436;-0.48782638;0.27601686;-0.5666796;-0.27764204;-0.83849597;0.9781395;-0.8525283;-0.124075025;-0.91684103;-0.72612405;-0.91599977;-0.17148347;-0.9484793;0.22655223;-0.64738005;-0.114973105
-0.0536913;0.01724053;-0.0071084183;-4.875008e-06;-2.7268223e-05;0.0048407977;0.0003803191;-1.0887e-06;7.4781783e-06;-0.29081735;0.09739541;0.090695746;-0.29683617;0.08403626;0.1364872;-0.0003024302;0.00023686644;3.5070698e-05;5.0129514e-05;0.00048390022;-3.19651e-05;0.48850098;0.06254905;-0.05291946;0.92069834;0.0068784645;-0.034572314;-0.12215865;-2.2395121e-05;0.5737425;0.15506817;-0.13849667;0.8897778;-0.021790957;-0.11202525;-0.18122777;1.13288115e-05;-6.912167e-06;2.089917e-05;-0.6467567;-0.119289465;-0.12003078;0.665602;-0.38487354;0.34274653;0.58843285;0.00012547323;2.4774403e-05;-0.31429914;-0.11950897;-0.11954199;0.43755224;-0.6488275;0.16665816;0.2451819;-0.99800295;-0.6556557;0.12649213;0.5772134;-0.1683654;-0.61287004;-0.34838393;-0.114273995;-0.3120394;0.45473924;-0.78760254;-0.062942356;-0.23187688;-0.97566426;-0.6538668;-0.30541274;-0.14818549;-0.80476004;-0.6864319;-0.7861915;-0.9977202;-0.51028365;-0.057642918;0.36032346;-0.4927244;0.3140165;-0.56532705;-0.28486624;-0.8372485;0.9803976;-0.8469424;-0.07697213;-0.91068196;-0.7468424;-0.9033345;-0.14340541;-0.9428346;0.17606893;-0.62631446;-0.09747126
-0.054304566;0.017155368;-0.0074911276;8.335803e-06;-2.4448149e-05;0.0050396947;0.00046584927;-1.1587233e-06;6.475966e-06;-0.27723277;0.09269814;0.097276725;-0.28300458;0.07865869;0.14360976;-0.0003019138;0.00023172263;3.113516e-05;5.0225295e-05;0.00097454287;-2.9574614e-05;0.48456138;0.06031435;-0.04905737;0.91652393;0.0021995045;-0.03438188;-0.12101332;-1.9803076e-05;0.5657698;0.15191539;-0.13802868;0.8867231;-0.026586024;-0.1103369;-0.18082932;1.0999771e-05;-5.7683137e-06;1.8614752e-05;-0.63516706;-0.1377502;-0.12282004;0.66276443;-0.38342807;0.35984775;0.58323747;0.000121922625;2.1204149e-05;-0.33642328;-0.11002815;-0.11759797;0.45413563;-0.6177565;0.1626239;0.1930557;-0.9981636;-0.6628614;0.12668282;0.5624536;-0.18816106;-0.6143893;-0.39727682;-0.13659056;-0.32491776;0.463795;-0.8048314;-0.088248976;-0.24326766;-0.9774674;-0.6803176;-0.32747537;-0.16089621;-0.8191819;-0.7010712;-0.79404783;-0.9977157;-0.47468573;-0.0726809;0.349929;-0.5007899;0.34838918;-0.5630627;-0.2894096;-0.83618397;0.98162407;-0.8448976;-0.029801413;-0.9044415;-0.7608916;-0.8899368;-0.117683664;-0.9371766;0.12926114;-0.6075482;-0.07675064
-0.054761708;0.016728548;-0.008031559;3.42828e-05;-1.8060702e-05;0.0050553572;0.0005302359;-1.2120112e-06;4.132613e-06;-0.2628085;0.08446817;0.09028155;-0.2678532;0.070836335;0.13701509;-0.00029533633;0.000225259;2.2975786e-05;4.8980524e-05;0.002152685;-2.5708148e-05;0.4789006;0.058539595;-0.04445992;0.908199;-0.0037351353;-0.034743235;-0.12118162;-1.441926e-05;0.5541081;0.14799322;-0.13674101;0.8786151;-0.032180395;-0.10827762;-0.17927116;1.0442036e-05;-3.5925623e-06;1.37556635e-05;-0.6117153;-0.16420186;-0.12606816;0.6601194;-0.38616973;0.38094404;0.57537436;0.000119483666;1.4270598e-05;-0.35618287;-0.0983702;-0.112429105;0.47530925;-0.5836829;0.1639948;0.12853073;-0.99825525;-0.66204584;0.13609383;0.5428073;-0.20444429;-0.62081337;-0.4391238;-0.1617876;-0.3423414;0.48452717;-0.82065743;-0.118624374;-0.25476226;-0.9792501;-0.7053662;-0.34903485;-0.1770581;-0.8341297;-0.7149799;-0.80012804;-0.9976228;-0.43160707;-0.08255225;0.34341657;-0.5143852;0.37406325;-0.5586116;-0.29184946;-0.83690894;0.9820913;-0.8477031;0.010405254;-0.8995079;-0.7683152;-0.8781664;-0.100100584;-0.93219656;0.09423323;-0.5953505;-0.055804774
-0.055044156;0.016041499;-0.008724202;7.517834e-05;-7.44313e-06;0.004938196;0.0005888753;-1.2519258e-06;2.3061148e-07;-0.24653023;0.071630046;0.07353472;-0.2503878;0.05916983;0.12066129;-0.00028912118;0.00021977222;9.702111e-06;4.7114605e-05;0.0025955376;-2.0615662e-05;0.47101322;0.056430217;-0.03937771;0.8950339;-0.010694783;-0.036686078;-0.12112199;-5.639464e-06;0.53855;0.1433251;-0.13474697;0.8642058;-0.03866493;-0.106202446;-0.17639135;9.563912e-06;-1.6493868e-07;5.8734877e-06;-0.57868636;-0.19423495;-0.12598976;0.6588505;-0.39900315;0.40606168;0.56241405;0.00011808468;3.3026154e-06;-0.3696269;-0.085593075;-0.104408264;0.50042206;-0.5507902;0.1737966;0.05458203;-0.9982735;-0.6494749;0.15549722;0.5183309;-0.21869004;-0.6289778;-0.47509766;-0.19365317;-0.36407655;0.51834416;-0.8340304;-0.15015814;-0.26396912;-0.98160785;-0.72614163;-0.3654847;-0.1980301;-0.85046476;-0.72709984;-0.8029045;-0.99743515;-0.38286152;-0.087035775;0.34118026;-0.53069514;0.39347714;-0.5513835;-0.29374665;-0.839759;0.9820748;-0.8543357;0.036223877;-0.8965567;-0.7706589;-0.86949813;-0.093098804;-0.92808574;0.072337106;-0.591821;-0.037331566
-0.055258453;0.015241528;-0.0095436815;0.00013334479;7.919793e-06;0.0047687413;0.0006489205;-1.2968544e-06;-5.4219636e-06;-0.22645804;0.05388374;0.052586228;-0.22867201;0.04303014;0.099943385;-0.00029031534;0.0002206414;-9.39428e-06;4.5575656e-05;0.00083981437;-1.4644953e-05;0.460491;0.052637413;-0.034088075;0.8769968;-0.01780072;-0.040836837;-0.11857768;7.0470705e-06;0.5188274;0.13782114;-0.13254333;0.843278;-0.0432308;-0.10489073;-0.17207837;9.531672e-06;4.720663e-06;-5.3852273e-06;-0.5397832;-0.2220293;-0.118711285;0.65905553;-0.42198184;0.43283728;0.5431107;0.00012077537;-1.2284261e-05;-0.3734861;-0.073706776;-0.09658883;0.52548355;-0.5245343;0.19465841;-0.024165967;-0.99819726;-0.6235172;0.18375179;0.48866326;-0.230009;-0.63510376;-0.5066311;-0.23358607;-0.38736057;0.5627181;-0.8441697;-0.1790284;-0.26788127;-0.9844864;-0.74021035;-0.37317777;-0.22154097;-0.8679926;-0.7348493;-0.80085343;-0.9971296;-0.3309856;-0.08660683;0.34078443;-0.54373753;0.41109025;-0.54211205;-0.2964896;-0.8438796;0.982022;-0.86261797;0.044644408;-0.89512235;-0.7723683;-0.8637486;-0.09576636;-0.9243935;0.057574805;-0.59454685;-0.022376237
-0.055526044;0.014382288;-0.010471923;0.00021195569;2.8545648e-05;0.0046161064;0.0007114555;-1.3733294e-06;-1.3052064e-05;-0.20189814;0.03131138;0.031511977;-0.20194851;0.0223324;0.078754656;-0.00030384367;0.00023306638;-3.499107e-05;4.523743e-05;-0.003980265;-8.132854e-06;0.44684008;0.045889847;-0.028862821;0.8545783;-0.02456311;-0.0471456;-0.11200285;2.4177876e-05;0.49406198;0.13122623;-0.13068508;0.8163034;-0.04063432;-0.10512895;-0.16609044;1.1702115e-05;1.1291959e-05;-2.0395266e-05;-0.4975318;-0.24285401;-0.10217876;0.66002893;-0.4494106;0.457909;0.5191101;0.00013122601;-3.3153075e-05;-0.36603674;-0.06457596;-0.0916791;0.5453487;-0.50796676;0.22608033;-0.103910305;-0.99798477;-0.5852329;0.21743035;0.45220375;-0.23577818;-0.63854975;-0.53530324;-0.280138;-0.40845075;0.6094484;-0.8504241;-0.20283166;-0.26607555;-0.9873358;-0.7466339;-0.37088507;-0.24233289;-0.8850708;-0.7350289;-0.7928775;-0.9966337;-0.2745271;-0.08128903;0.33801836;-0.54871184;0.42885455;-0.5312212;-0.29944432;-0.8480119;0.9822662;-0.87034583;0.037709013;-0.8936981;-0.77821255;-0.8588848;-0.10697047;-0.9199771;0.03967332;-0.59694767;-0.009670629
-0.055822648;0.013427102;-0.011406624;0.00031231804;5.4536184e-05;0.0045154695;0.0007775994;-1.493896e-06;-2.2745982e-05;-0.17456804;0.0042156097;0.01396785;-0.17183687;-0.002826575;0.06066725;-0.00033075697;0.00025758822;-6.7188026e-05;4.6272573e-05;-0.012638164;-1.3095778e-06;0.42982727;0.035636354;-0.024082959;0.8285389;-0.032320064;-0.055937793;-0.10169329;4.588213e-05;0.46351957;0.123697884;-0.12941742;0.7835669;-0.02704728;-0.10777334;-0.15817156;1.617451e-05;1.9605191e-05;-3.9244143e-05;-0.45239696;-0.25414178;-0.07608106;0.66168386;-0.4771192;0.47804007;0.4931991;0.00014940834;-5.9466096e-05;-0.3485169;-0.058484253;-0.08908569;0.55739105;-0.50190824;0.2641133;-0.18293756;-0.99757004;-0.5363586;0.2537761;0.40766457;-0.23433062;-0.63972217;-0.56184477;-0.32935807;-0.42531192;0.6516375;-0.8522195;-0.22120214;-0.26125416;-0.9897072;-0.74551517;-0.3598834;-0.2563494;-0.89996314;-0.725073;-0.7787601;-0.9958134;-0.21052247;-0.06887958;0.32957911;-0.5449345;0.44572183;-0.51944005;-0.30223885;-0.85126096;0.98278093;-0.87553704;0.019501682;-0.8905811;-0.7895921;-0.8519078;-0.12678066;-0.91354126;0.010901763;-0.5922903;0.0028961997
-0.05598782;0.012371363;-0.012221802;0.0004332389;8.564518e-05;0.0044722697;0.00084469194;-1.6556139e-06;-3.4438475e-05;-0.14725524;-0.026782246;0.003340375;-0.14114356;-0.032012273;0.04900104;-0.00036867315;0.00029089022;-0.000105644634;4.8194182e-05;-0.026064537;5.8153055e-06;0.40955922;0.02176916;-0.020037416;0.7995921;-0.04272327;-0.0675271;-0.088529125;7.193182e-05;0.42674387;0.11593374;-0.12876736;0.74376863;-0.0017167014;-0.11364161;-0.14834574;2.2242932e-05;2.95412e-05;-6.176351e-05;-0.40337667;-0.25594714;-0.041096043;0.66458213;-0.5046579;0.49005044;0.46755525;0.00017223951;-9.088972e-05;-0.32330856;-0.054720968;-0.086481534;0.5607218;-0.504885;0.30488795;-0.26079205;-0.99683493;-0.47672197;0.2916883;0.3541944;-0.22475481;-0.6383172;-0.58521646;-0.3767619;-0.43595508;0.6873683;-0.848803;-0.23538072;-0.25591478;-0.991435;-0.73728955;-0.34239107;-0.26143095;-0.91170436;-0.70255166;-0.7589583;-0.9944252;-0.13639025;-0.046452872;0.31335533;-0.5347734;0.46013266;-0.5077573;-0.3047915;-0.85299754;0.98333216;-0.8765312;-0.006688763;-0.88453877;-0.80504954;-0.8399064;-0.15483491;-0.9038775;-0.03299648;-0.57662785;0.01653412
-0.05589085;0.011264563;-0.0128785325;0.0005700449;0.000120814075;0.0044823387;0.00090843136;-1.85364e-06;-4.7728303e-05;-0.122380465;-0.05983533;0.0012650277;-0.11251995;-0.063518114;0.04553184;-0.00041361977;0.00032789673;-0.0001491352;5.063186e-05;-0.044128526;1.3286852e-05;0.38645908;0.00478369;-0.01668577;0.7683027;-0.0560547;-0.08080188;-0.07326046;0.00010146799;0.38375774;0.10864037;-0.12860452;0.6939737;0.032767378;-0.12245832;-0.13729358;2.9073075e-05;4.074019e-05;-8.719051e-05;-0.35016593;-0.25081655;0.0002540527;0.66863686;-0.5329148;0.49249274;0.443717;0.00019562179;-0.00012632657;-0.2917164;-0.05297257;-0.0823882;0.55471706;-0.51359063;0.34593138;-0.33505854;-0.99560016;-0.4060658;0.3299246;0.29233932;-0.20752072;-0.63397896;-0.60349536;-0.4188671;-0.43797114;0.71802694;-0.8394795;-0.24645014;-0.24900617;-0.9926286;-0.72256035;-0.32080933;-0.25716624;-0.920491;-0.66633105;-0.73484504;-0.9920761;-0.04825569;-0.0143946875;0.28875145;-0.52191633;0.47288215;-0.49692383;-0.30744454;-0.8537722;0.98384595;-0.87326473;-0.039216127;-0.8755625;-0.8238016;-0.8214438;-0.1893416;-0.8902764;-0.094187655;-0.5505397;0.030771509
-0.05552159;0.010176317;-0.013395841;0.0007122627;0.00015734567;0.0045416784;0.0009685483;-2.0836221e-06;-6.158007e-05;-0.1012543;-0.090943135;0.0059481096;-0.08757388;-0.0934936;0.048926152;-0.00046083992;0.00036261036;-0.00019452845;5.3494005e-05;-0.06424842;2.082824e-05;0.36130977;-0.0135411015;-0.0136987055;0.7346362;-0.07064622;-0.09254402;-0.057357572;0.00013235884;0.33641672;0.102427;-0.12855959;0.63180834;0.06966808;-0.13176046;-0.1265727;3.5666526e-05;5.2400035e-05;-0.000113574955;-0.2959058;-0.24275717;0.042103324;0.672907;-0.5627618;0.48807064;0.42221612;0.00021519099;-0.00016322703;-0.25364527;-0.05418361;-0.07645063;0.53907067;-0.5240424;0.38465863;-0.40051213;-0.99367034;-0.32884502;0.36557916;0.22608815;-0.18566991;-0.62724197;-0.6148207;-0.45228732;-0.42950717;0.7434123;-0.82391566;-0.25391155;-0.23517157;-0.9934943;-0.7010363;-0.29705825;-0.24570222;-0.9274164;-0.6193132;-0.7083055;-0.98822147;0.057134684;0.022345236;0.25942037;-0.5095284;0.4858529;-0.48694995;-0.31011605;-0.85526466;0.98437697;-0.8680185;-0.07604911;-0.86483973;-0.84609884;-0.7973659;-0.22672142;-0.872953;-0.16968387;-0.5197104;0.04443403
-0.05492843;0.009185567;-0.01375677;0.0008478131;0.0001919647;0.0046462445;0.0010304463;-2.3396415e-06;-7.4741874e-05;-0.08361823;-0.11565655;0.013332329;-0.06635086;-0.11757534;0.05573181;-0.0005056363;0.00038978146;-0.00023797553;5.6554367e-05;-0.082982615;2.7881495e-05;0.33481735;-0.030913861;-0.010724622;0.69836247;-0.08360596;-0.099417135;-0.042492475;0.00016202357;0.28816056;0.09802273;-0.12818725;0.5567426;0.10110098;-0.13796516;-0.117731586;4.096473e-05;6.35697e-05;-0.0001385485;-0.24681473;-0.23498726;0.07725052;0.6774593;-0.5941575;0.48293436;0.4036393;0.00022727123;-0.0001985834;-0.20891847;-0.060102113;-0.06854902;0.51338214;-0.53220433;0.4182151;-0.45280784;-0.99088085;-0.2545321;0.39577237;0.1609647;-0.1639197;-0.6190917;-0.6190475;-0.474964;-0.4092271;0.7607534;-0.80241066;-0.25775558;-0.2082597;-0.9941485;-0.6717724;-0.27238858;-0.2308943;-0.93349135;-0.56915236;-0.6809853;-0.9821295;0.17727594;0.05683995;0.23084913;-0.49914095;0.4979173;-0.47697014;-0.31071138;-0.85834503;0.9848563;-0.8636785;-0.11354399;-0.85342544;-0.87054676;-0.7697715;-0.26297295;-0.85230505;-0.25081584;-0.49179313;0.05640952
-0.054149408;0.008389062;-0.013927266;0.000970431;0.00022284634;0.004785905;0.0011029781;-2.613534e-06;-8.651497e-05;-0.06798095;-0.13186601;0.02035461;-0.04771786;-0.13356058;0.063367456;-0.0005447713;0.00040666608;-0.00027730982;5.9418126e-05;-0.09886894;3.407321e-05;0.30715755;-0.046222914;-0.007520106;0.66024226;-0.09320311;-0.10047868;-0.02916145;0.00018903113;0.24177195;0.096099064;-0.12729982;0.4691437;0.12320103;-0.13905974;-0.11125137;4.4252156e-05;7.372553e-05;-0.0001607935;-0.20823881;-0.2285468;0.10137323;0.6840461;-0.62588215;0.4814902;0.39021575;0.00023007856;-0.00023080088;-0.15789948;-0.07229203;-0.05826929;0.47693753;-0.5349263;0.44534796;-0.49224097;-0.98703796;-0.19290869;0.42056262;0.10020293;-0.14674748;-0.6103941;-0.6187424;-0.4883189;-0.37616283;0.7680183;-0.77571774;-0.26046264;-0.16570993;-0.99459803;-0.6351299;-0.24789411;-0.21563697;-0.9389237;-0.52451426;-0.6540772;-0.97270477;0.3030505;0.08339687;0.20490433;-0.4910038;0.5047438;-0.46584082;-0.3061557;-0.86213756;0.98505545;-0.86124146;-0.14898191;-0.8410539;-0.8938394;-0.74021864;-0.2965434;-0.82752;-0.32926685;-0.47163787;0.06502599
-0.053243574;0.007880721;-0.013936554;0.0010792895;0.0002495916;0.0049445443;0.0011966166;-2.894254e-06;-9.673951e-05;-0.052535836;-0.13994157;0.026003035;-0.030148072;-0.14160019;0.07107342;-0.00057620055;0.00041108482;-0.00031205753;6.184062e-05;-0.11239145;3.939116e-05;0.27850214;-0.0596441;-0.003963289;0.6227084;-0.09995269;-0.09726959;-0.017301362;0.0002130675;0.19878204;0.09681352;-0.12605914;0.3714108;0.13659596;-0.13575545;-0.10698762;4.4863613e-05;8.2768434e-05;-0.00018002711;-0.18139778;-0.22358023;0.11438864;0.69374603;-0.6565195;0.48266485;0.384342;0.00022227116;-0.00025961763;-0.101598956;-0.091190286;-0.045627367;0.43077073;-0.53118837;0.46699396;-0.5229755;-0.98186964;-0.15049389;0.4417895;0.045107774;-0.13642797;-0.60281295;-0.61719835;-0.4964035;-0.33163825;0.7656061;-0.74465513;-0.26443955;-0.11010822;-0.9948479;-0.5935213;-0.22492184;-0.20111562;-0.9434665;-0.4907951;-0.62833273;-0.9584438;0.42312807;0.09867263;0.18065944;-0.4849505;0.5035936;-0.45313373;-0.29510394;-0.86529475;0.98476136;-0.8601524;-0.18335696;-0.82649124;-0.9133715;-0.7099817;-0.32870463;-0.7967168;-0.40163463;-0.46110335;0.06793522
-0.052297805;0.007722057;-0.013908107;0.0011744967;0.0002720651;0.005109576;0.0013199839;-3.1689715e-06;-0.000105352796;-0.036042847;-0.14140578;0.03015598;-0.0124339815;-0.14296463;0.07861713;-0.00059814093;0.00039958948;-0.00034208372;6.375166e-05;-0.12438793;4.400453e-05;0.24964158;-0.07159671;-3.9007515e-05;0.5891434;-0.10557473;-0.0927223;-0.0075570727;0.000234004;0.16037364;0.099694796;-0.12481762;0.27055573;0.14351217;-0.13064548;-0.1050255;4.1849133e-05;9.067929e-05;-0.00019615775;-0.16347165;-0.22074787;0.119441606;0.7050189;-0.68493897;0.4816755;0.38608643;0.00020153304;-0.000284958;-0.042517982;-0.11542667;-0.03154743;0.37984797;-0.5221049;0.485102;-0.55022365;-0.97516745;-0.12987101;0.4599267;-0.002734818;-0.131408;-0.59987295;-0.6159514;-0.50368226;-0.28079826;0.7551368;-0.7099121;-0.26922685;-0.048382428;-0.9949527;-0.5507678;-0.20564777;-0.18774098;-0.94692916;-0.46900412;-0.6037901;-0.93801224;0.52775323;0.10165966;0.15768151;-0.4809859;0.496602;-0.44001406;-0.2788563;-0.86695814;0.9838856;-0.85988957;-0.22038713;-0.80831426;-0.92842615;-0.6812473;-0.3610324;-0.7583449;-0.46852967;-0.46094894;0.06325197
-0.051380534;0.007933874;-0.0139977485;0.0012555775;0.00029009962;0.005272748;0.0014725482;-3.4243099e-06;-0.00011226812;-0.01824734;-0.13829815;0.033880867;0.0058416743;-0.13958777;0.086529136;-0.00060945656;0.0003698304;-0.00036718402;6.504067e-05;-0.13534306;4.808769e-05;0.22174516;-0.08212073;0.004199055;0.5619236;-0.11151989;-0.08978692;-0.00097387243;0.00025164065;0.12767063;0.103951685;-0.1238191;0.17639764;0.1452168;-0.12627602;-0.10560571;3.4560515e-05;9.739982e-05;-0.00020906435;-0.15086305;-0.22043815;0.12142305;0.7146975;-0.7104614;0.47386038;0.39286098;0.00016645654;-0.00030659014;0.015476465;-0.1421906;-0.016753523;0.33197474;-0.5097723;0.50164366;-0.57802516;-0.96698403;-0.13144101;0.47385857;-0.041439403;-0.12827948;-0.6057724;-0.6148804;-0.5131948;-0.23010197;0.7376913;-0.67125905;-0.2721136;0.0112892045;-0.99497694;-0.5102012;-0.19273023;-0.17529519;-0.94923747;-0.45689696;-0.579766;-0.9113318;0.6107905;0.0940471;0.1362601;-0.47942042;0.4886805;-0.42830324;-0.2593702;-0.8667534;0.9823766;-0.8601549;-0.26222014;-0.78542787;-0.9393028;-0.6567778;-0.39359057;-0.7125249;-0.53080255;-0.47123554;0.05031813
-0.050517723;0.0084726;-0.014304103;0.0013229027;0.0003040689;0.0054244525;0.0016396698;-3.6466654e-06;-0.00011758854;0.0005862078;-0.13303064;0.040362194;0.02458886;-0.13410135;0.09724618;-0.0006110255;0.00032462773;-0.00038766122;6.550826e-05;-0.14555183;5.175795e-05;0.19538455;-0.09078676;0.008657772;0.5407225;-0.11872107;-0.09016646;0.0020798002;0.00026612758;0.10106372;0.10872109;-0.12298435;0.09633049;0.14172927;-0.12374593;-0.10854738;2.3596007e-05;0.00010296012;-0.00021900637;-0.14204834;-0.22127146;0.12544501;0.72000235;-0.73288906;0.45717046;0.40061304;0.00011982748;-0.00032460032;0.068242244;-0.16817588;-0.00016184524;0.29424867;-0.4963548;0.5178737;-0.60773593;-0.95755845;-0.15350161;0.48287064;-0.06986515;-0.124876685;-0.62209326;-0.6132778;-0.5254118;-0.18354511;0.71285564;-0.62634796;-0.26975974;0.06337104;-0.99493885;-0.47207868;-0.18746713;-0.1624019;-0.9502931;-0.45046753;-0.5552116;-0.87985533;0.6709526;0.08071775;0.11610939;-0.48005554;0.48277375;-0.4173708;-0.23646408;-0.8645624;0.9799869;-0.86008286;-0.30587992;-0.7576362;-0.9463273;-0.638531;-0.4242038;-0.66176236;-0.5867157;-0.49099505;0.030403174
-0.049725503;0.009195687;-0.014819196;0.0013778802;0.00031500845;0.005550028;0.0017954202;-3.8217136e-06;-0.000121650795;0.019876271;-0.12783456;0.05348376;0.04333873;-0.12920049;0.11404794;-0.0006062244;0.00027301325;-0.00040441155;6.499913e-05;-0.15529665;5.5033644e-05;0.17023546;-0.09682206;0.0131553;0.52292705;-0.12814546;-0.093979;0.0020768796;0.00027804298;0.07984026;0.113044806;-0.12197284;0.033465542;0.1333658;-0.12281385;-0.11305287;1.1005148e-05;0.000107505446;-0.0002267213;-0.13732585;-0.22021757;0.13542303;0.7192783;-0.7520903;0.43265122;0.40533724;6.951525e-05;-0.00033949685;0.11155556;-0.19018951;0.020927632;0.27056172;-0.48429644;0.533681;-0.63786733;-0.9470419;-0.18957596;0.4879755;-0.08778422;-0.12050369;-0.64592737;-0.61023915;-0.53838307;-0.14251697;0.67918456;-0.57110596;-0.25880304;0.106402345;-0.9947921;-0.4329325;-0.18796648;-0.14678589;-0.9498639;-0.4444658;-0.52909464;-0.8451102;0.7111352;0.068516985;0.096636966;-0.48027778;0.47675458;-0.40169686;-0.20719765;-0.8600545;0.97595495;-0.8576323;-0.34379584;-0.7256976;-0.94941837;-0.6261153;-0.4481093;-0.61021906;-0.6321075;-0.51744163;0.008179934
-0.049044482;0.009893686;-0.015425889;0.0014204602;0.00032368588;0.0056336075;0.0019116632;-3.9371566e-06;-0.00012467889;0.037572548;-0.12368457;0.07481477;0.060205154;-0.12623863;0.1382927;-0.000599667;0.00022679401;-0.00041790502;6.3486055e-05;-0.16466135;5.7709003e-05;0.14634532;-0.09962428;0.017319568;0.5065827;-0.14017273;-0.100223646;-0.00029382482;0.0002877074;0.06301703;0.1159673;-0.120453924;-0.010736945;0.12164618;-0.12277863;-0.1181262;-5.913389e-07;0.00011108444;-0.00023277508;-0.13717893;-0.21441709;0.15265808;0.7116069;-0.76772517;0.40327537;0.40492514;2.5431538e-05;-0.00035146246;0.14169765;-0.20583446;0.04857317;0.26043972;-0.47669443;0.54821604;-0.6653797;-0.93560964;-0.22918825;0.49198362;-0.09573831;-0.114867434;-0.6716879;-0.60519344;-0.54890615;-0.107526824;0.63562113;-0.50267357;-0.23712692;0.14207727;-0.9944567;-0.38785166;-0.18883292;-0.12660334;-0.9475611;-0.43262345;-0.50080407;-0.80732423;0.73566383;0.0629511;0.07879692;-0.47484472;0.46400097;-0.373199;-0.16842142;-0.85232365;0.9686323;-0.85009015;-0.36823234;-0.69044626;-0.9480163;-0.6160913;-0.45980176;-0.5617762;-0.66274136;-0.5457796;-0.008533892
-0.048507508;0.010391811;-0.015986618;0.0014479127;0.00032988144;0.0056713047;0.001965956;-3.988536e-06;-0.00012655016;0.050107628;-0.12002167;0.102234505;0.07192755;-0.12467834;0.16789392;-0.0005957672;0.00019638549;-0.0004275129;6.106752e-05;-0.17338462;5.926381e-05;0.12516469;-0.099282876;0.020642152;0.49290434;-0.1535451;-0.10733855;-0.0046536103;0.00029471974;0.05044268;0.11685001;-0.11837333;-0.033861276;0.108794115;-0.12324629;-0.12314079;-9.076826e-06;0.000113521724;-0.0002370456;-0.14153358;-0.2027848;0.17543678;0.6963521;-0.77945757;0.3723688;0.40035668;-4.307367e-06;-0.00035987166;0.15737574;-0.21437427;0.0826569;0.2594806;-0.47669876;0.5613206;-0.6870409;-0.92396456;-0.26314646;0.49845016;-0.09469382;-0.107690655;-0.6941966;-0.5983022;-0.5541368;-0.07853342;0.58281094;-0.4227532;-0.20589423;0.1733684;-0.99385893;-0.33360618;-0.18324175;-0.10145128;-0.9429254;-0.40941337;-0.47064662;-0.7659421;0.74724954;0.066027306;0.06573791;-0.4587698;0.43756077;-0.32679987;-0.12005944;-0.8404494;0.95503044;-0.83576363;-0.37590766;-0.6529022;-0.94107777;-0.60459924;-0.4565419;-0.51990455;-0.6764836;-0.5716308;-0.012515974
-0.048083942;0.010634219;-0.016464274;0.0014570858;0.00033283286;0.0056800977;0.0019454265;-3.982446e-06;-0.00012701437;0.054731768;-0.11591849;0.1313277;0.07608595;-0.123257786;0.19823305;-0.0005983479;0.00018924504;-0.00043218458;5.801513e-05;-0.1812707;5.903789e-05;0.10871963;-0.096464455;0.022675117;0.485236;-0.16561636;-0.1133226;-0.010997668;0.0002983868;0.04282635;0.11555678;-0.116003215;-0.032889325;0.096799985;-0.124118745;-0.12800518;-1.31694e-05;0.00011458193;-0.00023901991;-0.15007985;-0.1858192;0.20097107;0.673277;-0.7872596;0.34265518;0.39477998;-1.4624704e-05;-0.0003638282;0.16044252;-0.2169121;0.12175244;0.26188326;-0.4868393;0.57380986;-0.69988495;-0.91339624;-0.28696114;0.510153;-0.08516198;-0.09847855;-0.71028775;-0.5901675;-0.55302334;-0.055020597;0.5240563;-0.33866078;-0.1702665;0.20174734;-0.9929513;-0.27090308;-0.16640304;-0.07238846;-0.93558294;-0.37301707;-0.44041812;-0.7208846;0.74574095;0.07716622;0.06077794;-0.43040603;0.39514935;-0.26396695;-0.06636027;-0.82519007;0.9307166;-0.8160988;-0.3693608;-0.6172076;-0.92723477;-0.59254926;-0.44053763;-0.49055108;-0.6740376;-0.5940897;-0.001430663
